site,A,C,D,E,F,G,H,I,K,L,M,N,P,Q,R,S,T,V,W,Y
1,0.0114355,0.0251605,0.0264064,0.0195986,0.0552788,0.00849321,0.054221,0.106243,0.124924,0.0634375,0.0255223,0.0859604,0.0122834,0.0423851,0.0623027,0.0216934,0.033593,0.0615424,0.0755236,0.0839952
2,0.0265504,0.0654954,0.0276472,0.0442769,0.0445806,0.00383957,0.0453699,0.0394639,0.0519718,0.0568175,0.0234019,0.091963,0.0588569,0.0624676,0.0597162,0.0475467,0.0661571,0.0308264,0.0697699,0.083281
3,0.0982558,0.103254,0.0157683,0.0347297,0.0425623,0.055977,0.0333062,0.0669322,0.0526598,0.0335398,0.0573949,0.0356027,0.0353058,0.0285204,0.0173736,0.0476036,0.0367975,0.106716,0.0225812,0.0751192
4,0.046636,0.0417638,0.0173673,0.0125129,0.0900819,0.0778719,0.00781485,0.114106,0.0327438,0.0761778,0.0513328,0.0338863,0.00983759,0.0131599,0.0133141,0.0362682,0.047431,0.0397623,0.176788,0.0611432
5,0.169317,0.0819846,0.0274346,0.0498085,0.0358575,0.0804991,0.0323456,0.0366685,0.0183435,0.031179,0.0634254,0.0374367,0.0229215,0.0270217,0.0269546,0.0633903,0.0932988,0.0261454,0.0390919,0.0368752
6,0.0418671,0.0297688,0.0594071,0.0602562,0.116109,0.0650857,0.0365228,0.0755579,0.0156388,0.054496,0.0550163,0.0622925,0.0371839,0.0154057,0.00570076,0.0531249,0.0411204,0.0368111,0.0850103,0.0536246
7,0.0677575,0.103775,0.0132448,0.0442904,0.0420522,0.0779637,0.0569661,0.0671931,0.0124987,0.0331598,0.0374501,0.041883,0.036059,0.0658975,0.0150177,0.0996743,0.0465998,0.0405805,0.0380738,0.0598631
8,0.0473961,0.0360259,0.0933395,0.0464524,0.0397752,0.0425235,0.0160359,0.035733,0.0666682,0.0480806,0.0781953,0.0304677,0.0581085,0.0315536,0.0578442,0.0413637,0.0466173,0.0661364,0.0636066,0.0540764
9,0.030341,0.0568467,0.0176416,0.0740653,0.0646357,0.0595525,0.0462451,0.0474899,0.0199254,0.0368863,0.0700558,0.11677,0.064107,0.0507823,0.0170948,0.0190766,0.0855285,0.0148008,0.0772375,0.0309172
10,0.0351028,0.0466975,0.0474082,0.0458082,0.0472187,0.0555586,0.0702253,0.104553,0.0840782,0.0545735,0.0548592,0.0365038,0.0716616,0.0533081,0.0404907,0.0250648,0.0242392,0.0327412,0.0289523,0.0409552
11,0.0410422,0.0387042,0.0785073,0.0530434,0.0686927,0.0286125,0.0259585,0.0565383,0.0884892,0.0434915,0.0457648,0.0494706,0.0566239,0.0394206,0.0472736,0.0571447,0.0608149,0.0246127,0.0454995,0.050295
12,0.036593,0.0468538,0.111704,0.043813,0.0449956,0.0282361,0.0441635,0.039238,0.0533963,0.0345202,0.0613966,0.042334,0.0262189,0.0501882,0.0789917,0.0492993,0.042686,0.0712975,0.0406322,0.0534419
13,0.0716188,0.0584265,0.0358823,0.0179239,0.0120168,0.0967747,0.0216807,0.0667698,0.00920333,0.0443006,0.0317632,0.0884761,0.0160052,0.0167939,0.0269919,0.11607,0.125238,0.103225,0.0165798,0.0242589
14,0.0474248,0.051358,0.0486182,0.0451276,0.0456234,0.0623118,0.0671487,0.0703647,0.0531421,0.0556518,0.063226,0.0331686,0.0309522,0.0375406,0.0456748,0.0430135,0.0466891,0.0432604,0.0494651,0.0602388
15,0.155589,0.0709737,0.0367641,0.0189959,0.049378,0.07477,0.013699,0.0412943,0.0166105,0.0170041,0.0662588,0.0205225,0.0448711,0.0261274,0.0071923,0.14018,0.0946201,0.0574451,0.0293898,0.0183148
16,0.0508076,0.0166139,0.0608726,0.0451114,0.0295383,0.0265111,0.0596107,0.0703072,0.0504623,0.0433525,0.0368278,0.0969256,0.00394105,0.0736657,0.0621979,0.0533672,0.0611786,0.062167,0.0372501,0.0592914
17,0.0528556,0.0434083,0.0758092,0.0841926,0.0090325,0.0580787,0.0907805,0.00642285,0.0873226,0.00564756,0.0295058,0.0825571,0.0421251,0.0751252,0.055785,0.0663764,0.0549475,0.00353034,0.0396236,0.0368732
18,0.0478452,0.017548,0.0718923,0.0519711,0.0658729,0.0384325,0.0267233,0.0818936,0.0387125,0.0608816,0.0486101,0.0469271,0.0467733,0.0389966,0.0327847,0.0386197,0.0568126,0.0372969,0.0747649,0.0766413
19,0.040977,0.0315788,0.0372156,0.0310062,0.0356838,0.0413673,0.0770045,0.0360182,0.0645082,0.0780023,0.0733516,0.0584529,0.0489725,0.0783017,0.0228327,0.0314492,0.0627934,0.0509428,0.0559163,0.043625
20,0.0439382,0.0169523,0.0602103,0.0365221,0.0497802,0.0478525,0.0476648,0.0735386,0.0164268,0.0653096,0.131588,0.0505759,0.0305747,0.0281557,0.0377871,0.0421529,0.0385603,0.0663336,0.0458868,0.0701893
21,0.0358686,0.0187336,0.0397728,0.0818996,0.0347421,0.0688957,0.0623357,0.0526729,0.0416659,0.0503847,0.0821125,0.0505073,0.0352641,0.0312276,0.0228075,0.0661192,0.0449838,0.0360686,0.078494,0.0654435
22,0.0235259,0.0283291,0.0621738,0.0717033,0.062741,0.0391416,0.0503887,0.0572621,0.0239622,0.039989,0.0613486,0.0823239,0.035314,0.0530606,0.0165586,0.0532031,0.0436058,0.0350273,0.0199512,0.140391
23,0.0335867,0.0185953,0.0802935,0.0619353,0.0563635,0.0429737,0.0647673,0.101872,0.0512985,0.0559564,0.0692545,0.0329463,0.0628928,0.0628277,0.0429159,0.0239229,0.0191797,0.037941,0.0336638,0.0468131
24,0.048588,0.0179186,0.0516578,0.0961891,0.0503272,0.0450416,0.0378159,0.0462016,0.0662577,0.0546891,0.0576698,0.050108,0.0820223,0.0400925,0.0659443,0.0473675,0.0369027,0.0353343,0.0359626,0.0339096
25,0.0505623,0.0449368,0.0415399,0.055569,0.060004,0.0482682,0.0524543,0.0581494,0.0663113,0.0691251,0.0734949,0.0199719,0.0220764,0.0444117,0.0263271,0.0220288,0.0634713,0.05401,0.0757424,0.0515452
26,0.169144,0.0189003,0.0242951,0.0489951,0.0399049,0.0610399,0.0293827,0.0287334,0.0345954,0.0208798,0.050281,0.0319614,0.0919787,0.0322792,0.0198301,0.0642855,0.0861759,0.0708974,0.0382571,0.038183
27,0.050593,0.0363685,0.0348084,0.0397921,0.108085,0.0337999,0.0537251,0.0579462,0.0453248,0.0582917,0.0833961,0.0295002,0.0173015,0.0417159,0.028897,0.0167389,0.0953263,0.0571993,0.0475835,0.0636068
28,0.0219714,0.0522609,0.0360359,0.0315826,0.0725728,0.0120465,0.0217878,0.103012,0.0399377,0.23335,0.0791959,0.0274874,0.0200053,0.0281118,0.0130088,0.03099,0.0455611,0.0448471,0.0396877,0.0465477
29,0.0280363,0.340773,0.0532511,0.0380924,0.0368671,0.024127,0.0528789,0.0405148,0.0327787,0.0261559,0.0511304,0.0231803,0.0174576,0.0334328,0.0283884,0.0318956,0.0337559,0.0185794,0.0206656,0.0680381
30,0.0376976,0.0603231,0.0210113,0.0267028,0.035141,0.0114449,0.0263163,0.108281,0.0216162,0.199277,0.0678156,0.0230658,0.0335847,0.0212029,0.0411404,0.0184514,0.0514567,0.127256,0.048736,0.0194799
31,0.0130714,0.0225822,0.0208599,0.0342815,0.131702,0.296567,0.0375044,0.0228145,0.0227333,0.0179489,0.0431883,0.0427525,0.0266581,0.0321832,0.0571124,0.0309634,0.0216672,0.0352948,0.0511829,0.0389326
32,0.0113464,0.0202274,0.0205465,0.0382299,0.083142,0.0143431,0.259084,0.0185241,0.0704396,0.0255159,0.0643141,0.0489855,0.0190725,0.0408711,0.1259,0.0113418,0.0168028,0.0311621,0.0443528,0.035798
33,0.0177964,0.0288023,0.0152276,0.0504155,0.0395789,0.0174769,0.174143,0.0745979,0.0334014,0.0546822,0.0437472,0.0511128,0.0332205,0.0697304,0.0330274,0.0203838,0.0439014,0.0549855,0.0547084,0.0890603
34,0.197909,0.0373426,0.0134525,0.0344658,0.0372651,0.015654,0.0261203,0.0273765,0.0280163,0.0134551,0.0499579,0.117822,0.0223782,0.0280981,0.0213578,0.115889,0.076565,0.0238552,0.0400324,0.0729872
35,0.0611805,0.0190164,0.0169758,0.0242067,0.096662,0.0171342,0.0257469,0.0539953,0.0542408,0.0688966,0.0411396,0.0611335,0.0411046,0.0221292,0.0217031,0.0223415,0.058708,0.214338,0.0460536,0.0332941
36,0.0577673,0.0286022,0.0250884,0.0123154,0.0575266,0.0379908,0.0983482,0.0313109,0.0590715,0.0625886,0.0591287,0.0335847,0.0710453,0.0611051,0.0510883,0.066079,0.0839104,0.0435766,0.0379487,0.0219238
37,0.0646894,0.0237259,0.0429897,0.0737481,0.0208212,0.0336036,0.11005,0.00508892,0.0664691,0.0572906,0.0145208,0.104506,0.00473815,0.0897469,0.0697378,0.0407129,0.0577244,0.0134979,0.0408071,0.0655308
38,0.0435235,0.0272157,0.0294813,0.0420963,0.0168628,0.282327,0.0416888,0.026397,0.0375966,0.0263547,0.0575781,0.083707,0.0513202,0.0444771,0.0220831,0.0217147,0.0190627,0.0648053,0.034244,0.0274634
39,0.0529555,0.028849,0.0134925,0.0492298,0.112994,0.0125529,0.0789006,0.0677924,0.061448,0.0246783,0.0373108,0.0107644,0.0338871,0.0684989,0.015095,0.0346771,0.0907802,0.0839358,0.03038,0.0917778
40,0.034798,0.0286051,0.0116089,0.0247485,0.0648946,0.0134293,0.0367193,0.0907495,0.0422455,0.0842802,0.089162,0.0280594,0.0208671,0.0355769,0.0555894,0.0396428,0.0218635,0.0910458,0.0852385,0.100876
41,0.0452681,0.0245396,0.0251532,0.0322664,0.0323437,0.0308862,0.0141184,0.195776,0.0227969,0.0634505,0.0531815,0.0225942,0.0211667,0.0219547,0.0251057,0.0159621,0.0203468,0.281676,0.0234656,0.0279473
42,0.0845682,0.0137054,0.0225688,0.0208516,0.0242836,0.0339329,0.0601695,0.0175305,0.12484,0.0190617,0.0524736,0.0605076,0.00961971,0.122926,0.122425,0.0648166,0.0768408,0.0320762,0.0186605,0.0181418
43,0.0848039,0.0263422,0.0295023,0.0268839,0.0169963,0.063334,0.0134431,0.0339704,0.043159,0.0557768,0.057749,0.0244912,0.0358302,0.0327726,0.0192254,0.103694,0.236178,0.0469185,0.0263634,0.0225659
44,0.0420436,0.0249073,0.0306138,0.0234984,0.0454708,0.0180177,0.0307607,0.186953,0.0228134,0.0551381,0.0740874,0.0381948,0.0733788,0.0208425,0.0166675,0.0464152,0.0383623,0.097338,0.0726739,0.0418228
45,0.0710921,0.0196293,0.0299006,0.0517979,0.0243871,0.0453398,0.0326507,0.0432795,0.0459371,0.0523273,0.0550287,0.0812594,0.00666765,0.0636771,0.074594,0.0697562,0.0801415,0.0809955,0.0261227,0.0454156
46,0.0726884,0.0539875,0.0531281,0.0602754,0.0496385,0.0455988,0.0492639,0.0289061,0.0452076,0.0392502,0.0348228,0.0706408,0.0117448,0.0801415,0.037579,0.0417499,0.0382689,0.0548569,0.0547261,0.0775253
47,0.0676511,0.0155018,0.0806964,0.0976077,0.0165131,0.0434003,0.0385084,0.0340964,0.0225376,0.0409362,0.0484691,0.0935948,0.0937563,0.0556561,0.0296391,0.0579256,0.0603539,0.0208225,0.0336902,0.0486433
48,0.0742611,0.00827846,0.0336404,0.0868975,0.0578869,0.0793935,0.059207,0.0313332,0.0524202,0.0628341,0.0334241,0.0378857,0.0105048,0.0814757,0.0906434,0.0165472,0.019788,0.0491694,0.0346069,0.0798027
49,0.0261448,0.0270981,0.0111399,0.0684249,0.0410849,0.0114659,0.030111,0.119016,0.0126627,0.123487,0.0977913,0.0826711,0.00695258,0.101937,0.01803,0.0129212,0.0778611,0.0966034,0.0190733,0.0155237
50,0.0832906,0.0299976,0.107594,0.173657,0.0223522,0.0363814,0.0198817,0.0331598,0.0279457,0.0375686,0.025098,0.0407174,0.024319,0.0961743,0.0207385,0.0725366,0.0437039,0.0211993,0.0309043,0.0527793
51,0.0747322,0.125114,0.0296895,0.0604621,0.0314852,0.0201634,0.0228959,0.0518812,0.0373065,0.0230263,0.0346978,0.044756,0.0157673,0.0191442,0.01392,0.0205392,0.0337242,0.269206,0.0263119,0.0451767
52,0.111263,0.0954346,0.0315804,0.0307367,0.0183556,0.0168688,0.00835668,0.0858636,0.0126894,0.0193034,0.0827241,0.0733492,0.00921656,0.0131976,0.00919447,0.0124798,0.149476,0.115865,0.0153591,0.0886867
53,0.094636,0.0407193,0.0421416,0.102206,0.0728022,0.0432401,0.0302477,0.0219952,0.0327593,0.015621,0.0439021,0.0821227,0.00341032,0.065126,0.0485453,0.102806,0.0538288,0.0144705,0.023946,0.0654737
54,0.143497,0.0216872,0.0715257,0.0208496,0.0399841,0.0301607,0.0247816,0.0087352,0.0173226,0.104229,0.0171332,0.157703,0.0519809,0.0385123,0.00979531,0.100708,0.064498,0.0327081,0.022248,0.0219401
55,0.0470063,0.0193268,0.0171876,0.0804921,0.059362,0.00813616,0.0178768,0.064548,0.0380867,0.0908408,0.0736465,0.0343286,0.00844642,0.0856241,0.0286507,0.0250002,0.101582,0.121684,0.0270518,0.0511222
56,0.026097,0.0368452,0.0308543,0.274667,0.0277641,0.0255978,0.0195224,0.0139064,0.134286,0.0233962,0.0548541,0.0194729,0.013636,0.0293794,0.0715832,0.0315901,0.0211893,0.0206765,0.10057,0.0241131
57,0.0657953,0.0212874,0.041626,0.0355773,0.0510083,0.0274932,0.0193441,0.029958,0.0259904,0.244645,0.0503477,0.02224,0.0386074,0.0580825,0.0306628,0.0245629,0.0560007,0.0925342,0.034253,0.0299836
58,0.0282601,0.023811,0.0439614,0.039776,0.0437326,0.045182,0.0246482,0.0877855,0.0548499,0.0285199,0.027612,0.0280529,0.0144987,0.025865,0.0237966,0.0338565,0.0312715,0.339116,0.025384,0.0300203
59,0.051152,0.0223349,0.0443447,0.0753307,0.0798473,0.0596398,0.0552807,0.0881393,0.057188,0.031271,0.0544212,0.0115157,0.0096992,0.0805262,0.0159406,0.0258691,0.0562027,0.0977255,0.0349289,0.0486426
60,0.0471566,0.0365726,0.0795689,0.0142944,0.0206031,0.041659,0.0700413,0.108333,0.0369559,0.0387739,0.0209025,0.062234,0.0317643,0.032101,0.0728674,0.0932685,0.0865158,0.0591052,0.0168755,0.0304068
61,0.0575569,0.020882,0.0522727,0.0532249,0.0507512,0.060355,0.0433482,0.0503882,0.0477003,0.0427293,0.0472666,0.0605953,0.0146108,0.0604843,0.0499536,0.0606381,0.06851,0.0495185,0.0379613,0.0712529
62,0.0793105,0.0297015,0.0413661,0.0215315,0.0535677,0.0688441,0.0322547,0.0588905,0.0266649,0.0545864,0.068041,0.0481294,0.0179845,0.0261342,0.0173151,0.0986566,0.0856216,0.0530986,0.0322956,0.0860053
63,0.0269586,0.015432,0.053406,0.0451507,0.0608084,0.0531864,0.0510382,0.0614302,0.0679753,0.0771865,0.0215579,0.0658712,0.0460048,0.0556814,0.0464576,0.0661894,0.0621279,0.0476532,0.0293308,0.0465534
64,0.0566738,0.0432432,0.0435708,0.0483543,0.046685,0.132184,0.043798,0.0198168,0.0462363,0.0397626,0.0405785,0.0490073,0.0626358,0.0511662,0.0983469,0.0414639,0.0482593,0.0177533,0.0191834,0.0512807
65,0.0738596,0.0226967,0.0149962,0.0540297,0.0447869,0.00630876,0.0543867,0.0949813,0.0830987,0.0587843,0.0615294,0.0278723,0.0295158,0.0753103,0.0492867,0.047445,0.069959,0.0641733,0.0319355,0.0350439
66,0.0187549,0.0291298,0.0289461,0.0839649,0.034407,0.0669272,0.0291374,0.247675,0.0420726,0.113115,0.0445748,0.0332784,0.0134228,0.0220444,0.0169063,0.0200054,0.0320448,0.0392688,0.0529786,0.0313451
67,0.0188676,0.36747,0.0460037,0.0378431,0.0300579,0.0273529,0.0320821,0.023145,0.0296037,0.0400711,0.0263823,0.0270795,0.0236776,0.0272274,0.0442887,0.0330987,0.0270395,0.0237302,0.0687824,0.0461967
68,0.0737864,0.0171867,0.15335,0.0817396,0.0228924,0.0938914,0.0531805,0.0161627,0.0320409,0.0231818,0.027033,0.0567067,0.0148012,0.060606,0.0322306,0.0849216,0.0409228,0.0297748,0.0296243,0.0559676
69,0.0684567,0.00960371,0.0212631,0.127527,0.0236046,0.0881088,0.049461,0.00618042,0.0578093,0.0226437,0.0573382,0.0372933,0.00705514,0.11042,0.0689232,0.0883208,0.0571531,0.0334988,0.0181312,0.0472076
70,0.0404107,0.0345347,0.0353194,0.0417116,0.0744367,0.0434824,0.0337853,0.0342448,0.0547893,0.0318328,0.019914,0.0230571,0.245809,0.043719,0.0263534,0.0315971,0.0580952,0.0493067,0.0368295,0.0407708
71,0.0346501,0.0135353,0.0164521,0.0149166,0.140038,0.039147,0.139964,0.0543263,0.0196564,0.0605577,0.0527731,0.0373065,0.00929215,0.0433626,0.0143874,0.0105922,0.0153296,0.0273729,0.102329,0.154011
72,0.0668473,0.00819192,0.0358059,0.0559083,0.0250893,0.0231043,0.0436951,0.0714251,0.0978629,0.0813708,0.0314477,0.112168,0.00695656,0.062205,0.0521475,0.0524272,0.0532743,0.0920269,0.0126425,0.015403
73,0.0209884,0.0207151,0.0191878,0.0166888,0.058948,0.0430677,0.0213951,0.24596,0.0335176,0.0514693,0.0373599,0.0300391,0.0125044,0.0361555,0.0218018,0.0200861,0.0219758,0.198358,0.0651937,0.0245888
74,0.0228633,0.0318705,0.0262651,0.0197329,0.0265441,0.0153362,0.0164213,0.137431,0.0191186,0.238256,0.0560228,0.018618,0.0304104,0.0260866,0.0150508,0.0237956,0.0186157,0.201602,0.0299596,0.0259999
75,0.0362112,0.0359084,0.344617,0.0464537,0.0155114,0.0208546,0.0244423,0.0373606,0.0231651,0.0197273,0.0315866,0.0461436,0.0448792,0.0384586,0.0293705,0.0368437,0.0191451,0.0474754,0.0449319,0.0569142
76,0.0211195,0.0237845,0.029323,0.053181,0.0262358,0.270693,0.022044,0.0572259,0.0301293,0.0215273,0.03964,0.0228587,0.0148549,0.0297842,0.0285092,0.0250537,0.0457883,0.172845,0.0467286,0.018674
77,0.0560942,0.0166882,0.0725055,0.0443293,0.019926,0.160157,0.034278,0.0357906,0.0851341,0.0581832,0.0913957,0.0653172,0.00928343,0.0629282,0.0475488,0.0179706,0.0236914,0.0366638,0.0365836,0.0255316
78,0.0526963,0.0183967,0.0805065,0.0649998,0.0228978,0.0563466,0.0541858,0.0128584,0.0518483,0.0306781,0.0483276,0.188882,0.0147214,0.0632038,0.0259507,0.0410568,0.0654527,0.0202165,0.0428621,0.043912
79,0.0143741,0.30232,0.166044,0.0726509,0.0733515,0.0246382,0.0137375,0.017251,0.0237484,0.0204109,0.0312389,0.0280209,0.0196705,0.0184033,0.015996,0.0213091,0.0605779,0.0187575,0.029223,0.0282764
80,0.0323753,0.0278324,0.0306195,0.0234451,0.0447403,0.0369021,0.0342711,0.0436916,0.0591722,0.0630313,0.0681956,0.0274996,0.0188402,0.0266784,0.0254863,0.0970232,0.256125,0.0345405,0.0305746,0.0189552
81,0.0136765,0.0220371,0.0276146,0.0320574,0.0540075,0.0196929,0.0183225,0.0893403,0.0340056,0.344728,0.0472112,0.0197553,0.0488734,0.0453846,0.0420118,0.024396,0.0182046,0.0373604,0.0353216,0.0259987
82,0.013074,0.0266452,0.0199745,0.0304275,0.030238,0.0168282,0.0247727,0.274422,0.108949,0.0582578,0.161664,0.0229863,0.016807,0.0214924,0.0268873,0.0203845,0.0234459,0.0675413,0.016188,0.0190148
83,0.0250617,0.0569436,0.34608,0.0326288,0.0273586,0.0354646,0.0238081,0.0243678,0.028496,0.0148374,0.0417154,0.0369322,0.0201303,0.0213992,0.0360079,0.0471856,0.0181142,0.0703973,0.0359665,0.0571047
84,0.261055,0.0608525,0.0363392,0.0262413,0.0291829,0.0241651,0.0295562,0.114031,0.0356283,0.0169814,0.0249509,0.0206653,0.0180746,0.0265783,0.0366237,0.061787,0.086256,0.0341683,0.0244663,0.0323976
85,0.0274779,0.0210099,0.0137657,0.0177708,0.0218137,0.0264752,0.020286,0.147381,0.0212889,0.303087,0.0894441,0.016131,0.0325832,0.0548506,0.0268001,0.016579,0.0241265,0.0704916,0.0255607,0.0230766
86,0.0296673,0.0180373,0.0289338,0.0337442,0.0425096,0.0348606,0.0661965,0.0735583,0.0507806,0.289768,0.0323436,0.0338203,0.0180207,0.0361115,0.0149733,0.0264158,0.0364061,0.0621534,0.0407353,0.0309639
87,0.0222501,0.024179,0.0296185,0.0515269,0.0326965,0.341444,0.0371416,0.0277053,0.0345582,0.0328133,0.0645544,0.0356752,0.0126268,0.0359414,0.0612292,0.0147339,0.0208083,0.0706312,0.0331139,0.0167522
88,0.125589,0.0185018,0.31325,0.03013,0.0194795,0.0396064,0.0173504,0.0198289,0.0503401,0.0151074,0.0311897,0.0281438,0.0216792,0.0324375,0.020473,0.060681,0.0359488,0.0582106,0.0271221,0.0349308
89,0.0305344,0.0168737,0.050243,0.029992,0.0644566,0.0256173,0.0556008,0.0662843,0.042147,0.0210568,0.0179545,0.0245307,0.318337,0.0236313,0.0151006,0.0247626,0.0270093,0.0274108,0.0434251,0.0750319
90,0.0738693,0.0105274,0.0329721,0.0435741,0.0211583,0.136445,0.124647,0.0352443,0.0295751,0.0583697,0.0686789,0.0942445,0.0131237,0.100557,0.0122855,0.062505,0.0267117,0.0247385,0.0139573,0.0168165
91,0.0260925,0.325558,0.0190695,0.0247529,0.114268,0.0490323,0.0198036,0.0266609,0.029636,0.0399654,0.0376978,0.0526391,0.0171854,0.0363864,0.0303406,0.0420984,0.0137229,0.0286568,0.0415941,0.0248393
92,0.0226109,0.0130783,0.310896,0.13011,0.0311632,0.0624252,0.0266953,0.015429,0.0225299,0.035746,0.044856,0.0318452,0.0255257,0.0256484,0.0176302,0.0289744,0.0275616,0.029335,0.0443337,0.0536063
93,0.0211649,0.0384894,0.128066,0.26294,0.0121827,0.0598975,0.0380057,0.0162467,0.0243407,0.0193642,0.0217287,0.0428458,0.0152049,0.0287955,0.015823,0.0372032,0.023002,0.123354,0.0247017,0.0466435
94,0.017937,0.0210182,0.0249913,0.010541,0.184692,0.00684098,0.0373706,0.0960601,0.0407872,0.28232,0.0569156,0.0230442,0.0132651,0.0235096,0.0157958,0.020767,0.032411,0.0527418,0.0138429,0.0251488
95,0.099067,0.0158288,0.054816,0.0738431,0.0145382,0.0304014,0.0471993,0.0501588,0.0577272,0.0301528,0.112701,0.049855,0.0111747,0.149765,0.0347544,0.0557783,0.0434423,0.0275763,0.0158849,0.0253356
96,0.0251355,0.0218847,0.181838,0.0503292,0.028045,0.134779,0.0497097,0.0134688,0.0242958,0.0276769,0.0309671,0.208293,0.0120565,0.0583955,0.0209858,0.0410756,0.0199185,0.0166498,0.0155894,0.0189058
97,0.184037,0.0148406,0.014177,0.0419566,0.015217,0.0262908,0.0148945,0.0223102,0.115404,0.0435897,0.039288,0.0259692,0.00664379,0.0711349,0.0353857,0.157377,0.0452991,0.0871072,0.0210143,0.018064
98,0.0495872,0.0414947,0.0385886,0.126301,0.0136994,0.0172676,0.0515837,0.0178579,0.0989073,0.00714438,0.0196339,0.0467035,0.0104797,0.109152,0.0946979,0.0812394,0.109686,0.0219622,0.0222063,0.0218074
99,0.0147079,0.0528758,0.0227097,0.0343546,0.149986,0.0179216,0.0160908,0.0270538,0.0442726,0.0158566,0.037807,0.0247486,0.0177909,0.032615,0.0265059,0.0277853,0.0345605,0.0216062,0.350619,0.0301323
100,0.0196924,0.0418072,0.326455,0.0710304,0.0224739,0.0621037,0.023083,0.0817151,0.0299971,0.0245358,0.0219733,0.0420086,0.0184939,0.0280748,0.0274084,0.0366214,0.0289611,0.0125672,0.0295731,0.0514249
101,0.0236428,0.0242624,0.0365456,0.0277931,0.0255965,0.00855423,0.0281797,0.108739,0.0226272,0.280776,0.0381445,0.0198616,0.0477271,0.029389,0.0385933,0.0146529,0.0164368,0.113536,0.0489982,0.0459443
102,0.0256669,0.040997,0.0231401,0.0141771,0.34506,0.0175268,0.0242789,0.044226,0.0227229,0.0292559,0.0351513,0.0256284,0.0317749,0.0199992,0.0260224,0.0343771,0.0148769,0.0184624,0.0387903,0.167866
103,0.0627439,0.0415793,0.0375637,0.0240146,0.038318,0.0224738,0.0180972,0.0805402,0.0208485,0.134355,0.0373973,0.0279762,0.0166235,0.0198795,0.0273448,0.0130575,0.0221387,0.295312,0.033835,0.0259007
104,0.0125916,0.0457697,0.0244506,0.408216,0.0286397,0.0400243,0.0316798,0.0471887,0.0404811,0.0216097,0.0466951,0.0371187,0.0134653,0.0351424,0.022999,0.0277493,0.0269342,0.0230746,0.0346247,0.0315458
105,0.026788,0.0246118,0.0285819,0.0360487,0.021676,0.0512588,0.0258991,0.0223168,0.035551,0.0523276,0.0526602,0.028817,0.0263342,0.0225478,0.413003,0.0192164,0.0222008,0.01367,0.0307631,0.0457271
106,0.034171,0.0220397,0.0423161,0.0773163,0.0217709,0.0566626,0.0414567,0.0145259,0.0325008,0.0118566,0.035968,0.0229947,0.107912,0.0506412,0.0415941,0.154759,0.148158,0.0156167,0.0273374,0.0404032
107,0.0380908,0.00734234,0.0156307,0.0262984,0.0515466,0.0756453,0.0912729,0.0218015,0.0304825,0.0131389,0.0313636,0.0584438,0.00598639,0.0427774,0.0281963,0.0585837,0.109912,0.0139175,0.0919025,0.187667
108,0.181154,0.0249563,0.0543521,0.0250704,0.0255785,0.0362597,0.0594151,0.0217603,0.0178704,0.0244375,0.0272588,0.0206682,0.0217239,0.01719,0.0398384,0.0924529,0.194727,0.0721953,0.0258845,0.0172066
109,0.0413064,0.0143567,0.0186325,0.0947835,0.0295259,0.0320096,0.075654,0.0299022,0.0993996,0.0163748,0.033576,0.0602112,0.00856701,0.0743102,0.0645144,0.0792966,0.0880182,0.0730688,0.0220819,0.0444108
110,0.0374275,0.0284615,0.0158268,0.0350571,0.0164242,0.0876215,0.0972682,0.0304411,0.0308443,0.0228946,0.0412074,0.0304988,0.0791701,0.0643456,0.0259312,0.256097,0.023739,0.0280915,0.0232044,0.0254473
111,0.102101,0.0183329,0.0326898,0.017361,0.014734,0.0602239,0.0237088,0.0253675,0.0131784,0.0216086,0.0262088,0.0694319,0.00483553,0.0333369,0.0241085,0.225795,0.226704,0.0162175,0.0158808,0.0281743
112,0.0339375,0.394419,0.0160775,0.0229011,0.0846677,0.0325011,0.0480992,0.019067,0.0216762,0.0309927,0.0348391,0.034379,0.0183182,0.0255904,0.0300016,0.0258669,0.0329543,0.0238119,0.0302538,0.0396462
113,0.0386086,0.0568118,0.0390946,0.0404514,0.0927868,0.022345,0.0419979,0.0409689,0.0234475,0.0463149,0.0448174,0.0426858,0.0106126,0.0340459,0.021411,0.0231433,0.0159952,0.058677,0.026654,0.27913
114,0.0591368,0.0266049,0.0581788,0.0474686,0.0275924,0.0216242,0.0347909,0.0263944,0.0312048,0.036072,0.0341441,0.032523,0.333295,0.0278561,0.0418615,0.0377358,0.0320088,0.0275078,0.0299579,0.034042
115,0.0155803,0.0348834,0.0291697,0.0357482,0.0345165,0.0357878,0.0595966,0.0422643,0.0254176,0.031229,0.0404816,0.0493342,0.0319126,0.0142661,0.0375891,0.0122165,0.0312537,0.0347346,0.0400567,0.363962
116,0.0109755,0.0131247,0.169427,0.192873,0.0529368,0.0227363,0.054156,0.0337839,0.0139333,0.0200273,0.0400939,0.0233007,0.0146287,0.0324951,0.0163453,0.0322104,0.0413439,0.135576,0.0232102,0.0568219
117,0.0248102,0.0289804,0.0190109,0.0501769,0.0287719,0.0553324,0.0305944,0.123936,0.0191979,0.0589302,0.0727759,0.0169292,0.0221467,0.0214509,0.0316156,0.0210189,0.0244877,0.304737,0.0321439,0.0129535
118,0.0488231,0.00834961,0.129094,0.105664,0.0357446,0.0090319,0.0743937,0.03509,0.0302237,0.0186877,0.0558036,0.0542792,0.0510492,0.0878661,0.0196343,0.0608282,0.0605489,0.0303581,0.0412384,0.0432923
119,0.0262241,0.0150422,0.190384,0.0432819,0.0332354,0.0704165,0.186377,0.0170377,0.0598209,0.0293458,0.0453428,0.0222149,0.0159918,0.0885909,0.0192592,0.0280772,0.017863,0.013584,0.0241842,0.053726
120,0.0327344,0.0801554,0.0336766,0.0335386,0.0478721,0.0516554,0.0460716,0.0546992,0.037544,0.0842464,0.0611853,0.0213226,0.0167858,0.0459306,0.0325093,0.0338074,0.01884,0.016402,0.0309843,0.220039
121,0.087635,0.0118707,0.0558118,0.140764,0.019077,0.0230839,0.0748059,0.0374074,0.0332237,0.0357766,0.073323,0.051831,0.0300104,0.086096,0.0210669,0.0555449,0.045663,0.0343222,0.0523544,0.0303318
122,0.0523938,0.0336312,0.0800362,0.0286715,0.0506552,0.0820571,0.0193118,0.0194054,0.0192716,0.0073013,0.0421649,0.0980467,0.0332267,0.0404009,0.0200025,0.145853,0.0772807,0.0427631,0.0635299,0.0439965
123,0.0283782,0.0199043,0.0202451,0.0458202,0.0443308,0.0246885,0.0531868,0.0564948,0.0185809,0.375629,0.026894,0.0502063,0.0347033,0.0160121,0.0225805,0.0306884,0.0155798,0.056328,0.0320389,0.0277102
124,0.024869,0.0252419,0.0308006,0.0613682,0.0206315,0.0280199,0.0187367,0.0428062,0.0972766,0.0305272,0.0557126,0.0302876,0.0152727,0.0396312,0.314308,0.0329847,0.032368,0.0478384,0.0232756,0.0280429
125,0.10244,0.0159934,0.0351898,0.0299403,0.04181,0.0533406,0.0255529,0.011539,0.0679774,0.0435912,0.0415161,0.0514049,0.0216122,0.0438256,0.0632175,0.233346,0.0305487,0.0127644,0.0500988,0.0242904
126,0.0276414,0.0282161,0.030211,0.0270165,0.0474049,0.0322917,0.0229896,0.0954079,0.0249862,0.288192,0.0294674,0.0467622,0.0329495,0.0198819,0.015302,0.025729,0.0346211,0.0661236,0.0808462,0.0239591
127,0.0403954,0.0294628,0.0372524,0.0218257,0.0249549,0.0257346,0.041482,0.0689603,0.0364267,0.0678485,0.0472081,0.025538,0.023553,0.0357007,0.0281733,0.0176384,0.0289096,0.331356,0.0326888,0.0348909
128,0.32037,0.0335741,0.0462591,0.0239667,0.0390213,0.0830901,0.0271319,0.0370379,0.0293387,0.0274087,0.0277031,0.0403913,0.023827,0.0261171,0.0177104,0.0763959,0.0268121,0.0348396,0.0255639,0.0334412
129,0.0421316,0.0317197,0.0388829,0.0879652,0.0398777,0.0459902,0.0429355,0.0213197,0.0678199,0.0431332,0.0529357,0.0404865,0.0122452,0.127104,0.0404581,0.0897138,0.0679408,0.046602,0.0347946,0.0259444
130,0.0738265,0.0154434,0.0315514,0.0233603,0.0521501,0.0418452,0.0238422,0.0669861,0.0263229,0.0783454,0.0665339,0.0314441,0.0327313,0.0494291,0.0216044,0.172804,0.0481049,0.0598243,0.0320979,0.0517524
131,0.0396209,0.0491921,0.0230792,0.0232541,0.0460213,0.369919,0.0181204,0.0262227,0.028037,0.0238396,0.034302,0.0259907,0.00831553,0.0349914,0.0572848,0.0243805,0.0269286,0.0547195,0.041064,0.0447165
132,0.0564097,0.0473234,0.0447992,0.0518057,0.0324101,0.0384974,0.0477022,0.036608,0.0506757,0.0253368,0.0426456,0.0299782,0.0162047,0.0201354,0.0410712,0.134292,0.174736,0.0323375,0.033164,0.0438671
133,0.0247329,0.0347688,0.0405644,0.0268321,0.0744606,0.0716689,0.0239576,0.0730086,0.0250608,0.267238,0.0788681,0.0436996,0.0249888,0.0384505,0.0242442,0.0176243,0.0176751,0.037321,0.0326705,0.0221648
134,0.0381969,0.0310739,0.0463487,0.349487,0.045105,0.0380838,0.0191617,0.0442714,0.0464962,0.031845,0.0232984,0.0275756,0.0229874,0.04419,0.0333882,0.0203088,0.0305605,0.0471449,0.0335995,0.0268769
135,0.0162255,0.0322744,0.0323999,0.0458871,0.318169,0.0193036,0.0626024,0.024399,0.0215894,0.0286844,0.0490853,0.0191487,0.0310569,0.0399998,0.0190948,0.0885273,0.0399628,0.0291833,0.0396622,0.0427441
136,0.0354925,0.00348453,0.0245954,0.0900163,0.101218,0.0121399,0.0688637,0.0667716,0.0403432,0.0138896,0.0538276,0.0358415,0.00352278,0.0840536,0.0119797,0.0399927,0.116599,0.0713282,0.0421428,0.0838973
137,0.0659699,0.00680846,0.0502543,0.155201,0.0465256,0.020305,0.102882,0.0316082,0.0192455,0.0260738,0.0252489,0.0631642,0.0455306,0.0774832,0.0109099,0.0759326,0.0723806,0.040435,0.0116837,0.0523566
138,0.0296538,0.0237456,0.0382751,0.383098,0.0275245,0.0345364,0.0330746,0.0200801,0.0505548,0.035698,0.0567239,0.0175751,0.0487776,0.0264317,0.0296176,0.0151337,0.0200047,0.0360612,0.0513922,0.022041
139,0.0577408,0.0116294,0.0688472,0.0942216,0.0996838,0.0296068,0.0715167,0.0385076,0.0241435,0.0279781,0.0301248,0.123553,0.0509823,0.0264857,0.0289335,0.0563171,0.0118157,0.0429408,0.0472375,0.0577342
140,0.0148486,0.0719617,0.0245332,0.0283412,0.371562,0.0188173,0.0317273,0.0490636,0.0268221,0.0445248,0.0468772,0.0171086,0.011965,0.0307285,0.0313245,0.041583,0.0262885,0.0301925,0.0531404,0.0285898
141,0.0242148,0.0158906,0.0916801,0.0751887,0.0154831,0.0362593,0.0259037,0.0648051,0.020732,0.0367482,0.0569029,0.246054,0.0153236,0.0588639,0.028098,0.0457539,0.0306897,0.0244277,0.0521855,0.0347956
142,0.0207865,0.0781426,0.0178852,0.02512,0.0811427,0.028195,0.0323984,0.058638,0.0374127,0.0445783,0.0689758,0.024549,0.0194398,0.0251586,0.0230617,0.0127214,0.0420007,0.0378086,0.278021,0.043964
143,0.0386564,0.0196916,0.049413,0.101793,0.0472907,0.024818,0.0566589,0.0413844,0.0313342,0.0456204,0.0516474,0.0549073,0.050985,0.0415752,0.0303446,0.0357485,0.167886,0.0386193,0.0377156,0.0339105
144,0.0296952,0.0234919,0.0452317,0.0700025,0.0746579,0.250735,0.0258708,0.0128775,0.0236439,0.0136038,0.0288847,0.0894961,0.0218827,0.0413173,0.038916,0.0393504,0.0488201,0.0730195,0.0257285,0.0227745
145,0.0450093,0.0387073,0.0307548,0.0249822,0.0315442,0.0329448,0.0641421,0.0569396,0.0305803,0.0374899,0.0394317,0.0380335,0.0122981,0.0391408,0.0373662,0.0541955,0.0289587,0.254817,0.0375412,0.0651227
146,0.0430329,0.0293209,0.0297207,0.0294408,0.0189398,0.0314558,0.0462737,0.0534586,0.0270323,0.0666672,0.0481149,0.0550569,0.0235105,0.142897,0.0245441,0.0795,0.139462,0.0561025,0.0387357,0.0167347
147,0.0176813,0.0872241,0.0251813,0.309602,0.0175829,0.0194611,0.0265772,0.0336061,0.0514658,0.012216,0.0211115,0.0207083,0.0423838,0.147684,0.0118341,0.0240403,0.0236987,0.0651381,0.0251079,0.0176961
148,0.0205272,0.0183855,0.191249,0.0581795,0.024827,0.0389147,0.0340362,0.0120669,0.028409,0.0162806,0.048627,0.292635,0.0175627,0.0260827,0.0124256,0.0361679,0.0270032,0.0123089,0.0495463,0.0347652
149,0.0336427,0.0263481,0.0215567,0.0448424,0.0331477,0.252522,0.11968,0.0295693,0.0290301,0.0444607,0.0480084,0.022746,0.0136835,0.0520763,0.0277829,0.0251396,0.0925451,0.0399302,0.0255617,0.0177274
150,0.0844496,0.0189621,0.00956974,0.130757,0.0212323,0.0179804,0.0354498,0.0247233,0.0232082,0.0145687,0.0324268,0.0603013,0.00759396,0.0498558,0.0100704,0.0416503,0.0716256,0.31458,0.0146293,0.0163655
151,0.0369671,0.0398367,0.0426625,0.0331993,0.0337127,0.0448928,0.021887,0.033393,0.0279872,0.0192483,0.0269835,0.0686978,0.0156682,0.0628605,0.0256483,0.221926,0.1761,0.0155259,0.0327257,0.0200781
152,0.0886085,0.0182826,0.0342092,0.0574564,0.0664088,0.076045,0.0475162,0.0250314,0.0332584,0.0236148,0.0350514,0.0530146,0.0297583,0.0365349,0.0232975,0.178124,0.0491541,0.0426759,0.02967,0.052288
153,0.0835446,0.0191782,0.0345194,0.013498,0.0326792,0.028502,0.0709781,0.00774582,0.0146922,0.0989728,0.0414314,0.0362445,0.0113977,0.0621898,0.00905769,0.0449884,0.157916,0.0126011,0.0774648,0.142398
154,0.0328901,0.317649,0.0192447,0.034131,0.0786229,0.0269798,0.0369065,0.0495428,0.0348358,0.0179167,0.0278327,0.0428548,0.0260233,0.0241967,0.0255618,0.0273154,0.0309453,0.0362687,0.0434632,0.0668184
155,0.0235207,0.0417674,0.0361443,0.0313063,0.0274838,0.0261323,0.0402858,0.154418,0.0222779,0.0441027,0.074042,0.0642749,0.078671,0.104836,0.0280526,0.0356777,0.0586232,0.0386337,0.0373156,0.0324345
156,0.0315533,0.0379911,0.094285,0.0263539,0.0397105,0.021585,0.0617362,0.0188665,0.0423598,0.024223,0.0517686,0.0667129,0.0184175,0.0541256,0.173295,0.0779947,0.034852,0.0324304,0.0492743,0.0424643
157,0.0783505,0.0123629,0.129385,0.105921,0.0208452,0.0643362,0.0579429,0.0205983,0.0444202,0.0118307,0.0344289,0.163064,0.00593057,0.102429,0.0416891,0.0275209,0.0242509,0.00765152,0.0374345,0.00960851
158,0.0582204,0.0103223,0.0904111,0.0617511,0.0205308,0.317919,0.032344,0.00935167,0.0356304,0.0129709,0.051488,0.0629601,0.0133699,0.0580536,0.0116079,0.0568924,0.0355772,0.00914003,0.0406315,0.0108275
159,0.0385001,0.018728,0.0285741,0.148511,0.0301414,0.0427201,0.0585573,0.0293506,0.0934503,0.0142097,0.0297404,0.02718,0.00642788,0.202273,0.0399028,0.0556502,0.05827,0.0291934,0.0134617,0.0351576
160,0.0896778,0.0122416,0.0250873,0.0298115,0.0252005,0.0349582,0.0389928,0.0235,0.0192456,0.015817,0.0161118,0.0727123,0.311601,0.117229,0.00840648,0.0501271,0.0470806,0.0155688,0.0288262,0.017805
161,0.0309289,0.084683,0.0482816,0.0341752,0.0740441,0.0534533,0.0234085,0.0534098,0.0220424,0.0170882,0.0448946,0.0460124,0.00936423,0.0336114,0.0281258,0.297887,0.0150197,0.0308281,0.0269071,0.0258348
162,0.0213502,0.0405667,0.0301742,0.0336438,0.368691,0.0225595,0.0224389,0.0502748,0.0192302,0.0390384,0.0525902,0.0232347,0.024459,0.0281705,0.0163791,0.044879,0.0157302,0.023374,0.0532597,0.0699553
163,0.022666,0.026302,0.0455907,0.0289683,0.376026,0.0329757,0.0175592,0.0195432,0.0323106,0.020347,0.0367305,0.01875,0.0644246,0.0245277,0.0374196,0.0343878,0.0172709,0.0347167,0.0372936,0.0721897
164,0.080338,0.0304927,0.0495985,0.10021,0.0338344,0.0253137,0.0254314,0.0103988,0.031322,0.0456141,0.0368407,0.0377951,0.0294309,0.0401215,0.0245392,0.283876,0.038522,0.015957,0.0359635,0.0243995
165,0.0304016,0.0705391,0.0263384,0.0228505,0.025305,0.0335642,0.0718154,0.0480263,0.0560196,0.0153906,0.030964,0.0660886,0.030199,0.0256705,0.241236,0.0221307,0.0658931,0.0183206,0.0653844,0.0338618
166,0.0356721,0.0199534,0.0423227,0.020454,0.0508841,0.0228989,0.027391,0.0725469,0.058526,0.330572,0.037032,0.0144034,0.0128601,0.0267332,0.0282456,0.0822031,0.0287914,0.0201288,0.050919,0.0174627
167,0.0209425,0.0324072,0.0589291,0.0513441,0.0187895,0.017425,0.0304193,0.0186337,0.0431636,0.0159326,0.0570427,0.378437,0.025603,0.0211776,0.0404712,0.0261099,0.0363217,0.039274,0.0374654,0.0301109
168,0.0188705,0.0461215,0.023822,0.0327197,0.0387503,0.0387257,0.0281595,0.0449067,0.0314038,0.0460197,0.0462202,0.0230365,0.031664,0.0464939,0.0316836,0.0308712,0.0210317,0.0215692,0.372859,0.0250716
169,0.0321915,0.0173388,0.028052,0.0380648,0.0471479,0.022798,0.0282592,0.102378,0.0188035,0.285867,0.0404171,0.030625,0.024478,0.0343718,0.0188894,0.0749265,0.0189224,0.0455752,0.0634373,0.027457
170,0.0271271,0.0484559,0.0411789,0.0426363,0.0459261,0.0469306,0.0495347,0.0437614,0.0145872,0.0151971,0.0206397,0.0178864,0.0181957,0.0618521,0.0229409,0.128645,0.288572,0.0278562,0.0212487,0.0168276
171,0.107121,0.0288342,0.023835,0.0335658,0.0360644,0.0978456,0.149267,0.018053,0.0522333,0.0265878,0.0626004,0.0706139,0.0596427,0.044076,0.0206777,0.0771542,0.0310353,0.0244988,0.0126643,0.0236302
172,0.0654244,0.00973414,0.096688,0.210627,0.0333245,0.0243375,0.0617276,0.0192752,0.0284557,0.0536259,0.041801,0.0532361,0.0200165,0.0694659,0.012347,0.0953677,0.0336398,0.0195479,0.0158378,0.0355206
173,0.0136695,0.00657614,0.237573,0.0931903,0.0109164,0.127909,0.0423143,0.0099433,0.0250509,0.0139471,0.0203565,0.176915,0.0269637,0.0343464,0.0196636,0.0311851,0.0377173,0.0203474,0.0276447,0.0237703
174,0.0336895,0.00503312,0.0459456,0.0192197,0.0319896,0.32177,0.0882845,0.00324164,0.0406159,0.0176902,0.0261389,0.119585,0.0149047,0.0858304,0.0130466,0.0463314,0.0299853,0.0142245,0.0168809,0.0255929
175,0.0326809,0.00740122,0.0756755,0.129161,0.00878354,0.0335194,0.0415129,0.0123184,0.0601295,0.0182014,0.0368706,0.0676192,0.0196132,0.0557353,0.0380646,0.154622,0.153376,0.0305866,0.00965385,0.0144754
176,0.0227369,0.016579,0.0250451,0.0313264,0.3256,0.0192648,0.043923,0.0116561,0.0114946,0.0189686,0.0943345,0.0161275,0.0185142,0.0204072,0.00991891,0.0241441,0.0225743,0.0109178,0.172071,0.0843962
177,0.041488,0.0260475,0.0918738,0.06103,0.0314027,0.0424189,0.0314115,0.0288892,0.0254283,0.0172289,0.0466117,0.0483926,0.213506,0.0586388,0.0135485,0.065711,0.0587581,0.0317196,0.0452693,0.0206254
178,0.0887513,0.0173435,0.0358449,0.0946799,0.0587602,0.0182565,0.0495313,0.0500388,0.00882668,0.038721,0.0529328,0.0354136,0.0783033,0.0450851,0.0144043,0.0729387,0.100786,0.0413882,0.0414746,0.0565192
179,0.00892178,0.00735922,0.00744976,0.01555,0.0476182,0.0082199,0.0343096,0.0516828,0.0108073,0.0736596,0.0172161,0.0277344,0.0212738,0.566457,0.00572027,0.00940423,0.0244889,0.0251359,0.018903,0.0180887
180,0.0264524,0.0295094,0.0576323,0.0981867,0.0679879,0.0321512,0.0430973,0.0348602,0.0335151,0.0264825,0.0405902,0.252092,0.0267823,0.0325818,0.0120703,0.0343681,0.0340108,0.0477721,0.0439374,0.0259195
181,0.106082,0.0298835,0.0250453,0.0509967,0.0227401,0.0260698,0.0202011,0.067613,0.0142226,0.0607474,0.0491672,0.019239,0.0428397,0.0284267,0.0256933,0.020961,0.0449723,0.266267,0.0548598,0.0239726
182,0.0370243,0.0336377,0.0210253,0.0173958,0.0460797,0.0247741,0.0254199,0.0241003,0.0199767,0.0153271,0.0251766,0.0269731,0.0284671,0.025058,0.0223393,0.352681,0.186077,0.0218801,0.0240938,0.0224931
183,0.0248825,0.0447761,0.029094,0.0337012,0.0327998,0.0188354,0.0232152,0.114472,0.0314673,0.0301838,0.311651,0.0155,0.00945932,0.131696,0.0164791,0.0243807,0.0286186,0.0286234,0.0145484,0.0356164
184,0.0390665,0.0240966,0.0222749,0.058355,0.0192339,0.0194872,0.0356637,0.0542649,0.0452337,0.0633157,0.0381957,0.0173266,0.234531,0.0470616,0.0568222,0.040996,0.0334898,0.0588502,0.0642048,0.0275294
185,0.0268038,0.0213214,0.0358347,0.0295878,0.0147268,0.0301913,0.0165824,0.0276436,0.0534105,0.0200333,0.0494702,0.388136,0.0413646,0.0282662,0.0169424,0.0467074,0.0360585,0.0268716,0.0701563,0.0198915
186,0.0235856,0.0203845,0.0374563,0.0477811,0.0266167,0.0152803,0.0757417,0.0125302,0.0559731,0.0631337,0.0564809,0.167882,0.0143448,0.0657182,0.0600407,0.0355478,0.0712099,0.0302434,0.0351308,0.0849182
187,0.0239953,0.0219596,0.110447,0.203546,0.0317053,0.0404207,0.0298502,0.0158818,0.056942,0.0299612,0.0461116,0.0707706,0.0141734,0.0796945,0.032795,0.0339824,0.010855,0.0785621,0.0391435,0.0292024
188,0.0624118,0.0269089,0.0611918,0.0747481,0.0471525,0.0393408,0.047516,0.0448893,0.10477,0.0438326,0.035291,0.0764951,0.0639892,0.0568238,0.0215792,0.0471962,0.051014,0.035435,0.0291422,0.0302722
189,0.0331915,0.0431634,0.0275597,0.0421478,0.252723,0.0177652,0.120803,0.0287041,0.0163552,0.0368913,0.0364889,0.0219666,0.0167653,0.0266591,0.0167628,0.0248929,0.0382285,0.0343135,0.046949,0.117669
190,0.0366108,0.0338648,0.196981,0.0454353,0.0361592,0.022959,0.0227221,0.0337916,0.0222782,0.00975517,0.0426466,0.0530071,0.0734658,0.0387202,0.0274989,0.0578165,0.0834497,0.0659005,0.0518285,0.0451096
191,0.0283501,0.0234347,0.0214004,0.0463722,0.0265462,0.0237472,0.019279,0.0447341,0.375343,0.0256834,0.0247247,0.0689846,0.0369282,0.0383439,0.0421589,0.020605,0.0470324,0.0193892,0.0370862,0.0298565
192,0.031836,0.0224254,0.0464269,0.0247859,0.0503645,0.0292978,0.0229281,0.0268723,0.0268923,0.356743,0.068418,0.0280751,0.0211319,0.0191458,0.0150359,0.0492915,0.0340759,0.0240059,0.036985,0.0652629
193,0.0320387,0.0319843,0.0339701,0.0482992,0.0477812,0.036821,0.0499993,0.0124424,0.0385364,0.0147432,0.0316854,0.0221696,0.0214791,0.0896687,0.0238971,0.0340828,0.00985523,0.0304254,0.0488882,0.341233
194,0.0309927,0.0446547,0.023181,0.0392589,0.0241625,0.0347376,0.03257,0.304272,0.0276542,0.0648678,0.0486907,0.0184372,0.0309937,0.0243055,0.0235812,0.0286019,0.0321721,0.1237,0.027317,0.0158483
195,0.0425306,0.0413645,0.0270885,0.0284878,0.0410478,0.0412303,0.0269894,0.0121114,0.0318218,0.0340676,0.047807,0.0254044,0.0370011,0.0319181,0.0284847,0.0144504,0.0153997,0.01578,0.43278,0.0242349
196,0.0153846,0.0266662,0.0504027,0.0513628,0.0210431,0.402785,0.0178325,0.013506,0.0340539,0.0224883,0.0322817,0.0323167,0.0268192,0.0197508,0.0818921,0.0163197,0.0206965,0.0383982,0.0470235,0.0289763
197,0.0651972,0.0334349,0.0265086,0.0542679,0.0571505,0.0250011,0.0244896,0.0708165,0.0241724,0.0495107,0.0552951,0.0283357,0.0163362,0.0199151,0.0143957,0.0168891,0.0270561,0.305782,0.0358407,0.0496053
198,0.0119234,0.0372538,0.0376154,0.0426383,0.203335,0.0143795,0.146642,0.0387673,0.0264693,0.105333,0.127205,0.0194783,0.00973743,0.0158017,0.0144136,0.0224726,0.00860658,0.0443697,0.0531598,0.0203985
