site,A,C,D,E,F,G,H,I,K,L,M,N,P,Q,R,S,T,V,W,Y
1,0.011791028,0.025042117,0.02515904,0.019326862,0.056789264,0.008572967,0.054617994,0.104718054,0.124535057,0.063275443,0.023570702,0.082833753,0.012239655,0.043017283,0.062031996,0.022181512,0.0333875,0.061715861,0.077797294,0.087396616
2,0.02471081,0.063347503,0.028990594,0.044475284,0.044368149,0.003819469,0.04575354,0.038275006,0.05467164,0.056327428,0.021460727,0.089610216,0.060008829,0.061848011,0.059995917,0.050167064,0.067470451,0.031678054,0.071497913,0.081523396
3,0.099891576,0.100564359,0.018017931,0.032417317,0.043344922,0.059111426,0.03430832,0.065025772,0.053726469,0.031293134,0.059790668,0.034802606,0.034813516,0.029261007,0.016045832,0.04706109,0.036803523,0.106297,0.023957087,0.073466444
4,0.046628746,0.043669299,0.02216145,0.011830228,0.086955681,0.078009048,0.007459925,0.117215384,0.028049802,0.080805604,0.049333637,0.034646536,0.010024537,0.014706414,0.012193208,0.036507206,0.045945311,0.028373456,0.182171169,0.063313359
5,0.168234623,0.08090352,0.028383607,0.058451912,0.033776072,0.078845167,0.032048727,0.035623564,0.017814333,0.031387219,0.067039429,0.036814524,0.021446184,0.024310946,0.028152019,0.060048758,0.094163308,0.027865105,0.040330462,0.034360519
6,0.041929844,0.030329622,0.060586543,0.059777719,0.116075157,0.063354459,0.038664795,0.076538847,0.014250259,0.054102522,0.056777211,0.062038703,0.036641394,0.01566806,0.005653489,0.053838086,0.041202661,0.035513691,0.079127205,0.057929733
7,0.065848286,0.102143102,0.01421046,0.042074142,0.042121622,0.076203831,0.053961829,0.072072785,0.011555237,0.030913712,0.038892261,0.042678117,0.034740476,0.076620092,0.013311825,0.096569682,0.047099264,0.043806664,0.036546404,0.058630209
8,0.046647345,0.034613644,0.086964016,0.046504394,0.041310343,0.045504626,0.015009346,0.037264157,0.062110505,0.048166782,0.069946389,0.030564904,0.060558587,0.032223026,0.058134197,0.04108446,0.049585921,0.069695918,0.068853413,0.055258026
9,0.031135112,0.054316319,0.02026891,0.076016865,0.062490771,0.059210974,0.046059595,0.047228698,0.020522353,0.037223902,0.071336098,0.115255823,0.06232327,0.052991377,0.017522213,0.020038994,0.090662266,0.011324551,0.069838919,0.034232989
10,0.031347682,0.045168466,0.051842865,0.046065817,0.045189219,0.053145726,0.067463719,0.115319056,0.078558794,0.052834102,0.057916652,0.035457628,0.071076189,0.053416386,0.040183681,0.023670129,0.023087034,0.035253248,0.029661279,0.043342327
11,0.042735407,0.039539661,0.069167341,0.052387498,0.071806095,0.028663415,0.024367063,0.055880363,0.088274104,0.047040947,0.043364747,0.045493978,0.055552133,0.041113903,0.044742741,0.060684911,0.062134458,0.025730894,0.047403036,0.053917304
12,0.030497746,0.046893744,0.108239606,0.04714104,0.054597805,0.028377944,0.042499685,0.045266563,0.050737463,0.033352396,0.058587228,0.042200018,0.026572153,0.051476181,0.077670048,0.046787892,0.04210801,0.07613576,0.039740122,0.051118597
13,0.05965425,0.057488633,0.03655639,0.018383601,0.012868739,0.101245587,0.020404266,0.071287541,0.009644007,0.04623773,0.031958307,0.080844247,0.014336907,0.01802348,0.028407768,0.119269702,0.122597942,0.108358138,0.017075451,0.025357315
14,0.051104539,0.053558972,0.051096354,0.046790509,0.046290796,0.060533245,0.067370272,0.073170433,0.054031236,0.045424119,0.061538141,0.034485458,0.031243907,0.036742571,0.045885019,0.042874833,0.045557777,0.041391213,0.05038959,0.060521016
15,0.160123862,0.07125309,0.036597777,0.019185794,0.043896295,0.074903016,0.014286305,0.042910709,0.016675975,0.016885131,0.065434535,0.019263816,0.046933831,0.02575616,0.006086268,0.138866114,0.094555146,0.059944968,0.028443413,0.017997796
16,0.049676757,0.014563276,0.063082555,0.044547507,0.025936598,0.027142624,0.060380346,0.06824245,0.056476518,0.043309503,0.038148854,0.094956434,0.003615065,0.072458422,0.061317424,0.053366721,0.059531367,0.062483556,0.038904308,0.061859717
17,0.053196707,0.045790737,0.073440173,0.083380496,0.00858432,0.05641529,0.089563037,0.006056662,0.087619541,0.005472257,0.026515102,0.082487813,0.041075036,0.079563991,0.054198803,0.067534055,0.055143081,0.003608192,0.042515597,0.037839109
18,0.046047141,0.01805584,0.078065013,0.052991603,0.059814718,0.038140141,0.025736732,0.082587139,0.036307818,0.060787022,0.048256452,0.048883118,0.049989404,0.038107258,0.032395642,0.039959988,0.058718498,0.035671145,0.08105536,0.068429969
19,0.037832015,0.029700386,0.037208446,0.030276308,0.035590928,0.040317769,0.078083179,0.037031194,0.064240375,0.075832674,0.071286427,0.06122203,0.050107682,0.073449196,0.024115055,0.030555736,0.064312448,0.053132409,0.062999664,0.042706078
20,0.046442066,0.017549766,0.058438789,0.038398629,0.050429207,0.049242467,0.048013759,0.071266852,0.017095395,0.067239365,0.128494964,0.050600235,0.030417384,0.027669741,0.038538552,0.041850616,0.04002128,0.065014176,0.04771432,0.065562437
21,0.038812901,0.019049776,0.042813076,0.082129584,0.035293971,0.06989494,0.063522664,0.049685408,0.037717359,0.049720638,0.084792512,0.051442691,0.035403703,0.030605816,0.02313596,0.065976052,0.045359744,0.03724734,0.075381558,0.062014308
22,0.0245732,0.027635751,0.062357688,0.07032221,0.061025862,0.038447136,0.053470333,0.0557024,0.023273466,0.041232031,0.066440548,0.082268337,0.036044296,0.051533648,0.017706776,0.053588146,0.043475383,0.034386028,0.020650654,0.135866105
23,0.03511885,0.015390409,0.079140563,0.063202098,0.056192816,0.043221738,0.064635855,0.101773609,0.051611627,0.056182168,0.067752797,0.033029339,0.065448912,0.05905902,0.042089878,0.024890358,0.019528063,0.039310648,0.034256207,0.048165045
24,0.048444869,0.017354475,0.054802338,0.092341405,0.050274226,0.044129584,0.037518449,0.047150816,0.065586194,0.051015487,0.053007993,0.049719931,0.082172335,0.042657175,0.06653909,0.047315613,0.037765395,0.037160745,0.039217722,0.035826159
25,0.047781764,0.046636706,0.037994938,0.05501222,0.061107126,0.043890184,0.051767501,0.063993005,0.0608278,0.071003526,0.074796115,0.021513033,0.023728899,0.046140075,0.027366451,0.018839334,0.069816542,0.049611441,0.076790317,0.051383022
26,0.173231189,0.020541362,0.022226408,0.047325591,0.033991342,0.066526588,0.024971052,0.028758625,0.031077775,0.021373501,0.049795283,0.029891906,0.089736171,0.033325289,0.020642054,0.066107526,0.086524294,0.075691323,0.040915073,0.037347647
27,0.051487017,0.03658888,0.035421446,0.041106812,0.111213609,0.028182298,0.052540384,0.054473114,0.050139222,0.052902567,0.084873094,0.027908367,0.015980189,0.045350267,0.026725316,0.015453127,0.098218805,0.063082258,0.047392931,0.060960296
28,0.02086429,0.046417488,0.030929726,0.032470592,0.062507522,0.012623848,0.020467524,0.100838607,0.037922112,0.279826591,0.066774163,0.024511303,0.017360824,0.029040454,0.014002714,0.033613852,0.047805828,0.046854672,0.03691965,0.038248239
29,0.030185457,0.355500574,0.051681873,0.036979247,0.034139549,0.021741224,0.051385736,0.040587572,0.02817145,0.024259676,0.045275576,0.02692066,0.018368786,0.03304598,0.025927026,0.032983028,0.035697909,0.019114146,0.026089455,0.061945077
30,0.036222153,0.061171689,0.022286321,0.028439318,0.03655204,0.012028244,0.024594492,0.088626867,0.022331843,0.234600708,0.05471116,0.022041091,0.036086604,0.022423739,0.044128661,0.018435264,0.05529595,0.124406782,0.033898245,0.021718828
31,0.013536833,0.023208235,0.022449507,0.033843255,0.129786693,0.305680222,0.037218346,0.022730741,0.0203989,0.01674722,0.043186714,0.043704891,0.026779069,0.034382777,0.055293346,0.032794724,0.022041693,0.03516938,0.048607142,0.032440312
32,0.011259019,0.022347842,0.019939866,0.035530522,0.08425379,0.014722312,0.260687171,0.017735102,0.068750692,0.025184468,0.060141101,0.04342815,0.018872198,0.042600777,0.126068864,0.011828455,0.019397594,0.031388172,0.048244621,0.037619282
33,0.017434636,0.027313147,0.014231797,0.05009194,0.037695361,0.016043375,0.171668841,0.071771866,0.034991663,0.056483211,0.047013488,0.054212049,0.03357283,0.067606368,0.030731818,0.020055869,0.045986291,0.053544573,0.056728171,0.092822705
34,0.20242443,0.036664676,0.015000118,0.029053626,0.037910868,0.01498239,0.022872516,0.027055025,0.028502388,0.014300064,0.042496513,0.119815915,0.024408299,0.034235489,0.021009028,0.111039149,0.08876586,0.023054723,0.034354231,0.072054692
35,0.059866639,0.019916042,0.015795983,0.025640791,0.093678582,0.017973908,0.025123113,0.060235532,0.051254724,0.066797526,0.035748129,0.057249135,0.040089526,0.021856321,0.022200547,0.022579216,0.057668368,0.234124629,0.038064994,0.034136297
36,0.060933902,0.027133735,0.026403356,0.01227827,0.058402343,0.041142524,0.101957396,0.032789628,0.054422675,0.061206062,0.057118204,0.033205628,0.072311882,0.058934201,0.050504337,0.067900293,0.080332065,0.042840346,0.037492135,0.022691015
37,0.064026355,0.021098519,0.04552721,0.077247324,0.020508843,0.033772826,0.110278626,0.004757888,0.069231944,0.056156574,0.016691584,0.103916765,0.004665777,0.089989569,0.070181955,0.036101705,0.059274304,0.011988257,0.040788329,0.063795647
38,0.045331822,0.024649338,0.028537635,0.03732518,0.018645872,0.306253758,0.044335347,0.023341018,0.039651174,0.027039114,0.050306123,0.081212824,0.049958973,0.043608376,0.021830846,0.021017872,0.019030264,0.059061402,0.031999589,0.026863471
39,0.051338679,0.027714785,0.012952436,0.048318794,0.119319147,0.012366176,0.077964506,0.071330405,0.06011173,0.024249273,0.035379224,0.01012401,0.033136164,0.064235857,0.015593232,0.034023954,0.091698332,0.079396888,0.032391904,0.098354506
40,0.035655684,0.027632296,0.012293877,0.024464541,0.06862412,0.013490478,0.034765219,0.091453174,0.037821674,0.082133908,0.093594566,0.028305106,0.021011202,0.037589789,0.058226509,0.039333046,0.013802983,0.088093402,0.088798,0.102910427
41,0.047740651,0.023110439,0.025906265,0.03349571,0.027580673,0.031446454,0.013730616,0.196185269,0.022966519,0.064118533,0.048104528,0.021333728,0.022898649,0.020568846,0.026887343,0.015732082,0.01918919,0.289821422,0.021951572,0.027231512
42,0.087003504,0.013557284,0.018122401,0.017946051,0.020025374,0.037167302,0.064347034,0.018141892,0.127789069,0.018400621,0.052571432,0.060895662,0.009541851,0.122078952,0.117153208,0.066980185,0.080369723,0.029259513,0.021010621,0.017638321
43,0.080188043,0.023596531,0.029419076,0.026381347,0.017633505,0.069687827,0.012839177,0.031964302,0.041113074,0.054280214,0.053771589,0.021601324,0.037503291,0.032836603,0.020832849,0.109577863,0.247070925,0.045673227,0.022266175,0.021763058
44,0.033323784,0.021956321,0.030687533,0.023073028,0.041867991,0.018671241,0.02948159,0.182979511,0.028276824,0.052960932,0.072529907,0.034791063,0.070244535,0.023013789,0.012106,0.047104351,0.036703114,0.114044616,0.085358849,0.040825021
45,0.065770513,0.01868415,0.029663324,0.059823814,0.024678755,0.042480366,0.034714247,0.043570755,0.043704142,0.054739087,0.058333455,0.086043834,0.006516357,0.062791523,0.071334495,0.066957458,0.081227663,0.07734317,0.029111983,0.04251091
46,0.073409087,0.05127419,0.054851432,0.064295703,0.046632224,0.043908572,0.048345241,0.030960241,0.04227214,0.040110775,0.038768517,0.070929687,0.011431324,0.077278029,0.038200194,0.041788223,0.043041481,0.054346261,0.04988364,0.078273039
47,0.066374869,0.015126664,0.081193256,0.097306453,0.018337456,0.044918468,0.035436935,0.029878495,0.017097367,0.04094332,0.042556441,0.110229179,0.092773658,0.052681801,0.027320377,0.059685015,0.057475321,0.021179663,0.031865977,0.057619285
48,0.076319844,0.009211301,0.034004464,0.07607942,0.062313843,0.079796238,0.054269342,0.032485837,0.052564007,0.064545993,0.030136031,0.03889257,0.01014655,0.083061535,0.090758736,0.015932481,0.01934193,0.052115597,0.035148792,0.082875487
49,0.02571631,0.026632873,0.011687695,0.067608654,0.040355874,0.010894274,0.030623184,0.127378813,0.012036269,0.130960815,0.082392321,0.090355619,0.007042696,0.106252631,0.015302604,0.013442194,0.077293138,0.092260434,0.014045369,0.017718234
50,0.08854166,0.03186632,0.046445087,0.195787641,0.025352312,0.039949892,0.022811762,0.035982197,0.030708809,0.043814793,0.023891552,0.039847792,0.027569121,0.093265382,0.021091705,0.077310263,0.048560077,0.024446238,0.030021718,0.052735677
51,0.073167264,0.127499408,0.026107654,0.058286593,0.032279671,0.016876934,0.022173201,0.053735903,0.039902855,0.024847458,0.029406702,0.049444647,0.015702404,0.017996886,0.015320522,0.019040527,0.035411945,0.292554175,0.025574383,0.024670869
52,0.068786011,0.068717712,0.035021325,0.033292517,0.014804018,0.018321888,0.008003675,0.090163554,0.012219339,0.030983509,0.084179223,0.075591119,0.010253649,0.01353815,0.009345811,0.013049895,0.165944864,0.127982448,0.025993305,0.093807988
53,0.09759317,0.038666827,0.04399349,0.105035331,0.074334815,0.034690999,0.030327881,0.020218847,0.037912753,0.017676118,0.046786875,0.084162378,0.00358637,0.062276952,0.049148879,0.112806598,0.058420304,0.012433828,0.023137687,0.046789898
54,0.155485846,0.023536083,0.058900119,0.019403403,0.036295274,0.034895806,0.025268472,0.008255274,0.015512316,0.077333272,0.018718744,0.177539974,0.058561219,0.041697159,0.010271343,0.091495734,0.068004072,0.033950376,0.02444426,0.020431254
55,0.04783935,0.020205605,0.016051401,0.077617255,0.065067411,0.008961561,0.018218317,0.064329331,0.03762943,0.089892329,0.076335763,0.032129987,0.00809804,0.082561442,0.029541621,0.024181021,0.104421034,0.120592177,0.021004381,0.055322543
56,0.025357807,0.039425124,0.032533044,0.286553828,0.030389681,0.030209624,0.020033819,0.012979585,0.11936513,0.021981919,0.046461983,0.021331929,0.014774179,0.030142484,0.074030248,0.03023666,0.021801837,0.022242387,0.101927818,0.018220916
57,0.058138105,0.020064159,0.040200848,0.037323648,0.050779748,0.023798452,0.020873469,0.02917458,0.027259437,0.257400915,0.051069635,0.019004545,0.041530171,0.059188579,0.030140343,0.022657905,0.060640969,0.09362204,0.025569309,0.031563143
58,0.030121936,0.02223812,0.0440772,0.039504063,0.033545937,0.039815004,0.024839825,0.073108965,0.050671975,0.030675727,0.02738899,0.029915474,0.013982904,0.026919219,0.024064061,0.032069398,0.031219652,0.37147958,0.02466065,0.02970132
59,0.05135488,0.021801478,0.044283539,0.07956495,0.07776445,0.056751561,0.059300407,0.087244146,0.053892743,0.03198436,0.055569979,0.010414554,0.0102945,0.081839032,0.01649862,0.024188107,0.056490091,0.100696242,0.035108656,0.044957707
60,0.04823602,0.035064103,0.080398887,0.012850469,0.021604149,0.043923515,0.069603149,0.108393264,0.036615311,0.037423383,0.020818473,0.056075493,0.034090339,0.034031862,0.074367336,0.094855985,0.086432974,0.057475129,0.016527747,0.031212411
61,0.058764252,0.019676878,0.053951232,0.051497712,0.051029551,0.061136265,0.044708247,0.04749223,0.046589547,0.041349703,0.047300127,0.057317514,0.015885612,0.05989656,0.048013654,0.061041117,0.069292054,0.048825006,0.04014834,0.076084398
62,0.081050534,0.02997242,0.040981767,0.019730664,0.051597327,0.071230379,0.031157605,0.062929561,0.024025167,0.054622006,0.06190572,0.046620489,0.015966016,0.024804763,0.016932237,0.101421015,0.087484188,0.055169863,0.034006039,0.088392238
63,0.024783645,0.017068776,0.050273002,0.045656575,0.063699945,0.053488695,0.045886315,0.064080226,0.070297281,0.074571276,0.019460979,0.072411994,0.046913557,0.05275673,0.046357304,0.064643887,0.062127439,0.048223513,0.027913956,0.049384903
64,0.058466432,0.04335208,0.041307343,0.043676362,0.049960492,0.128533109,0.04387036,0.020016498,0.044531042,0.036290057,0.037697992,0.049452785,0.064292376,0.052354255,0.101379076,0.043940834,0.048185115,0.016028488,0.023807329,0.052857977
65,0.078599458,0.022347065,0.015211766,0.054164761,0.041539213,0.005430232,0.056299408,0.095960848,0.084664606,0.061744365,0.058183764,0.02426974,0.028668378,0.074066164,0.050441118,0.044974071,0.069127586,0.0665651,0.034627376,0.033114982
66,0.018811327,0.029829411,0.034708554,0.082723576,0.033620191,0.06714256,0.030337351,0.261591582,0.036348216,0.11504899,0.037898496,0.032838785,0.013107935,0.020521092,0.016196847,0.018996775,0.029383787,0.041469185,0.051168903,0.028256437
67,0.019160847,0.385290142,0.040495089,0.03781531,0.029356618,0.028361767,0.030398672,0.022190127,0.028680065,0.041933436,0.02327432,0.025702201,0.022312349,0.024264014,0.050867206,0.03443754,0.029313074,0.024330859,0.05827352,0.043542844
68,0.075921951,0.018517394,0.155088367,0.083760512,0.021073168,0.093395055,0.057122344,0.0155427,0.0319039,0.022758201,0.025213265,0.05529706,0.014345459,0.053908464,0.033203428,0.082637422,0.040821634,0.030424789,0.031781971,0.057282916
69,0.069833124,0.007771398,0.021105055,0.129117016,0.021068649,0.084225662,0.053515427,0.00575742,0.057962369,0.022535232,0.059686407,0.037359079,0.007190932,0.11733064,0.07010582,0.087554181,0.052930073,0.032682461,0.016915703,0.045353352
70,0.040871036,0.032917568,0.037050663,0.044679235,0.073349164,0.044187841,0.03582111,0.031795134,0.052913855,0.032026215,0.019393742,0.019866588,0.257253468,0.044270662,0.028450846,0.03039372,0.050237298,0.050322416,0.035017755,0.039181686
71,0.032156137,0.01258608,0.015726344,0.014451525,0.144244464,0.039419962,0.137925833,0.054546454,0.01896897,0.059507556,0.054834409,0.052242373,0.008508357,0.038994378,0.01635506,0.010131879,0.014966018,0.025472542,0.094085479,0.154876182
72,0.068727859,0.00839662,0.03528084,0.056164848,0.024662716,0.023340664,0.04690734,0.068131125,0.093349668,0.082404443,0.030570825,0.112606609,0.006963898,0.062546596,0.052622157,0.050623645,0.0558474,0.092910468,0.012473373,0.015468905
73,0.01960231,0.019967376,0.02084852,0.018795728,0.052230239,0.041637724,0.021018108,0.253637072,0.037252165,0.053647639,0.035956434,0.026670203,0.012123947,0.033699637,0.021277128,0.019085481,0.020031593,0.20500341,0.063920471,0.023594815
74,0.022984161,0.034854799,0.027070355,0.01964172,0.025344519,0.015072811,0.015520877,0.122077357,0.018608058,0.244736669,0.056883276,0.017684268,0.032331953,0.027452743,0.014632413,0.023380607,0.018896277,0.205710312,0.030857915,0.02625891
75,0.035838043,0.038758663,0.353687324,0.042020169,0.015001155,0.020906879,0.030400464,0.0370598,0.024405588,0.019966791,0.028012602,0.038876416,0.042219528,0.0385479,0.028972843,0.036173267,0.021310629,0.043311134,0.043687863,0.06084294
76,0.019116495,0.022197172,0.030561459,0.051131209,0.021053896,0.263785811,0.022723108,0.059058899,0.028814124,0.020513262,0.035869856,0.020924952,0.013272701,0.031767399,0.028886603,0.026226871,0.047836122,0.192354897,0.047889792,0.016015373
77,0.056225226,0.01614336,0.067331082,0.04272732,0.021681283,0.158959868,0.036462595,0.033358576,0.082515972,0.061630952,0.094622011,0.066177434,0.009299042,0.06220271,0.047021151,0.016615907,0.023385222,0.038205474,0.041903351,0.023531465
78,0.055515931,0.01797851,0.055628129,0.064846726,0.021242062,0.05637094,0.062908186,0.01475595,0.047549488,0.031504006,0.04746764,0.202698256,0.015534332,0.071045539,0.027590979,0.040431743,0.059577487,0.021671651,0.041054734,0.04462771
79,0.013930669,0.31596792,0.169254135,0.070917505,0.065712028,0.025127226,0.013638735,0.016538333,0.022106224,0.019317351,0.030041758,0.027011539,0.020821725,0.02008984,0.014938436,0.019740351,0.057858438,0.018288897,0.028995126,0.029703766
80,0.038321907,0.030020891,0.025038938,0.02221486,0.040584225,0.038673944,0.036383455,0.037237026,0.052390378,0.067431404,0.067175788,0.026037373,0.017774694,0.030117248,0.025110493,0.09949867,0.26340245,0.033470946,0.030156455,0.018958854
81,0.015189862,0.02039981,0.028834671,0.030934708,0.050082669,0.018034342,0.020215033,0.073314389,0.030552821,0.37102024,0.042536057,0.020340416,0.043284115,0.04466326,0.044729942,0.025739766,0.018298994,0.041548659,0.034998768,0.025281476
82,0.011903317,0.028995075,0.019302751,0.02997848,0.031110757,0.016175848,0.025080109,0.27891065,0.099435161,0.060698524,0.160929989,0.02277361,0.01590047,0.020232715,0.026784927,0.021832556,0.024532728,0.0669525,0.014619232,0.023850603
83,0.02521388,0.056972758,0.359332487,0.030780013,0.023490141,0.03308786,0.022581718,0.0216249,0.027784094,0.015575029,0.045925941,0.030555391,0.020645007,0.019899682,0.037370429,0.047095636,0.018694398,0.072233022,0.036005543,0.055132068
84,0.276717098,0.061649666,0.035871709,0.024477909,0.028505674,0.025194731,0.030070398,0.102565502,0.036428734,0.019070007,0.024514006,0.01579004,0.020697371,0.023485602,0.038090285,0.06264177,0.086074497,0.030886312,0.025565443,0.031703247
85,0.027885265,0.019763217,0.013232133,0.016908151,0.023531163,0.025118742,0.019792049,0.146821481,0.025255543,0.309381498,0.086473143,0.015277179,0.032044648,0.054502245,0.02575194,0.01666364,0.027292849,0.068082574,0.022583985,0.023638556
86,0.027870762,0.017399498,0.027229333,0.033324461,0.039068594,0.033758513,0.070385171,0.072227544,0.052907,0.296830527,0.032268925,0.033512076,0.018581864,0.032331069,0.014041664,0.024170102,0.036464296,0.064224909,0.043602952,0.029800739
87,0.022178241,0.02518471,0.031647705,0.042495992,0.03262677,0.357741566,0.039553246,0.02771101,0.03437226,0.032180938,0.063795392,0.03496722,0.013601414,0.037802285,0.052419775,0.013531269,0.021238724,0.069687132,0.031039075,0.016225279
88,0.1335313,0.017996437,0.317344728,0.028893074,0.018993302,0.042991808,0.01582697,0.019867216,0.048134834,0.014774367,0.028557069,0.028691291,0.020864353,0.034534118,0.019966648,0.061100499,0.039152425,0.05730608,0.028384638,0.023088844
89,0.033096251,0.019405234,0.048846738,0.029078227,0.058216486,0.025615696,0.052821678,0.068638057,0.039523085,0.022659346,0.017683019,0.022524136,0.328582432,0.026001202,0.013660536,0.024504688,0.026104579,0.029898139,0.037437809,0.07570266
90,0.07311737,0.010503795,0.033302641,0.043451277,0.020814423,0.134767764,0.131666901,0.0357282,0.024030228,0.058838456,0.06766283,0.095973017,0.013777636,0.100758093,0.012308928,0.060326409,0.025839427,0.024454506,0.016066117,0.016611982
91,0.029144961,0.335820971,0.017783786,0.026497784,0.115094381,0.048515242,0.017771804,0.026115359,0.029116918,0.039359378,0.037511881,0.048157271,0.018080967,0.032582916,0.029833054,0.041887982,0.014432748,0.028849043,0.040810796,0.022632758
92,0.023261398,0.012939442,0.31765586,0.134228343,0.030508188,0.051391565,0.026585299,0.015730197,0.021218953,0.0346894,0.044153037,0.031459665,0.026838514,0.026522286,0.017611412,0.030121544,0.03083573,0.030931819,0.043790789,0.049526559
93,0.022005689,0.042447098,0.128445451,0.255703696,0.012587434,0.053228756,0.037103988,0.014304066,0.024813489,0.020891986,0.025624803,0.041719116,0.016135332,0.030996013,0.016386448,0.037709723,0.02249311,0.124882683,0.02720808,0.045313038
94,0.018391417,0.020769548,0.023169003,0.010660722,0.184636973,0.006825141,0.035696904,0.092249105,0.041782811,0.291100043,0.064512054,0.020649385,0.011968797,0.022766519,0.014214925,0.018941078,0.032254868,0.053954895,0.012355642,0.02310017
95,0.099013859,0.016178302,0.054019615,0.076532403,0.013802506,0.03090251,0.046811318,0.0490668,0.060410537,0.030510111,0.113697404,0.050523281,0.010290564,0.149893797,0.035427091,0.055074417,0.043413473,0.026424865,0.013290692,0.024716454
96,0.026457065,0.021650592,0.165978849,0.055138882,0.02977606,0.136380393,0.046061134,0.014617746,0.024039647,0.030886702,0.028745519,0.220126164,0.012285565,0.054553165,0.022673729,0.041845328,0.019327986,0.01636318,0.014401474,0.01869082
97,0.184858541,0.01397636,0.012430083,0.046098033,0.014869375,0.024515532,0.014576975,0.02387402,0.114576626,0.04672922,0.039959755,0.027585975,0.007074385,0.072951046,0.036496267,0.155955026,0.045593464,0.082743133,0.019179192,0.015956992
98,0.047453719,0.042612571,0.037072608,0.123165225,0.013628329,0.018196855,0.050909535,0.017739876,0.09930689,0.007600378,0.022572364,0.048240803,0.010658925,0.100850003,0.095349855,0.083300803,0.115490806,0.021886269,0.021120476,0.02284371
99,0.015982957,0.05098089,0.021635075,0.031206158,0.15180454,0.018846223,0.014979062,0.026956612,0.043780759,0.017496336,0.037154572,0.024157968,0.017053021,0.031463897,0.025685276,0.027508615,0.034619218,0.023096157,0.35768501,0.027907654
100,0.019520615,0.040648004,0.332117081,0.072420308,0.022161778,0.058802491,0.025708274,0.087377473,0.028761597,0.023721204,0.025323805,0.033212655,0.018671341,0.029026668,0.025711021,0.035950823,0.028952588,0.013532671,0.029620129,0.048759475
101,0.025456682,0.022454329,0.039107923,0.030625163,0.024938563,0.008293009,0.03186828,0.114127184,0.025032841,0.286826709,0.036580276,0.020359037,0.041892846,0.023044726,0.041097352,0.014485085,0.016357354,0.112619788,0.047698055,0.037134797
102,0.026453524,0.046191334,0.022928853,0.013615316,0.343032572,0.016418286,0.023500939,0.044673662,0.02240117,0.02747293,0.035813324,0.024694684,0.031083449,0.0181634,0.026014864,0.034311734,0.014233241,0.017356242,0.039899264,0.171741212
103,0.060337856,0.041590432,0.03606353,0.025296362,0.043472393,0.020160528,0.01737799,0.08135886,0.01828975,0.131759991,0.037529949,0.02894944,0.016139613,0.018518174,0.027927705,0.012298648,0.024133903,0.300832349,0.032036879,0.025925645
104,0.0116949,0.05013035,0.025193577,0.402551757,0.027995732,0.040033342,0.030375616,0.046508077,0.045238403,0.020950038,0.049173139,0.035582041,0.013669858,0.033079958,0.023713271,0.028165232,0.030678045,0.02351455,0.031339954,0.03041216
105,0.028864796,0.023885218,0.028046973,0.034854192,0.020763955,0.050098385,0.024117693,0.020083651,0.039095237,0.052180486,0.046888727,0.027299633,0.027086757,0.020937931,0.429038071,0.015833021,0.022613312,0.014614937,0.028391208,0.045305814
106,0.032458087,0.017312713,0.045201287,0.075569067,0.022509149,0.059184114,0.038949573,0.014356544,0.037235336,0.0120587,0.039466195,0.02224166,0.108620669,0.047453739,0.03840996,0.154359873,0.151495693,0.01567527,0.026231994,0.041210378
107,0.038119292,0.007513194,0.016222244,0.02624813,0.051187552,0.072621217,0.089016535,0.020250474,0.030470546,0.013316489,0.029368969,0.059754909,0.006038764,0.042578581,0.029618628,0.058688938,0.110283897,0.014170444,0.083804105,0.200727091
108,0.185438359,0.023561579,0.047275546,0.025627209,0.024294331,0.033857516,0.057585176,0.018563291,0.017900834,0.024795647,0.030941193,0.020845678,0.021129382,0.016809519,0.040254208,0.09192663,0.200488572,0.075728496,0.024385045,0.018591787
109,0.04024824,0.01515962,0.019030731,0.094756363,0.030190898,0.032406308,0.071597413,0.028674604,0.100246285,0.015887451,0.034792241,0.058277059,0.008538678,0.074633509,0.067368822,0.079373291,0.090121344,0.072548987,0.021365009,0.044783145
110,0.033855776,0.029084771,0.01515042,0.032907378,0.017271079,0.089779435,0.099944265,0.029230933,0.029615867,0.02230781,0.039922352,0.030564681,0.085673737,0.065513136,0.023313344,0.259603894,0.024090492,0.029123157,0.019465751,0.023581721
111,0.098952419,0.016246979,0.03013382,0.017698967,0.015784637,0.062835151,0.02490232,0.026672125,0.011762881,0.021955502,0.027111302,0.069547151,0.005160821,0.034523017,0.023942223,0.225253194,0.230744793,0.01711267,0.013063628,0.026596399
112,0.035710695,0.400057796,0.014243772,0.02252392,0.081757634,0.034923086,0.046183978,0.018941901,0.022478188,0.031585692,0.034997363,0.032509221,0.018982719,0.022746311,0.032640205,0.027527976,0.031290925,0.023134006,0.028890669,0.038873946
113,0.037214064,0.05194103,0.034089594,0.039553915,0.09182459,0.021774272,0.043763785,0.038282174,0.023660323,0.046138379,0.04197111,0.044456978,0.010828321,0.036412076,0.020153128,0.023541778,0.016468815,0.057921962,0.022164734,0.297838971
114,0.060958963,0.025339567,0.058868902,0.043993488,0.028997,0.021472999,0.03290046,0.028296567,0.031344305,0.036484692,0.033593234,0.031972005,0.343215672,0.026009471,0.039459353,0.036440887,0.02799765,0.02898424,0.029809673,0.033860872
115,0.01553153,0.034598932,0.026970947,0.033109091,0.034745539,0.038546991,0.058674832,0.043552654,0.022848658,0.031892689,0.037371631,0.047327392,0.031778093,0.013506734,0.038516454,0.01238589,0.031150007,0.038076493,0.041214631,0.368200813
116,0.012035438,0.012172704,0.172241184,0.19549989,0.052663116,0.024576722,0.053055301,0.035885359,0.014135262,0.020150693,0.037505124,0.023674018,0.014858327,0.030205034,0.013810939,0.032985359,0.041477927,0.13968005,0.022923471,0.050464082
117,0.025481801,0.028485136,0.020360671,0.044597784,0.029944989,0.056894426,0.030719943,0.127186243,0.018414115,0.060470979,0.05987694,0.015028412,0.022228163,0.021112029,0.03250615,0.021139706,0.024043307,0.320257038,0.029078782,0.012173386
118,0.048320533,0.0082445,0.12870485,0.1045056,0.03583443,0.00819686,0.073860565,0.032694677,0.031847996,0.019251478,0.055596728,0.054691733,0.051211341,0.081213976,0.019382875,0.064031433,0.05952828,0.0324758,0.04548388,0.044922466
119,0.026891902,0.013790783,0.198297817,0.038720215,0.031377625,0.070090947,0.178631345,0.01728545,0.05831262,0.030295572,0.0481452,0.020438437,0.018066455,0.087609409,0.019353225,0.029641383,0.018218389,0.013167826,0.028433327,0.053232073
120,0.032996329,0.081935946,0.033507331,0.039657707,0.045323944,0.048526528,0.049667645,0.0537051,0.037375118,0.081706579,0.062829878,0.021304796,0.016123917,0.04288136,0.033656508,0.032829966,0.018705826,0.015767014,0.033828543,0.217669967
121,0.087288557,0.010482865,0.060148883,0.14532089,0.018987372,0.023135057,0.071605063,0.037395261,0.03117103,0.035945186,0.075223337,0.053036008,0.02848465,0.08376677,0.021144955,0.05712891,0.045929069,0.034147826,0.049541325,0.030116985
122,0.055570472,0.034183141,0.075091504,0.024543895,0.04867118,0.082128386,0.01940689,0.019796032,0.018901961,0.007315259,0.042017872,0.096857231,0.033016929,0.039878757,0.01988361,0.146870167,0.078574693,0.042681816,0.06234253,0.052267675
123,0.027543326,0.021971736,0.01939109,0.038947781,0.040616628,0.027521675,0.056622279,0.050679528,0.025811163,0.383879426,0.02582389,0.05467415,0.03541918,0.014825504,0.019402986,0.03008692,0.014620466,0.053930028,0.029638837,0.028593405
124,0.025336744,0.022325868,0.024683549,0.058463988,0.022712206,0.025663338,0.019878454,0.04032158,0.094359174,0.034259816,0.04555252,0.033343265,0.016668538,0.043605451,0.331970782,0.033117258,0.032700912,0.044159213,0.022990412,0.027886933
125,0.103619004,0.015415914,0.032994194,0.027704859,0.039989195,0.053938038,0.024493328,0.012652359,0.070310137,0.044734336,0.044880956,0.05095584,0.020512022,0.04287235,0.063561308,0.238746511,0.030749662,0.013493704,0.043090797,0.025285488
126,0.028247351,0.024832352,0.03202672,0.026115445,0.046167031,0.030700261,0.024149788,0.093193196,0.025331508,0.299928005,0.0298537,0.044318427,0.034463684,0.020846345,0.014960272,0.026434637,0.033908323,0.065197491,0.075526643,0.023798819
127,0.041088509,0.031279631,0.046586256,0.021404668,0.023939781,0.021872552,0.039118783,0.067255589,0.033040481,0.070737251,0.042280752,0.026306668,0.019813494,0.038298766,0.025817169,0.017692579,0.028113909,0.343740344,0.029702549,0.03191027
128,0.320550341,0.032934102,0.031081705,0.023013067,0.044508317,0.089731779,0.024924142,0.04335019,0.026967267,0.028712737,0.027694036,0.040428859,0.022475595,0.031112405,0.020734304,0.075045102,0.02217396,0.035532934,0.027710736,0.031318419
129,0.045564251,0.042914954,0.039375573,0.087112396,0.047783768,0.045767929,0.040481004,0.022025641,0.072679198,0.039442271,0.051646097,0.041114548,0.012024637,0.123721487,0.039920534,0.085031836,0.061000461,0.043269408,0.032369409,0.026754597
130,0.071456632,0.016638703,0.027408457,0.020637264,0.049272588,0.042916306,0.027189706,0.068926294,0.026744769,0.078948145,0.067983022,0.031855432,0.036182949,0.048982148,0.019298445,0.174622235,0.047218499,0.053779165,0.033999635,0.055939604
131,0.042445799,0.051433147,0.023234102,0.026200577,0.049858033,0.370266047,0.013758077,0.024418353,0.027306439,0.02365077,0.03197427,0.026734316,0.008434235,0.030270321,0.056073116,0.028894643,0.025382475,0.054228702,0.042651258,0.042785319
132,0.06073187,0.046724626,0.044379947,0.048546459,0.031759529,0.039549384,0.049264595,0.035364955,0.052653182,0.025834299,0.042451677,0.030004267,0.016715292,0.02374675,0.042633802,0.128126454,0.17586772,0.036413264,0.028855892,0.040376034
133,0.024632361,0.037260343,0.036733481,0.027106644,0.082785372,0.071873764,0.025357768,0.076023699,0.027519621,0.279241741,0.051697068,0.043834244,0.026407766,0.032405758,0.022833536,0.01839673,0.019269955,0.037989528,0.036254343,0.022376277
134,0.037357407,0.029558336,0.047254416,0.354565002,0.045122156,0.043343463,0.017526348,0.039680462,0.044751101,0.032066844,0.022016402,0.027316527,0.022542862,0.046651438,0.032011591,0.021367969,0.028627847,0.049221626,0.032278292,0.026739911
135,0.0178726,0.03022385,0.029623416,0.043140476,0.332060242,0.020161425,0.063075512,0.023571639,0.022658068,0.028745656,0.047041167,0.019252837,0.031096092,0.040745553,0.018809135,0.084777881,0.039874825,0.024305035,0.037337305,0.045627285
136,0.036619258,0.002819293,0.029907285,0.092549659,0.09227426,0.011177296,0.069511156,0.065408264,0.044950372,0.013784687,0.05311748,0.035508741,0.003480299,0.084724863,0.011893918,0.039398901,0.119481584,0.07154055,0.036966141,0.084885994
137,0.064349811,0.006881514,0.043259155,0.155137464,0.044366494,0.019669124,0.107956092,0.029919813,0.019350937,0.025269912,0.026198642,0.064449831,0.044977885,0.078835229,0.010918567,0.081812717,0.070255265,0.04036194,0.011954931,0.054074678
138,0.027534082,0.019712227,0.034244738,0.406982298,0.028800194,0.030390384,0.032331733,0.022653071,0.041485827,0.034522754,0.053408464,0.019825241,0.049511328,0.022416127,0.028229314,0.015310057,0.021499661,0.03463926,0.054210875,0.022292366
139,0.059924647,0.012497079,0.062776172,0.093906956,0.08888326,0.031805591,0.073830984,0.039280454,0.025132283,0.02940406,0.034686925,0.129826768,0.050831164,0.028174201,0.029436594,0.05874635,0.011672129,0.043324917,0.041906293,0.053953173
140,0.014586578,0.066704299,0.023390639,0.030192692,0.387155051,0.015777549,0.031317263,0.046253306,0.024438291,0.048269842,0.038420068,0.017637584,0.012448613,0.033420123,0.031929345,0.041328405,0.026354428,0.030488878,0.05115767,0.028729378
141,0.026233024,0.013676128,0.084977273,0.075763089,0.020081584,0.037345514,0.026390853,0.060495892,0.020916583,0.032943391,0.057849611,0.247017381,0.013913449,0.062549296,0.023584432,0.044800941,0.034006798,0.025130428,0.05960919,0.032715145
142,0.022445329,0.077233204,0.019863372,0.017014656,0.078061903,0.019019405,0.034935224,0.057297723,0.03597679,0.036639599,0.057557036,0.022850582,0.019144513,0.029851674,0.02430952,0.014080973,0.042220546,0.036801441,0.305684961,0.04901155
143,0.048055279,0.018031956,0.045869003,0.096382816,0.041292343,0.027814393,0.059966931,0.039720856,0.031047701,0.042144351,0.05366374,0.046682311,0.053302286,0.040433625,0.028276068,0.037385348,0.174754092,0.042753067,0.034243122,0.038180711
144,0.029098387,0.022850365,0.046165108,0.070039925,0.077283231,0.24504108,0.023750224,0.012654638,0.023259038,0.013298843,0.027939772,0.095106985,0.021187783,0.039393033,0.042286512,0.036819448,0.047397131,0.078174914,0.025819415,0.022434166
145,0.041430262,0.034900244,0.031601772,0.021826083,0.030813302,0.031953735,0.069808493,0.049651495,0.025358139,0.035195175,0.037292389,0.038865221,0.012237156,0.038630905,0.04179222,0.050251852,0.030115449,0.272347808,0.03742983,0.06849847
146,0.047173532,0.021588272,0.024587132,0.033826191,0.019166569,0.034917947,0.040760953,0.055821347,0.024463902,0.069612618,0.042809878,0.066375897,0.021616175,0.15386906,0.022020377,0.079263259,0.137094935,0.054880895,0.032059061,0.018091999
147,0.016928198,0.101179689,0.022793678,0.299183907,0.017431528,0.017636858,0.024007052,0.037594483,0.054370505,0.012454711,0.020561296,0.020739709,0.042255612,0.150555692,0.011345256,0.021678748,0.02248524,0.066886615,0.0231649,0.016746325
148,0.022874158,0.016987398,0.199310838,0.054318462,0.031069493,0.042065606,0.034269435,0.012875205,0.025711242,0.019263617,0.041094556,0.290151468,0.016179768,0.030501091,0.013398985,0.0402237,0.023062691,0.014820079,0.039075766,0.032746441
149,0.034223608,0.020686021,0.02107525,0.046788681,0.027943741,0.261845329,0.120965634,0.030050028,0.02716414,0.045362304,0.046853862,0.022365138,0.012930271,0.057924723,0.030785358,0.024705407,0.082920559,0.038893774,0.024641773,0.021874399
150,0.083768764,0.017108167,0.00899544,0.142946681,0.022739076,0.018118273,0.030906403,0.019101184,0.023661255,0.014476009,0.030406529,0.063633321,0.006628408,0.047710601,0.009038358,0.042928212,0.07172347,0.319907261,0.010715545,0.015487043
151,0.034764478,0.039086796,0.039119564,0.029086157,0.028185937,0.047673983,0.024762312,0.03272841,0.031102071,0.017128473,0.024913597,0.079138258,0.015476578,0.061661705,0.023377395,0.216971254,0.176916355,0.015867594,0.038588214,0.023450866
152,0.083795154,0.01661763,0.034775494,0.052672003,0.068760369,0.08467086,0.055228895,0.02486666,0.03332079,0.023137379,0.037940386,0.047330873,0.027672514,0.030536797,0.024171825,0.18047656,0.053203768,0.045496421,0.030081592,0.045244029
153,0.084528152,0.020274234,0.034786633,0.013784883,0.031449109,0.028284513,0.064417617,0.010056651,0.013244419,0.100805707,0.044541881,0.035046688,0.011466657,0.06169446,0.008586472,0.043534857,0.156405663,0.011790174,0.07835544,0.146945791
154,0.024611906,0.331884095,0.019224877,0.032514836,0.072611459,0.027454742,0.040404993,0.048846896,0.029853838,0.019882334,0.023103533,0.043047588,0.026593215,0.023695487,0.024435595,0.030528301,0.026847071,0.035893118,0.047524746,0.07104137
155,0.022765827,0.042045162,0.03436719,0.032463997,0.022949811,0.0227723,0.034576195,0.153073617,0.021194497,0.044966522,0.07351269,0.06745686,0.074338517,0.117781248,0.027825481,0.037502079,0.060300128,0.03667619,0.038412994,0.035018695
156,0.032776886,0.035193692,0.094093928,0.025798618,0.040725979,0.020642222,0.059760974,0.019050941,0.046883136,0.023659688,0.052961233,0.066640837,0.016936309,0.052998948,0.179324817,0.080225293,0.033154304,0.032912751,0.049128097,0.037131345
157,0.082550934,0.010493771,0.135752644,0.111046871,0.020153674,0.066141263,0.051493892,0.015088094,0.043793579,0.011722035,0.036093737,0.165663883,0.005950192,0.097665356,0.042555194,0.030883038,0.027204701,0.00766578,0.02805967,0.01002169
158,0.057240145,0.010822695,0.089573062,0.064806778,0.021445297,0.314541195,0.030746309,0.010124645,0.037303854,0.012740508,0.050678753,0.064133445,0.014433594,0.062216463,0.010140221,0.055598599,0.033642112,0.009514636,0.040060233,0.010237455
159,0.04154744,0.018954455,0.027717902,0.148011428,0.03254629,0.040207691,0.059635571,0.029260173,0.091527361,0.014758728,0.02953273,0.026735142,0.007791496,0.203022225,0.036746829,0.057278779,0.0572205,0.029375979,0.012705931,0.035423348
160,0.091254242,0.010881358,0.022099732,0.029238034,0.022564011,0.034930219,0.040582976,0.020966117,0.021336403,0.01636155,0.012106356,0.07356303,0.312793699,0.125047508,0.008362783,0.044670408,0.04833406,0.016406337,0.029891241,0.018609936
161,0.031812856,0.080444243,0.050989594,0.033504293,0.079478254,0.05383838,0.021989666,0.047461831,0.022846173,0.014730877,0.041759071,0.057188197,0.009058223,0.029576322,0.023433336,0.298626507,0.014359189,0.035786002,0.027386618,0.025730366
162,0.019491711,0.038861796,0.031552423,0.031208998,0.370141585,0.023270344,0.021801793,0.049349975,0.01799886,0.037062623,0.051111502,0.025602156,0.025576573,0.025784633,0.016023526,0.050866206,0.016516767,0.02512553,0.051694522,0.070958477
163,0.02227283,0.024880657,0.05000418,0.027018372,0.383033135,0.031050019,0.017675771,0.017894654,0.033518867,0.018749328,0.035183425,0.016897378,0.07346853,0.024106619,0.036447897,0.030298099,0.015869824,0.034036474,0.033438947,0.074154995
164,0.076881212,0.027031504,0.052952517,0.095138158,0.035011091,0.026389942,0.025808792,0.009086646,0.030213748,0.046419497,0.038191594,0.040697618,0.029708296,0.037281353,0.022182088,0.286808707,0.037975638,0.015412865,0.041785713,0.025023021
165,0.028090894,0.071256534,0.023547093,0.025599105,0.022139346,0.030105632,0.06395708,0.050608621,0.056488826,0.014592321,0.037241519,0.064375413,0.031380773,0.031341138,0.234651338,0.020467175,0.069060506,0.01906148,0.069579259,0.036455946
