site,A,C,D,E,F,G,H,I,K,L,M,N,P,Q,R,S,T,V,W,Y
1,0.011791028,0.025042117000000003,0.02515904,0.019326862,0.056789264000000006,0.008572966999999999,0.054617994,0.104718054,0.12453505699999999,0.063275443,0.023570702000000002,0.082833753,0.012239655,0.043017282999999996,0.062031996,0.022181512,0.0333875,0.061715861,0.077797294,0.087396616
2,0.06584828599999999,0.10214310199999999,0.01421046,0.042074142,0.042121622000000004,0.076203831,0.053961829,0.072072785,0.011555237,0.030913712000000003,0.038892261000000004,0.042678117,0.034740476,0.076620092,0.013311825,0.09656968199999999,0.047099264,0.043806664,0.036546404,0.058630209
3,0.046647345,0.034613644,0.08696401599999999,0.046504394000000004,0.041310343,0.045504626,0.015009346000000002,0.037264157,0.062110505,0.048166782000000005,0.069946389,0.030564904,0.060558587000000004,0.032223026,0.058134197,0.04108446,0.049585921,0.069695918,0.068853413,0.055258025999999995
4,0.031135112000000003,0.054316319,0.02026891,0.076016865,0.062490770999999994,0.059210974000000006,0.046059595,0.047228698,0.020522353,0.037223902,0.071336098,0.11525582300000001,0.06232327,0.052991377,0.017522213000000002,0.020038993999999997,0.09066226599999999,0.011324551,0.069838919,0.034232989
5,0.031347682,0.045168466,0.051842865,0.046065817,0.045189219,0.053145726,0.067463719,0.115319056,0.078558794,0.052834102,0.057916652,0.035457628,0.071076189,0.053416385999999996,0.040183681,0.023670128999999998,0.023087034,0.035253248,0.029661279,0.043342327
6,0.042735407,0.039539661000000004,0.069167341,0.052387498,0.071806095,0.028663415,0.024367062999999998,0.055880362999999995,0.088274104,0.047040947,0.043364747,0.045493978,0.055552133,0.041113903,0.044742740999999996,0.060684910999999994,0.062134458,0.025730894,0.047403035999999996,0.053917304000000006
7,0.030497746000000003,0.046893744,0.108239606,0.04714104,0.054597805,0.028377944,0.042499685,0.045266562999999996,0.050737463,0.033352396,0.058587228,0.042200018,0.026572152999999998,0.051476180999999996,0.07767004799999999,0.046787892000000005,0.04210801,0.07613576,0.039740122,0.051118597
8,0.05965425,0.057488633,0.03655639,0.018383601,0.012868738999999999,0.101245587,0.020404266,0.071287541,0.009644007,0.04623773,0.031958307000000005,0.08084424700000001,0.014336907,0.01802348,0.028407767999999996,0.11926970199999999,0.12259794199999999,0.108358138,0.017075451000000002,0.025357315
9,0.051104539000000004,0.053558972,0.051096354000000004,0.046790509,0.046290795999999995,0.060533245,0.067370272,0.073170433,0.054031235999999996,0.045424119000000006,0.061538141,0.034485458,0.031243907,0.036742571,0.045885019000000006,0.042874833,0.045557777,0.041391212999999996,0.05038959,0.060521016
10,0.160123862,0.07125309,0.036597777000000005,0.019185794,0.043896295,0.074903016,0.014286305,0.042910709000000005,0.016675975,0.016885131,0.065434535,0.019263816,0.046933830999999995,0.02575616,0.006086268000000001,0.138866114,0.09455514599999999,0.059944968,0.028443412999999997,0.017997796
11,0.049676757,0.014563276000000002,0.063082555,0.044547507,0.025936597999999998,0.027142624,0.060380345999999994,0.06824245,0.056476517999999996,0.043309503,0.038148853999999996,0.094956434,0.003615065,0.07245842200000001,0.061317424,0.053366721,0.059531367,0.062483555999999996,0.038904308,0.061859717
12,0.053196707,0.045790737000000005,0.073440173,0.083380496,0.00858432,0.05641529,0.089563037,0.006056661999999999,0.087619541,0.0054722569999999995,0.026515102000000002,0.082487813,0.041075036,0.079563991,0.054198803,0.067534055,0.055143081,0.003608192,0.042515597,0.037839108999999996
13,0.04604714099999999,0.01805584,0.078065013,0.052991603,0.059814717999999996,0.038140141,0.025736732000000002,0.082587139,0.036307818,0.060787022,0.048256452000000005,0.048883117999999996,0.049989404,0.038107258,0.032395642,0.039959987999999995,0.058718498,0.035671145,0.08105536,0.06842996900000001
14,0.037832015,0.029700386000000002,0.037208446,0.030276308,0.035590928,0.040317768999999996,0.078083179,0.037031193999999996,0.064240375,0.075832674,0.071286427,0.06122203,0.050107682,0.073449196,0.024115055,0.030555736,0.064312448,0.053132409000000005,0.062999664,0.042706078
15,0.046442066,0.017549766,0.058438789000000005,0.038398629,0.050429207000000004,0.049242467000000005,0.048013759,0.071266852,0.017095395,0.067239365,0.12849496400000002,0.050600235,0.030417384,0.027669741,0.038538552000000004,0.041850616,0.04002128,0.06501417599999999,0.04771432,0.065562437
16,0.038812901000000004,0.019049776,0.042813076,0.082129584,0.035293971,0.06989494,0.063522664,0.049685408,0.037717359,0.049720638,0.08479251199999999,0.051442691,0.035403702999999995,0.030605816,0.02313596,0.06597605200000001,0.045359744,0.03724734,0.075381558,0.062014308
17,0.0245732,0.027635751,0.062357688,0.07032221,0.061025862,0.038447136,0.053470332999999995,0.0557024,0.023273466,0.041232031,0.066440548,0.082268337,0.036044296,0.051533648,0.017706776,0.053588145999999996,0.043475383,0.034386028,0.020650653999999997,0.135866105
18,0.051487017,0.03658888,0.035421446,0.041106812,0.111213609,0.028182297999999998,0.052540384,0.054473114,0.050139222000000004,0.052902567000000005,0.08487309400000001,0.027908367000000003,0.015980189,0.045350267,0.026725316000000002,0.015453126999999999,0.098218805,0.063082258,0.047392931,0.060960296
19,0.02086429,0.046417488,0.030929726,0.032470592,0.062507522,0.012623848,0.020467523999999997,0.100838607,0.037922112,0.279826591,0.066774163,0.024511302999999998,0.017360824,0.029040454,0.014002714,0.033613852,0.047805828,0.046854672,0.03691965,0.038248238999999996
20,0.030185457000000002,0.35550057399999996,0.051681872999999996,0.036979247,0.034139549,0.021741224,0.051385735999999994,0.040587572,0.02817145,0.024259676,0.045275576,0.02692066,0.018368786,0.03304598,0.025927026000000002,0.032983028,0.035697909,0.019114146000000002,0.026089455,0.061945077
21,0.036222153,0.061171689,0.022286321,0.028439317999999998,0.03655204,0.012028243999999999,0.024594492000000003,0.088626867,0.022331842999999997,0.23460070800000002,0.05471116,0.022041091000000002,0.036086604,0.022423738999999998,0.044128661,0.018435264,0.05529595,0.124406782,0.033898245,0.021718828
22,0.013536833,0.023208235,0.022449507,0.033843255,0.129786693,0.305680222,0.037218346,0.022730741000000002,0.0203989,0.01674722,0.043186714,0.043704890999999996,0.026779069,0.034382777,0.05529334599999999,0.032794724,0.022041692999999998,0.03516938,0.048607142,0.032440312
23,0.011259018999999999,0.022347842000000003,0.019939866,0.035530522,0.08425379,0.014722312,0.260687171,0.017735102,0.068750692,0.025184467999999998,0.060141100999999995,0.04342815,0.018872198,0.042600777,0.126068864,0.011828455,0.019397594,0.031388172,0.048244620999999994,0.037619282000000004
24,0.017434636,0.027313147000000003,0.014231797,0.05009194,0.037695361000000004,0.016043375,0.17166884100000002,0.07177186599999999,0.034991663,0.056483211,0.047013488,0.054212049000000005,0.03357283,0.067606368,0.030731817999999998,0.020055869,0.045986291,0.053544573,0.056728170999999994,0.092822705
25,0.20242443,0.036664676,0.015000118,0.029053626000000003,0.037910868,0.01498239,0.022872516000000002,0.027055025,0.028502387999999997,0.014300064,0.042496513,0.119815915,0.024408298999999998,0.034235489,0.021009028,0.111039149,0.08876586,0.023054723,0.034354231,0.072054692
26,0.059866639000000006,0.019916042,0.015795983,0.025640791,0.093678582,0.017973908,0.025123113,0.060235532,0.051254724,0.066797526,0.035748129,0.057249135,0.040089526,0.021856321,0.022200547,0.022579216000000003,0.057668368,0.23412462899999997,0.038064994,0.034136297
27,0.060933902000000005,0.027133735,0.026403356,0.01227827,0.058402342999999995,0.041142524,0.10195739599999999,0.032789628,0.054422675,0.061206062,0.057118204000000006,0.033205628,0.07231188200000001,0.058934201,0.050504337,0.067900293,0.080332065,0.042840345999999994,0.037492135,0.022691015
28,0.064026355,0.021098519,0.04552721,0.077247324,0.020508843,0.033772826,0.11027862599999999,0.004757888,0.069231944,0.056156574,0.016691584,0.103916765,0.004665777,0.089989569,0.070181955,0.036101705,0.05927430400000001,0.011988256999999999,0.040788329,0.063795647
29,0.045331822,0.024649338,0.028537635,0.03732518,0.018645872,0.306253758,0.044335347000000004,0.023341017999999998,0.039651174,0.027039114,0.050306123,0.081212824,0.049958973,0.043608376,0.021830846,0.021017872000000003,0.019030263999999998,0.059061402,0.031999589,0.026863471
30,0.051338679000000005,0.027714785,0.012952436000000001,0.048318794000000005,0.11931914699999999,0.012366176000000001,0.077964506,0.071330405,0.06011173,0.024249273,0.035379224,0.01012401,0.033136163999999996,0.06423585700000001,0.015593232,0.034023954,0.091698332,0.079396888,0.032391904,0.098354506
31,0.035655684,0.027632296,0.012293877,0.024464541,0.06862412,0.013490478,0.034765219,0.091453174,0.037821674,0.08213390799999999,0.09359456599999999,0.028305106,0.021011202000000003,0.037589789,0.058226509,0.039333046,0.013802983000000001,0.08809340199999999,0.088798,0.102910427
32,0.047740650999999995,0.023110439,0.025906265,0.03349571,0.027580672999999997,0.031446454,0.013730616000000001,0.196185269,0.022966518999999998,0.06411853299999999,0.048104528,0.021333728,0.022898649,0.020568846000000002,0.026887342999999998,0.015732081999999998,0.01918919,0.289821422,0.021951572000000003,0.027231512000000003
33,0.08700350400000001,0.013557284,0.018122401,0.017946051,0.020025374,0.037167302,0.064347034,0.018141892,0.127789069,0.018400621000000002,0.052571432,0.060895662,0.009541851,0.12207895199999999,0.11715320800000001,0.066980185,0.080369723,0.029259512999999997,0.021010621,0.017638321000000002
34,0.080188043,0.023596531,0.029419076000000002,0.026381347000000003,0.017633505,0.06968782700000001,0.012839177,0.031964302,0.041113074,0.05428021400000001,0.053771589,0.021601323999999998,0.037503291,0.032836603,0.020832849,0.10957786300000001,0.247070925,0.045673227000000004,0.022266175,0.021763058
35,0.033323784,0.021956321,0.030687533,0.023073028,0.041867991,0.018671241,0.02948159,0.182979511,0.028276824,0.052960932,0.072529907,0.034791063,0.070244535,0.023013789,0.012106,0.047104350999999996,0.036703114,0.114044616,0.085358849,0.040825021
36,0.065770513,0.01868415,0.029663323999999998,0.059823814,0.024678755,0.042480366,0.034714247000000004,0.043570755,0.043704142,0.054739087,0.058333455,0.086043834,0.0065163569999999995,0.062791523,0.071334495,0.066957458,0.08122766299999999,0.07734317,0.029111982999999998,0.04251091
37,0.073409087,0.05127419,0.054851432,0.064295703,0.04663222400000001,0.043908572,0.048345241,0.030960241,0.04227214,0.040110775,0.038768517,0.070929687,0.011431324,0.077278029,0.038200194,0.041788223,0.043041481,0.05434626099999999,0.04988364,0.078273039
38,0.066374869,0.015126664,0.08119325599999999,0.097306453,0.018337456000000002,0.044918467999999996,0.035436935,0.029878495,0.017097367,0.04094332,0.04255644099999999,0.11022917900000001,0.09277365800000001,0.05268180099999999,0.027320377000000003,0.059685015,0.057475320999999996,0.021179662999999998,0.031865977000000004,0.057619285
39,0.076319844,0.009211301,0.034004464,0.07607942,0.062313843,0.07979623799999999,0.054269342000000005,0.032485837000000004,0.052564007,0.064545993,0.030136031,0.03889257,0.01014655,0.083061535,0.09075873599999999,0.015932481000000002,0.01934193,0.052115597,0.035148792000000005,0.082875487
40,0.02571631,0.026632872999999998,0.011687695,0.067608654,0.040355874,0.010894273999999999,0.030623183999999998,0.127378813,0.012036268999999999,0.130960815,0.08239232099999999,0.090355619,0.007042696,0.106252631,0.015302604,0.013442194,0.077293138,0.092260434,0.014045368999999999,0.017718234
41,0.08854166,0.03186632,0.046445087,0.195787641,0.025352312000000002,0.039949892,0.022811762000000003,0.035982197,0.030708809,0.043814793,0.023891552000000003,0.039847792,0.027569121000000002,0.093265382,0.021091705,0.077310263,0.048560077,0.024446238,0.030021718,0.052735677
42,0.07316726400000001,0.127499408,0.026107653999999998,0.058286593,0.032279671,0.016876934,0.022173201,0.053735903,0.039902855,0.024847458,0.029406702000000003,0.049444647,0.015702404,0.017996886,0.015320522,0.019040526999999998,0.035411945,0.292554175,0.025574383,0.024670868999999998
43,0.068786011,0.068717712,0.035021325,0.033292517,0.014804018,0.018321888,0.008003675,0.090163554,0.012219339,0.030983509,0.08417922300000001,0.075591119,0.010253649,0.01353815,0.009345810999999999,0.013049895,0.165944864,0.127982448,0.025993305,0.09380798800000001
44,0.09759317,0.038666827,0.04399349,0.105035331,0.074334815,0.034690999,0.030327881,0.020218846999999998,0.037912753,0.017676118,0.046786875,0.08416237800000001,0.00358637,0.062276952000000003,0.049148879000000006,0.11280659800000001,0.058420304000000006,0.012433828000000001,0.023137687,0.046789897999999996
45,0.15548584599999998,0.023536083,0.058900119,0.019403403,0.036295274,0.034895806,0.025268472,0.008255274,0.015512316000000002,0.07733327200000001,0.018718744,0.177539974,0.058561219000000005,0.041697159,0.010271343,0.09149573400000001,0.068004072,0.033950376000000004,0.02444426,0.020431254
46,0.04783935,0.020205605,0.016051401,0.077617255,0.06506741099999999,0.008961561,0.018218317,0.06432933099999999,0.03762943,0.089892329,0.076335763,0.032129987,0.00809804,0.082561442,0.029541621,0.024181021,0.10442103400000001,0.120592177,0.021004381000000003,0.055322542999999995
47,0.025357807000000003,0.039425124,0.032533044,0.286553828,0.030389681,0.030209623999999997,0.020033818999999998,0.012979585,0.11936513,0.021981919,0.046461983,0.021331929,0.014774178999999998,0.030142484,0.07403024799999999,0.03023666,0.021801837,0.022242387000000002,0.101927818,0.018220916
48,0.058138105,0.020064158999999998,0.040200848,0.037323648,0.050779748,0.023798452,0.020873469,0.02917458,0.027259437,0.257400915,0.051069635,0.019004545,0.041530171,0.059188579000000005,0.030140342999999997,0.022657905,0.060640969,0.09362204,0.025569309,0.031563142999999995
49,0.030121936000000002,0.02223812,0.0440772,0.039504063,0.033545937000000005,0.039815004,0.024839825,0.073108965,0.050671975,0.030675727000000003,0.02738899,0.029915473999999997,0.013982903999999999,0.026919218999999998,0.024064061,0.032069398,0.031219652,0.37147958,0.02466065,0.02970132
50,0.05135488,0.021801478,0.044283539000000004,0.07956495,0.07776445,0.056751561,0.059300407,0.087244146,0.053892743,0.03198436,0.055569979000000005,0.010414554,0.0102945,0.081839032,0.01649862,0.024188107,0.056490091,0.10069624199999999,0.035108656,0.044957707
51,0.04823602,0.035064103,0.080398887,0.012850469,0.021604149,0.043923515,0.069603149,0.108393264,0.036615311,0.037423383,0.020818473,0.056075493,0.034090339,0.034031862,0.07436733599999999,0.094855985,0.08643297400000001,0.05747512900000001,0.016527747,0.031212411000000002
52,0.058764252,0.019676878000000002,0.053951232,0.051497712,0.051029551,0.061136265,0.044708247,0.04749223,0.046589547,0.041349703,0.047300127000000004,0.05731751400000001,0.015885612,0.05989656,0.048013654,0.061041117,0.069292054,0.048825006,0.04014834,0.076084398
53,0.08105053400000001,0.02997242,0.040981767,0.019730664,0.051597327000000005,0.07123037900000001,0.031157605,0.062929561,0.024025167000000004,0.054622005999999994,0.06190572,0.046620489,0.015966016,0.024804762999999997,0.016932237,0.101421015,0.087484188,0.055169863,0.034006039,0.08839223800000001
54,0.024783645,0.017068776,0.050273002000000004,0.045656575,0.063699945,0.053488695,0.045886315,0.06408022599999999,0.070297281,0.07457127599999999,0.019460979,0.07241199400000001,0.046913557,0.05275673,0.046357304,0.064643887,0.062127439000000007,0.048223512999999996,0.027913956,0.049384903
55,0.058466432,0.04335208,0.041307342999999996,0.043676362,0.049960492,0.128533109,0.04387036,0.020016498,0.044531042,0.036290057,0.037697992,0.049452785,0.064292376,0.052354255,0.101379076,0.043940834000000005,0.048185115,0.016028488,0.023807329,0.052857977
56,0.078599458,0.022347065,0.015211766000000002,0.054164761,0.041539213,0.005430231999999999,0.056299407999999995,0.095960848,0.08466460599999999,0.061744365,0.058183764000000006,0.02426974,0.028668377999999998,0.074066164,0.050441118,0.044974071,0.06912758599999999,0.0665651,0.034627376,0.033114982
57,0.018811327,0.029829411,0.034708553999999996,0.082723576,0.033620191,0.06714256,0.030337351000000002,0.261591582,0.036348216,0.11504899,0.037898496000000004,0.032838785,0.013107935,0.020521092,0.016196847,0.018996775,0.029383787,0.041469185,0.051168902999999995,0.028256437000000002
58,0.019160846999999998,0.385290142,0.040495089,0.03781531,0.029356617999999998,0.028361767000000003,0.030398672,0.022190127,0.028680065,0.041933436,0.02327432,0.025702201,0.022312349,0.024264014,0.050867206,0.03443754,0.029313073999999998,0.024330859,0.05827352,0.043542844000000004
59,0.075921951,0.018517394,0.155088367,0.083760512,0.021073168,0.093395055,0.057122344000000005,0.015542700000000001,0.0319039,0.022758201000000002,0.025213265,0.05529706,0.014345459,0.053908464,0.033203428,0.082637422,0.040821634,0.030424789,0.031781971,0.057282915999999996
60,0.06983312400000001,0.0077713980000000005,0.021105055,0.129117016,0.021068649,0.08422566199999999,0.053515427000000004,0.00575742,0.05796236900000001,0.022535232000000002,0.059686407000000004,0.037359078999999996,0.007190932,0.11733064,0.07010582,0.087554181,0.052930073,0.032682461,0.016915703,0.045353352
61,0.040871036,0.032917568,0.037050663,0.044679235,0.07334916400000001,0.044187841,0.03582111,0.031795133999999996,0.052913855,0.032026215,0.019393742,0.019866588,0.257253468,0.044270662,0.028450846000000002,0.03039372,0.050237298,0.050322415999999995,0.035017755,0.039181686
62,0.032156137,0.01258608,0.015726344,0.014451525,0.14424446400000002,0.039419962,0.137925833,0.054546454,0.01896897,0.059507555999999996,0.054834409,0.052242372999999995,0.008508357,0.038994377999999996,0.01635506,0.010131879,0.014966018000000001,0.025472542,0.094085479,0.154876182
63,0.068727859,0.00839662,0.03528084,0.056164847999999996,0.024662716,0.023340664,0.04690734,0.068131125,0.09334966800000001,0.082404443,0.030570825,0.11260660900000001,0.0069638980000000005,0.062546596,0.052622157,0.050623645,0.055847400000000005,0.09291046800000001,0.012473373000000001,0.015468905
64,0.01960231,0.019967376000000002,0.02084852,0.018795728,0.052230239000000005,0.041637724,0.021018107999999997,0.253637072,0.037252165,0.053647639000000004,0.035956434,0.026670202999999996,0.012123947,0.033699637000000005,0.021277128,0.019085481,0.020031593,0.20500341,0.06392047099999999,0.023594815
65,0.056225225999999996,0.01614336,0.067331082,0.04272732,0.021681283,0.158959868,0.036462595,0.033358576,0.082515972,0.061630952,0.09462201099999999,0.06617743400000001,0.009299041999999999,0.06220271,0.047021151,0.016615907,0.023385222,0.038205473999999996,0.041903351,0.023531465
66,0.055515931,0.01797851,0.055628129000000005,0.064846726,0.021242062000000003,0.05637094,0.06290818599999999,0.01475595,0.047549488,0.031504006,0.04746764,0.20269825600000002,0.015534332,0.071045539,0.027590978999999998,0.040431743,0.059577487,0.021671651,0.041054734,0.04462771
67,0.013930669,0.31596792,0.169254135,0.070917505,0.06571202799999999,0.025127226000000003,0.013638735,0.016538333,0.022106224,0.019317351,0.030041758,0.027011538999999998,0.020821725,0.02008984,0.014938436000000001,0.019740351,0.057858438,0.018288897,0.028995126,0.029703766
68,0.038321907,0.030020891,0.025038937999999997,0.02221486,0.040584225,0.038673944,0.036383455,0.037237026,0.052390378,0.067431404,0.067175788,0.026037373,0.017774694,0.030117248,0.025110492999999998,0.09949867,0.26340245,0.033470946,0.030156455,0.018958854
69,0.015189862,0.02039981,0.028834671,0.030934707999999998,0.050082669,0.018034342,0.020215033,0.07331438900000001,0.030552821,0.37102024,0.042536057,0.020340416,0.043284115,0.04466326,0.044729942,0.025739766,0.018298994,0.041548659,0.034998768,0.025281476
70,0.011903317,0.028995075,0.019302751,0.02997848,0.031110757000000003,0.016175848,0.025080109,0.27891065,0.099435161,0.060698524000000004,0.160929989,0.02277361,0.01590047,0.020232715,0.026784927000000004,0.021832556,0.024532727999999997,0.0669525,0.014619232,0.023850602999999998
71,0.02521388,0.056972758,0.35933248700000003,0.030780013,0.023490141000000003,0.03308786,0.022581717999999997,0.021624900000000002,0.027784094,0.015575028999999999,0.045925941,0.030555391,0.020645007,0.019899682,0.037370429,0.047095635999999996,0.018694398,0.07223302200000001,0.036005543,0.055132068
72,0.276717098,0.061649666,0.035871709,0.024477909,0.028505673999999998,0.025194731,0.030070397999999998,0.10256550199999999,0.036428734,0.019070007,0.024514006,0.01579004,0.020697371000000003,0.023485602,0.038090285,0.06264177,0.08607449699999999,0.030886312000000003,0.025565442999999997,0.031703247000000004
73,0.027885265,0.019763217,0.013232133,0.016908151,0.023531162999999997,0.025118742000000003,0.019792049,0.146821481,0.025255543,0.30938149800000003,0.086473143,0.015277178999999998,0.032044647999999995,0.054502245,0.02575194,0.01666364,0.027292848999999998,0.068082574,0.022583985,0.023638556
74,0.027870762,0.017399498,0.027229332999999998,0.033324461,0.039068594,0.033758513,0.070385171,0.072227544,0.052907,0.296830527,0.032268925,0.033512076,0.018581864,0.032331069,0.014041663999999999,0.024170102000000002,0.036464296,0.06422490900000001,0.043602952,0.029800739
75,0.022178241,0.02518471,0.031647705,0.042495992,0.03262677,0.357741566,0.039553246,0.02771101,0.03437226,0.032180938,0.063795392,0.03496722,0.013601414,0.037802285,0.052419775,0.013531268999999999,0.021238724,0.069687132,0.031039075,0.016225279
76,0.1335313,0.017996437,0.317344728,0.028893073999999998,0.018993302,0.042991808,0.01582697,0.019867216,0.048134834,0.014774367,0.028557068999999997,0.028691291,0.020864353000000002,0.034534117999999996,0.019966648,0.061100499,0.039152425,0.05730608,0.028384637999999997,0.023088844
77,0.033096251,0.019405234,0.048846738,0.029078227,0.058216486,0.025615696,0.052821678,0.068638057,0.039523085,0.022659346,0.017683018999999998,0.022524136,0.328582432,0.026001202,0.013660536000000001,0.024504687999999997,0.026104579,0.029898139,0.037437809,0.07570266
78,0.07311737,0.010503795,0.033302641,0.043451277,0.020814423000000002,0.134767764,0.131666901,0.0357282,0.024030227999999997,0.058838456,0.06766283,0.095973017,0.013777636000000001,0.100758093,0.012308928,0.060326409000000004,0.025839427,0.024454506,0.016066116999999998,0.016611982
79,0.029144961,0.335820971,0.017783786,0.026497784,0.115094381,0.048515242,0.017771804,0.026115358999999998,0.029116918,0.039359378,0.037511881000000004,0.048157270999999995,0.018080967,0.032582916,0.029833053999999998,0.041887982000000004,0.014432748,0.028849042999999998,0.040810796,0.022632758
80,0.023261398,0.012939441999999999,0.31765586,0.134228343,0.030508188,0.051391565,0.026585299,0.015730196999999998,0.021218953,0.0346894,0.044153037,0.031459665,0.026838513999999997,0.026522286000000003,0.017611412,0.030121544,0.03083573,0.030931819,0.043790789000000004,0.049526559000000005
81,0.022005689,0.042447097999999996,0.128445451,0.25570369600000004,0.012587434,0.053228755999999995,0.037103988,0.014304066,0.024813488999999998,0.020891986,0.025624802999999998,0.041719116,0.016135332,0.030996013,0.016386448,0.037709723,0.02249311,0.12488268300000001,0.02720808,0.045313038
82,0.018391417,0.020769548,0.023169002999999997,0.010660722,0.184636973,0.006825141,0.035696904,0.092249105,0.041782811,0.29110004300000003,0.064512054,0.020649385,0.011968797,0.022766519,0.014214925,0.018941078,0.032254868,0.053954895,0.012355642,0.02310017
83,0.09901385900000001,0.016178302,0.054019615,0.076532403,0.013802506,0.03090251,0.046811318,0.0490668,0.060410537,0.030510111,0.113697404,0.050523280999999996,0.010290564,0.149893797,0.035427091,0.055074417,0.043413473,0.026424865,0.013290692,0.024716454
84,0.026457065,0.021650592000000003,0.165978849,0.055138882,0.02977606,0.13638039300000002,0.046061134000000004,0.014617746000000001,0.024039647,0.030886702000000002,0.028745519,0.22012616399999999,0.012285565,0.054553165,0.022673729,0.041845328,0.019327986000000002,0.01636318,0.014401474,0.01869082
85,0.18485854100000002,0.01397636,0.012430083,0.046098033,0.014869375,0.024515532000000003,0.014576975,0.02387402,0.114576626,0.04672922,0.039959755,0.027585975,0.007074385,0.07295104599999999,0.036496267,0.155955026,0.04559346400000001,0.082743133,0.019179192,0.015956992
86,0.047453719000000005,0.042612570999999995,0.037072608,0.123165225,0.013628329,0.018196855,0.050909535,0.017739876,0.09930689,0.0076003780000000005,0.022572363999999998,0.048240803,0.010658925,0.10085000300000001,0.095349855,0.08330080299999999,0.115490806,0.021886269,0.021120476000000003,0.02284371
87,0.015982957,0.05098089,0.021635075,0.031206157999999998,0.15180454,0.018846223,0.014979062,0.026956612,0.043780759,0.017496336,0.037154572000000004,0.024157968,0.017053021,0.031463897000000005,0.025685276,0.027508615,0.034619218,0.023096157000000003,0.35768501,0.027907654
88,0.019520615,0.040648004,0.33211708100000004,0.072420308,0.022161777999999997,0.058802491,0.025708274,0.08737747300000001,0.028761597000000003,0.023721204,0.025323805,0.033212655,0.018671341,0.029026668,0.025711021,0.035950823,0.028952587999999998,0.013532671000000001,0.029620129,0.048759475
89,0.025456682,0.022454329,0.039107922999999996,0.030625162999999997,0.024938562999999997,0.008293009,0.03186828,0.114127184,0.025032841,0.28682670899999996,0.036580276,0.020359037,0.041892846,0.023044726,0.041097352000000004,0.014485085,0.016357353999999998,0.11261978800000001,0.047698055,0.037134797000000004
90,0.026453524,0.046191334,0.022928853,0.013615316,0.34303257200000004,0.016418286,0.023500939,0.044673662,0.02240117,0.02747293,0.035813324,0.024694683999999998,0.031083449,0.018163400000000003,0.026014864,0.034311733999999997,0.014233241,0.017356242,0.039899264,0.171741212
91,0.060337855999999995,0.041590432000000004,0.03606353,0.025296362000000003,0.043472393,0.020160528,0.01737799,0.08135886,0.01828975,0.131759991,0.037529949,0.02894944,0.016139613,0.018518174,0.027927705,0.012298648,0.024133902999999998,0.300832349,0.032036879,0.025925645
92,0.0116949,0.05013035,0.025193577,0.402551757,0.027995732000000002,0.040033342,0.030375616,0.046508077,0.045238402999999996,0.020950038,0.049173139000000005,0.035582041,0.013669858,0.033079958,0.023713271,0.028165232000000002,0.030678045,0.02351455,0.031339953999999996,0.03041216
93,0.028864796,0.023885218,0.028046973,0.034854192,0.020763955,0.050098385,0.024117693,0.020083651,0.039095237000000005,0.052180486,0.046888727000000005,0.027299632999999997,0.027086757000000003,0.020937931,0.429038071,0.015833021,0.022613312000000003,0.014614937,0.028391207999999998,0.04530581400000001
94,0.032458087000000004,0.017312713,0.045201287,0.075569067,0.022509149,0.059184114,0.038949573,0.014356543999999999,0.037235336,0.0120587,0.039466195,0.02224166,0.108620669,0.047453739,0.03840996,0.154359873,0.15149569300000001,0.01567527,0.026231993999999998,0.041210378
95,0.038119292,0.007513194,0.016222244,0.02624813,0.051187552000000004,0.072621217,0.089016535,0.020250473999999997,0.030470546,0.013316488999999999,0.029368968999999998,0.059754909,0.006038764,0.042578581,0.029618627999999998,0.058688937999999996,0.11028389699999999,0.014170443999999999,0.083804105,0.20072709100000002
96,0.185438359,0.023561579,0.047275545999999995,0.025627208999999998,0.024294331000000002,0.033857516000000004,0.057585175999999995,0.018563291000000003,0.017900833999999997,0.024795647,0.030941193,0.020845678,0.021129382000000002,0.016809519,0.040254208,0.09192663,0.200488572,0.07572849599999999,0.024385045,0.018591787
97,0.04024824,0.01515962,0.019030731000000002,0.09475636300000001,0.030190897999999997,0.032406307999999995,0.071597413,0.028674604,0.100246285,0.015887451,0.034792241,0.058277059000000006,0.008538678000000001,0.074633509,0.06736882200000001,0.079373291,0.090121344,0.072548987,0.021365009,0.044783145
98,0.033855776000000004,0.029084771000000002,0.01515042,0.032907378,0.017271078999999998,0.089779435,0.099944265,0.029230932999999997,0.029615867,0.02230781,0.039922352,0.030564681,0.08567373699999999,0.065513136,0.023313344,0.259603894,0.024090492,0.029123157,0.019465751,0.023581721
99,0.098952419,0.016246978999999998,0.03013382,0.017698967,0.015784637,0.06283515099999999,0.02490232,0.026672125,0.011762881000000001,0.021955502000000002,0.027111302,0.069547151,0.0051608209999999995,0.034523017,0.023942223,0.225253194,0.230744793,0.01711267,0.013063628,0.026596399
100,0.035710695,0.400057796,0.014243772,0.02252392,0.08175763400000001,0.034923086,0.046183978,0.018941901,0.022478188,0.031585692,0.034997363,0.032509221,0.018982719,0.022746311,0.032640205,0.027527976000000003,0.031290925,0.023134006000000002,0.028890669,0.038873946
101,0.037214064,0.05194103,0.034089594,0.039553915,0.09182459,0.021774272,0.043763785,0.038282174,0.023660322999999997,0.04613837900000001,0.04197111,0.044456978,0.010828321,0.036412076,0.020153128,0.023541778,0.016468815,0.057921962,0.022164734,0.297838971
102,0.060958963,0.025339567,0.058868902,0.043993488,0.028997000000000002,0.021472999,0.03290046,0.028296567,0.031344305,0.036484692,0.033593234,0.031972005,0.343215672,0.026009471,0.039459352999999996,0.036440887000000005,0.02799765,0.02898424,0.029809673,0.033860872
103,0.01553153,0.034598932,0.026970947000000002,0.033109091,0.034745539,0.038546991,0.058674832,0.043552654,0.022848657999999997,0.031892689,0.037371631,0.047327392,0.031778093,0.013506734,0.038516454,0.01238589,0.031150007,0.038076492999999996,0.041214631,0.36820081299999996
104,0.012035438,0.012172704,0.172241184,0.19549989,0.052663115999999996,0.024576722000000002,0.053055301,0.035885359,0.014135262,0.020150693,0.037505124,0.023674017999999998,0.014858327,0.030205034,0.013810939,0.032985359,0.041477927000000005,0.13968005,0.022923471,0.050464082
105,0.025481801000000002,0.028485136,0.020360671,0.044597784,0.029944988999999998,0.056894426,0.030719943,0.127186243,0.018414115,0.060470979,0.05987694,0.015028412,0.022228163,0.021112028999999997,0.03250615,0.021139706,0.024043307000000003,0.320257038,0.029078782,0.012173386000000001
106,0.048320533,0.0082445,0.12870485,0.1045056,0.03583443,0.00819686,0.073860565,0.032694677000000005,0.031847996,0.019251478,0.055596728,0.054691733,0.051211340999999994,0.081213976,0.019382875,0.064031433,0.05952828,0.0324758,0.04548388,0.044922465999999994
107,0.026891902000000002,0.013790783000000001,0.198297817,0.038720215,0.031377625,0.070090947,0.178631345,0.01728545,0.05831262,0.030295572000000003,0.0481452,0.020438437,0.018066455,0.087609409,0.019353225,0.029641382999999997,0.018218388999999998,0.013167826,0.028433327,0.053232073
108,0.032996329,0.081935946,0.033507331,0.039657707,0.045323944000000005,0.048526528,0.049667645,0.05370509999999999,0.037375118,0.081706579,0.06282987799999999,0.021304796,0.016123916999999998,0.04288136,0.033656507999999995,0.032829966,0.018705826000000002,0.015767014,0.033828542999999996,0.217669967
109,0.08728855699999999,0.010482865,0.060148883,0.14532089,0.018987372,0.023135057,0.071605063,0.037395261,0.03117103,0.035945186000000004,0.075223337,0.053036007999999996,0.02848465,0.08376677,0.021144955,0.05712891,0.045929069,0.034147826,0.049541325,0.030116985
110,0.055570472,0.034183141,0.075091504,0.024543895,0.04867118,0.082128386,0.01940689,0.019796031999999998,0.018901961000000002,0.007315259,0.042017872000000005,0.096857231,0.033016929,0.039878757,0.01988361,0.146870167,0.078574693,0.042681816,0.06234253,0.052267675
111,0.027543326,0.021971736000000002,0.01939109,0.038947781,0.040616627999999995,0.027521675,0.056622279000000005,0.050679528,0.025811162999999998,0.383879426,0.02582389,0.05467415,0.03541918,0.014825504,0.019402986,0.03008692,0.014620466,0.053930028,0.029638837,0.028593405
112,0.025336743999999998,0.022325868,0.024683549,0.058463988,0.022712206000000002,0.025663337999999997,0.019878454,0.04032158,0.094359174,0.034259816,0.04555252,0.033343265,0.016668538,0.043605450999999996,0.331970782,0.033117258,0.032700912,0.044159212999999996,0.022990412000000002,0.027886933
113,0.103619004,0.015415914,0.032994194,0.027704859,0.039989195,0.053938038,0.024493327999999998,0.012652358999999998,0.07031013700000001,0.044734336,0.044880956,0.05095584,0.020512021999999998,0.04287235,0.063561308,0.23874651100000002,0.030749662,0.013493703999999999,0.043090797,0.025285488
114,0.028247351,0.024832352000000002,0.03202672,0.026115445,0.046167031,0.030700261,0.024149788,0.09319319599999999,0.025331508,0.299928005,0.029853700000000004,0.044318427,0.034463684,0.020846345,0.014960272,0.026434637,0.033908323,0.065197491,0.075526643,0.023798819
115,0.041088509,0.031279631,0.046586256,0.021404667999999998,0.023939781,0.021872552000000003,0.039118783,0.067255589,0.033040481000000003,0.070737251,0.042280752000000005,0.026306668,0.019813493999999997,0.038298766,0.025817168999999997,0.017692579,0.028113909,0.343740344,0.029702548999999998,0.03191027
116,0.320550341,0.032934102,0.031081705,0.023013067,0.044508317,0.089731779,0.024924142000000003,0.04335019,0.026967267000000003,0.028712737000000002,0.027694036000000002,0.040428859,0.022475595,0.031112405,0.020734304,0.075045102,0.02217396,0.035532934,0.027710736,0.031318419
117,0.04556425099999999,0.042914954000000005,0.039375573,0.087112396,0.047783768,0.045767929000000006,0.040481004,0.022025641000000002,0.072679198,0.039442271,0.051646097,0.041114548,0.012024637,0.12372148699999999,0.039920534,0.085031836,0.061000461,0.043269407999999995,0.032369409,0.026754597
118,0.071456632,0.016638703,0.027408457,0.020637264,0.049272588,0.042916305999999994,0.027189706,0.068926294,0.026744768999999998,0.078948145,0.067983022,0.031855432,0.036182949,0.048982147999999996,0.019298445,0.174622235,0.047218499000000004,0.053779165,0.033999635,0.055939604000000004
119,0.042445799000000006,0.051433147,0.023234102000000003,0.026200577000000003,0.049858032999999996,0.37026604700000004,0.013758076999999999,0.024418352999999997,0.027306439,0.02365077,0.03197427,0.026734316,0.008434235,0.030270321,0.056073116,0.028894642999999998,0.025382475,0.054228702000000004,0.042651258,0.042785319
120,0.06073187,0.046724626,0.044379947,0.04854645900000001,0.031759529,0.039549384,0.049264595,0.035364955,0.052653182,0.025834298999999998,0.042451677,0.030004267,0.016715292,0.02374675,0.042633802,0.128126454,0.17586772,0.036413264,0.028855892,0.040376034
121,0.024632361000000002,0.037260343,0.036733481,0.027106644,0.082785372,0.071873764,0.025357768,0.076023699,0.027519621,0.279241741,0.051697068,0.043834244,0.026407766000000003,0.032405758,0.022833536,0.01839673,0.019269955,0.037989528,0.036254343,0.022376277000000003
122,0.037357407,0.029558336,0.047254415999999994,0.354565002,0.045122156,0.043343463,0.017526348,0.039680462,0.044751100999999995,0.032066844,0.022016402,0.027316527,0.022542862,0.046651437999999996,0.032011591,0.021367969,0.028627847,0.049221626,0.032278292,0.026739911
123,0.0178726,0.03022385,0.029623416,0.043140476,0.332060242,0.020161425,0.063075512,0.023571639,0.022658067999999996,0.028745656,0.047041167,0.019252837,0.031096092000000002,0.040745553,0.018809135,0.084777881,0.039874825,0.024305035,0.037337305,0.045627285
124,0.036619257999999995,0.002819293,0.029907285,0.092549659,0.09227426,0.011177296000000001,0.06951115599999999,0.06540826400000001,0.044950372,0.013784687,0.05311748,0.035508741,0.003480299,0.08472486300000001,0.011893918,0.039398901,0.119481584,0.07154055,0.036966141,0.084885994
125,0.06434981099999999,0.006881514,0.043259155,0.155137464,0.044366494000000006,0.019669124,0.10795609199999999,0.029919812999999996,0.019350937,0.025269912000000002,0.026198642,0.064449831,0.044977885,0.078835229,0.010918566999999999,0.08181271700000001,0.070255265,0.04036194,0.011954931,0.054074678
126,0.027534082,0.019712227,0.034244738,0.40698229799999996,0.028800193999999998,0.030390384,0.032331733,0.022653071,0.041485827,0.034522753999999996,0.053408464,0.019825241,0.049511328,0.022416127,0.028229314,0.015310057,0.021499661,0.03463926,0.054210875,0.022292366
127,0.059924647000000004,0.012497079,0.062776172,0.093906956,0.08888326,0.031805591,0.073830984,0.039280454,0.025132283,0.02940406,0.034686925,0.129826768,0.050831164000000005,0.028174201,0.029436594,0.05874635,0.011672129,0.043324917000000004,0.041906293,0.053953173
128,0.026233024,0.013676128000000001,0.084977273,0.075763089,0.020081584,0.037345513999999996,0.026390853,0.060495892,0.020916583,0.032943391,0.057849610999999995,0.247017381,0.013913449,0.06254929599999999,0.023584432000000002,0.044800941,0.034006798,0.025130428,0.05960919,0.032715145
129,0.022445329,0.077233204,0.019863372,0.017014656,0.078061903,0.019019405,0.034935224,0.057297722999999995,0.03597679,0.036639599,0.057557036,0.022850582,0.019144513000000002,0.029851673999999998,0.02430952,0.014080973,0.042220546,0.036801441000000004,0.30568496100000003,0.04901155
130,0.048055279000000006,0.018031956000000002,0.045869003,0.096382816,0.041292342999999995,0.027814393,0.059966930999999994,0.039720856,0.031047701,0.042144351,0.05366374,0.046682311,0.053302286,0.040433625,0.028276067999999998,0.037385348,0.174754092,0.042753067,0.034243122,0.038180711
131,0.029098387000000003,0.022850365,0.046165107999999996,0.070039925,0.077283231,0.24504108,0.023750224,0.012654638000000001,0.023259038,0.013298843000000001,0.027939772,0.095106985,0.021187782999999998,0.039393033,0.042286512000000005,0.036819448,0.047397130999999995,0.078174914,0.025819415,0.022434166000000002
132,0.041430262,0.034900244,0.031601772,0.021826083,0.030813302,0.031953735,0.069808493,0.049651495,0.025358139,0.035195175,0.037292389,0.038865221,0.012237156,0.038630905,0.04179222,0.050251852,0.030115449,0.272347808,0.03742983,0.06849847
133,0.047173532000000004,0.021588272000000002,0.024587132,0.033826191,0.019166568999999998,0.034917947000000005,0.040760952999999996,0.055821347,0.024463902000000003,0.069612618,0.042809877999999996,0.066375897,0.021616175,0.15386906,0.022020377,0.079263259,0.137094935,0.054880895,0.032059061,0.018091998999999997
134,0.016928198000000002,0.101179689,0.022793677999999998,0.29918390699999997,0.017431528,0.017636858000000002,0.024007052,0.037594483,0.054370505,0.012454711,0.020561296,0.020739709,0.042255612000000005,0.150555692,0.011345256000000001,0.021678747999999998,0.02248524,0.066886615,0.0231649,0.016746325
135,0.022874158,0.016987398,0.19931083800000002,0.054318462000000005,0.031069492999999997,0.042065606,0.034269435,0.012875205,0.025711242000000002,0.019263617,0.041094556000000004,0.290151468,0.016179768,0.030501091,0.013398985,0.040223699999999994,0.023062691,0.014820079,0.039075766,0.032746441
136,0.034223607999999996,0.020686021000000002,0.02107525,0.046788681,0.027943741,0.26184532899999996,0.120965634,0.030050028,0.02716414,0.045362304000000006,0.046853862,0.022365138,0.012930271,0.057924723,0.030785358,0.024705407000000002,0.082920559,0.038893774,0.024641773,0.021874399
137,0.08376876400000001,0.017108167,0.00899544,0.142946681,0.022739076,0.018118273,0.030906403,0.019101184,0.023661255,0.014476009,0.030406528999999998,0.06363332099999999,0.0066284080000000006,0.047710601,0.009038358,0.042928212,0.07172347,0.319907261,0.010715545,0.015487043
138,0.034764478,0.039086796,0.039119564,0.029086157,0.028185937,0.047673982999999996,0.024762312,0.03272841,0.031102071000000002,0.017128473,0.024913597000000003,0.079138258,0.015476578000000001,0.061661705,0.023377395,0.21697125399999997,0.176916355,0.015867594,0.038588213999999996,0.023450866
139,0.08379515400000001,0.01661763,0.034775494,0.052672002999999995,0.068760369,0.08467086,0.055228895,0.02486666,0.03332079,0.023137379,0.037940386,0.047330872999999996,0.027672514,0.030536797,0.024171825,0.18047656,0.053203768,0.045496420999999995,0.030081592,0.045244029000000005
