beta = 2.09631
kappa = 4.57459
omega = 0.468043
phiA = 0.402938
phiC = 0.17564
phiG = 0.218229