kappa = 4.09207
omega = 0.164274
phi0A = 0.31604
phi0C = 0.131371
phi0G = 0.274803
phi1A = 0.385714
phi1C = 0.192167
phi1G = 0.186434
phi2A = 0.377118
phi2C = 0.189233
phi2G = 0.198615