beta =    1.5
kappa = 3.63689
omega = 0.242368
phiA = 0.38477
phiC = 0.174727
phiG = 0.230333