site,A,C,D,E,F,G,H,I,K,L,M,N,P,Q,R,S,T,V,W,Y
1,0.10024889238002616,0.010078376946547977,0.0011389565733112288,0.00273289376748421,0.007429865317260673,0.0016571618010695036,0.0008167893816771945,0.27937697406573525,0.004220486564727355,0.03841785857032234,0.007965614914180316,0.0024982242983982244,0.00030348533557768786,0.0012831286364806177,0.00136295629047169,0.035781167911125615,0.291666873149298,0.20849662567664945,0.00145031588622664,0.003073352533430127
2,0.015916948602933977,0.0011837105513731803,0.043403367488724136,0.05634668269880849,0.0167090812180539,0.036638101111666536,0.0029851522037668008,0.1252067428584756,0.06245873979617833,0.13334431585183842,0.0067125328406875155,0.023936734395466935,0.002179396604304728,0.047266830621043324,0.0889519346239204,0.12366261463498082,0.14877907984428135,0.03771193540295263,0.0028853861711979085,0.02372071247934517
3,0.03691025841864453,0.0013860714158908808,0.05898922702566345,0.07615582782259493,0.00963497758433654,0.037712443668107484,0.007538490848233629,0.004159567885159691,0.15334037158955657,0.05330164047956643,0.006503051811748523,0.02098374749662857,0.0015665666282395332,0.15110098882618272,0.09928264726481857,0.15134393189253909,0.07280642310570135,0.038892976151709585,0.0014163675619862698,0.0169744225226916
4,0.1304155826673088,0.0019101465521908995,0.0022845926455111127,0.002045741237026256,0.016956228083157936,0.01816974800051055,0.008624592677785283,0.1431381197304639,0.01115536294160542,0.3491317872665572,0.06881176071214265,0.001138905585614931,0.0008904597322393792,0.006250150735507028,0.0013786974292632293,0.040128582459954265,0.1052929447229584,0.056579963355635005,0.023244796294488817,0.012451837170079118
5,0.012012431113486967,0.0012237828275315468,0.06650002661721754,0.5668721259291716,0.001117010944133847,0.0046151274896407265,0.029871984197205957,0.02315097442361749,0.05014960165486944,0.012945477342495881,0.024342747642792165,0.014130224721792633,0.00212375155674351,0.006767164343452205,0.005056825162058288,0.057545376388582994,0.07250759498378224,0.03724464175443659,0.0014747362031114202,0.010348394703877245
6,0.012806853633401862,0.012955626400957267,0.02109698525496917,0.013682829773159367,0.6176968402066361,0.003693740556321493,0.005961054400704121,0.03310374650026234,0.03963361605415569,0.022236441034404385,0.07195063915447723,0.011065849781871136,0.0019326758483317666,0.007358476275882998,0.008303287608121874,0.018563232870971114,0.009260208681679205,0.011122325681639598,0.006662495412959503,0.07091307486909382
7,0.02259386352297946,0.0008616770343151229,0.305096469714222,0.10040960030948241,0.003025437718037908,0.01496819027537708,0.004576878103270409,0.003581804656030295,0.14133459285266162,0.002178463048588718,0.0011190259870832464,0.10349707420997628,0.116533956607808,0.03366498813419477,0.02547977808540321,0.09150930379315253,0.016304322305645207,0.006906392480854135,0.0009775018522481822,0.00538067930866952
8,0.05151226577958486,0.0038637519984624784,0.0317975958178171,0.06064018699119403,0.06943643985960987,0.03200757965894003,0.005951666386895446,0.012177334196465934,0.23559105717992235,0.10635727796805398,0.008384239707793133,0.005317454254622124,0.020195148617370467,0.02969681913204857,0.03758212647120785,0.07703779113950573,0.06799848589294029,0.08448527229593177,0.00841716336603939,0.051550343285594505
9,0.12230658919125575,0.00017421168541582416,0.1049954865601852,0.27402280696406384,0.004315304838334294,0.043136264887068884,0.013759968306091275,0.023876045940062485,0.005529239637956989,0.02838428415059479,0.01079615166950151,0.12266377846077813,0.005655667578679981,0.009216080074233851,0.0009830675897236894,0.1122849921562847,0.07962533340081096,0.029182349783259124,0.0029891039297485983,0.006103273195950259
10,0.049113720949410196,0.000566785804662353,0.010395479363292891,0.05648143712424024,0.007578276572883022,0.14707974960837908,0.009916576033748431,0.1026794320284223,0.012415594597908187,0.06560181743211259,0.0177853035563444,0.2594630739333791,0.007197262950509175,0.029220630231363932,0.02907060921515572,0.09530259127412447,0.0349902720236479,0.022947535790690612,0.006352623757261347,0.03584122775246404
11,0.35984620094980835,0.0019788883684743494,0.0009348065616176444,0.0013669771520188226,0.009163360453848954,0.030868563317686403,0.011554856176903982,0.01616121414416438,0.022294537230791302,0.005649316168391633,0.014478349877229148,0.0279728400894292,0.0002666905279907506,0.05442785229949383,0.01414830919786019,0.1422232326989194,0.15928069863970684,0.06393717712711998,0.05226064906941878,0.011185479949126012
12,0.005744254623741819,0.015105129721372,0.003971210529161063,0.008283439374947764,0.15637673529022195,0.017295603972682275,0.013888299036752028,0.005881158700652152,0.010444463353752043,0.017563572208642242,0.023855428463935638,0.005302575834439841,0.000978534946436304,0.005022064243006403,0.010300545679242051,0.003170975421500351,0.008255972274137937,0.009271454219060078,0.5038050814492041,0.17548350065711218
13,0.017233681698764262,0.009076336669382089,0.01060846506997059,0.11780292977030421,0.0056673191166444325,0.0385145163049572,0.0019483079358503267,0.041444268492872034,0.019088283326567715,0.03430223681613943,0.03875598104317754,0.026081104306386015,0.23600394976000733,0.13433957276114258,0.0574266404084038,0.08740712031016311,0.08535227396872178,0.033240285701466976,0.0009448704051747173,0.004761856133903831
14,0.0009024619605205525,0.0015948019443188322,0.004370126100289208,0.007077738684058605,0.00043000231325256144,0.0038062699054499513,0.007570589157246191,0.005887605273960699,0.011224217688857658,0.007620786685340377,0.001042198983862468,0.9075500832930443,0.0027472152850952954,0.010669724597167057,0.004915226087569097,0.011354864786264011,0.0023690097922899724,0.0019978464979441743,0.0015024154807224566,0.005366815482746388
15,0.007040724313589716,0.0005332401303339667,0.003387281547419581,0.005226458141178194,0.04260320524182519,0.000567920400644578,0.17011403346360024,0.011272474430620027,0.002738250588442596,0.017454126843309773,0.012789724008287214,0.09269180343034414,0.00046846120146256726,0.024164270723634224,0.009534694117542415,0.1326246777051567,0.11912833593938073,0.034134622771092006,0.002241677339511975,0.31128401766262426
