alpha_omega = 0.631638
beta_omega = 7.77597
kappa = 3.25399
phi0A = 0.339063
phi0C = 0.142799
phi0G = 0.286719
phi1A = 0.361371
phi1C = 0.193233
phi1G = 0.195646
phi2A = 0.335476
phi2C = 0.220064
phi2G = 0.202919