beta = 0.105046
kappa = 3.32288
omega = 0.0763073
phiA = 0.345516
phiC = 0.184511
phiG = 0.229971