beta = 0.120761
kappa = 3.40634
omega = 0.0732357
phiA = 0.356194
phiC = 0.171479
phiG = 0.237171