alpha_omega = 1.41051
beta = 1.70224
beta_omega =     10
kappa = 3.95642
phiA = 0.37546
phiC = 0.174362
phiG = 0.238063