beta = 1.7761
kappa = 3.59436
omega = 0.137144
phiA = 0.376644
phiC = 0.174305
phiG = 0.237733