beta = 1.77339
kappa = 3.61249
omega = 0.145651
phiA = 0.37057
phiC = 0.184323
phiG = 0.233781