kappa = 2.9077
omega = 0.065038
phi0A = 0.349211
phi0C = 0.13847
phi0G = 0.276822
phi1A = 0.38864
phi1C = 0.16864
phi1G = 0.216181
phi2A = 0.331999
phi2C = 0.206836
phi2G = 0.214454