beta = 1.1064
kappa = 3.38663
omega = 0.0726869
phiA = 0.361283
phiC = 0.17487
phiG = 0.239675