kappa = 2.9775
omega = 0.0673226
phi0A = 0.339063
phi0C = 0.142799
phi0G = 0.286719
phi1A = 0.361371
phi1C = 0.193233
phi1G = 0.195646
phi2A = 0.335476
phi2C = 0.220064
phi2G = 0.202919