beta = 1.23471
kappa = 3.30495
omega = 0.0766579
phiA = 0.354886
phiC = 0.185678
phiG = 0.236748