kappa = 2.8727
omega = 0.0557165
phi0A = 0.339212
phi0C = 0.143146
phi0G = 0.276596
phi1A = 0.387061
phi1C = 0.175563
phi1G = 0.214666
phi2A = 0.333099
phi2C = 0.216511
phi2G = 0.197737