beta = 0.874182
kappa = 3.40602
omega = 0.0642167
phiA = 0.35131
phiC = 0.189773
phiG = 0.232914