beta = 0.991085
kappa = 3.37664
omega = 0.0742075
phiA = 0.353478
phiC = 0.184687
phiG = 0.228235