beta = 1.1e-05
kappa = 3.51474
omega = 0.0579401
phiA = 0.343316
phiC = 0.19305
phiG = 0.22159