beta = 0.0186241
kappa = 3.3325
omega = 0.0789796
phiA = 0.355005
phiC = 0.17397
phiG = 0.231972