kappa = 3.08476
omega = 0.0520183
phi0A = 0.349862
phi0C = 0.15266
phi0G = 0.275271
phi1A = 0.361116
phi1C = 0.185958
phi1G = 0.208019
phi2A = 0.328587
phi2C = 0.223426
phi2G = 0.187582