beta = 1.50425
kappa = 3.67104
omega = 0.0996263
phiA = 0.355793
phiC = 0.19032
phiG = 0.228416