beta = 0.970703
kappa = 3.50903
omega = 0.0579268
phiA = 0.344191
phiC = 0.196954
phiG = 0.227161