beta = 1.70619
kappa = 3.66823
omega = 0.12277
phiA = 0.359424
phiC = 0.191758
phiG = 0.235489