beta = 0.912399
kappa = 3.37668
omega = 0.0673751
phiA = 0.353187
phiC = 0.18148
phiG = 0.237403