beta = 0.00793243
kappa = 3.40899
omega = 0.0645084
phiA = 0.351104
phiC = 0.185988
phiG = 0.226371