beta = 1.72316
kappa = 3.71146
omega = 0.116937
phiA = 0.352873
phiC = 0.200214
phiG = 0.224765