alpha_omega = 0.698719
beta_omega = 9.16612
kappa = 3.16636
phi0A = 0.333822
phi0C = 0.140402
phi0G = 0.277935
phi1A = 0.394456
phi1C = 0.173172
phi1G = 0.209785
phi2A = 0.339962
phi2C = 0.20729
phi2G = 0.204983