beta = 1.1e-05
kappa = 3.34602
omega = 0.0733375
phiA = 0.351815
phiC = 0.181489
phiG = 0.222457