kappa = 3.21123
omega = 0.051233
phi0A = 0.356969
phi0C = 0.157941
phi0G = 0.273652
phi1A = 0.344332
phi1C = 0.199028
phi1G = 0.206985
phi2A = 0.323707
phi2C = 0.230974
phi2G = 0.184435