alpha_omega = 0.629583
beta_omega = 8.50784
kappa = 3.29718
phi0A = 0.336586
phi0C = 0.153151
phi0G = 0.271397
phi1A = 0.37272
phi1C = 0.187415
phi1G = 0.198209
phi2A = 0.346892
phi2C = 0.206071
phi2G = 0.195907