beta = 1.43959
kappa = 3.53993
omega = 0.108368
phiA = 0.35871
phiC = 0.182241
phiG = 0.240164