beta = 0.0121057
kappa = 3.35791
omega = 0.0668516
phiA = 0.352605
phiC = 0.178128
phiG = 0.230416