beta = 0.882709
kappa = 3.47801
omega = 0.0594485
phiA = 0.348662
phiC = 0.188369
phiG = 0.228917