beta = 1.45611
kappa = 3.5175
omega = 0.116959
phiA = 0.360459
phiC = 0.1858
phiG = 0.227128