beta = 1.1e-05
kappa = 3.45902
omega = 0.0604865
phiA = 0.347485
phiC = 0.18523
phiG = 0.223752