beta = 1.39452
kappa = 3.47402
omega = 0.120827
phiA = 0.36128
phiC = 0.177319
phiG = 0.241823