kappa = 2.97598
omega = 0.0566976
phi0A = 0.337855
phi0C = 0.152708
phi0G = 0.275583
phi1A = 0.384692
phi1C = 0.184361
phi1G = 0.202204
phi2A = 0.331614
phi2C = 0.222747
phi2G = 0.199399