beta = 0.815739
kappa = 3.32334
omega = 0.0790733
phiA = 0.355751
phiC = 0.176735
phiG = 0.238184