beta = 1.17348
kappa = 3.34935
omega = 0.133572
phiA = 0.362832
phiC = 0.178343
phiG = 0.245147