beta = 0.700433
kappa = 3.27682
omega = 0.0826744
phiA = 0.350841
phiC = 0.177827
phiG = 0.241521