beta = 0.317874
kappa = 3.62091
omega = 0.0979537
phiA = 0.367561
phiC = 0.176286
phiG = 0.220346