alpha_omega = 0.633957
beta = 1.21769
beta_omega = 6.68884
kappa = 3.6096
phiA = 0.354925
phiC = 0.179191
phiG = 0.245143