beta = 1.52376
kappa = 3.2209
omega = 0.238492
phiA = 0.387143
phiC = 0.164615
phiG = 0.245007