beta = 1.32182
kappa = 3.51486
omega = 0.139383
phiA = 0.382441
phiC = 0.177532
phiG = 0.229031