kappa = 3.08551
omega = 0.0874621
phi0A = 0.357728
phi0C = 0.120267
phi0G = 0.271916
phi1A = 0.392843
phi1C = 0.200465
phi1G = 0.178274
phi2A = 0.347975
phi2C = 0.201824
phi2G = 0.204348