alpha_omega = 0.66317
beta_omega = 9.64604
kappa = 3.40771
phi0A = 0.349915
phi0C = 0.124374
phi0G = 0.291888
phi1A = 0.369503
phi1C = 0.191684
phi1G = 0.202121
phi2A = 0.342278
phi2C = 0.211906
phi2G = 0.197184