beta = 0.585581
kappa = 3.51186
omega = 0.0725367
phiA = 0.35776
phiC = 0.178755
phiG = 0.233516