beta = 1.1e-05
kappa = 3.5149
omega = 0.0794975
phiA = 0.359857
phiC = 0.172854
phiG = 0.22562