alpha_omega = 1.45294
beta = 1.30884
beta_omega =     10
kappa = 3.85281
phiA = 0.382029
phiC = 0.17755
phiG = 0.229108