beta = 1.2983
kappa = 3.40449
omega = 0.163727
phiA = 0.371209
phiC = 0.169357
phiG = 0.245648