alpha_omega = 1.12599
beta = 1.12211
beta_omega =     10
kappa = 3.87746
phiA = 0.36927
phiC = 0.179998
phiG = 0.236185