beta = 1.1e-05
kappa = 3.62861
omega = 0.0984529
phiA = 0.365518
phiC = 0.173968
phiG = 0.218946