beta = 0.0370419
kappa = 3.35418
omega = 0.114983
phiA = 0.356561
phiC = 0.164397
phiG = 0.2377