beta = 1.1e-05
kappa = 3.52039
omega = 0.0719442
phiA = 0.354007
phiC = 0.174743
phiG = 0.230872