beta = 0.426772
kappa = 3.31314
omega = 0.116245
phiA = 0.359544
phiC = 0.166056
phiG = 0.239916