beta = 0.043697
kappa = 3.30302
omega = 0.0839218
phiA = 0.346282
phiC = 0.174723
phiG = 0.237614