beta = 0.698348
kappa = 3.36206
omega = 0.0937058
phiA = 0.354782
phiC = 0.170025
phiG = 0.2421