alpha_omega = 0.603108
beta_omega = 6.5296
kappa = 3.21838
phi0A = 0.32759
phi0C = 0.12126
phi0G = 0.292334
phi1A = 0.374647
phi1C = 0.18507
phi1G = 0.193492
phi2A = 0.351794
phi2C = 0.193424
phi2G = 0.223203