beta = 1.20323
kappa = 3.51622
omega = 0.117993
phiA = 0.371566
phiC =   0.18
phiG = 0.23592