beta = 0.453396
kappa = 3.49735
omega = 0.0802645
phiA = 0.362807
phiC = 0.175993
phiG = 0.227663