kappa = 2.9547
omega = 0.0747937
phi0A = 0.328298
phi0C = 0.132821
phi0G = 0.290266
phi1A = 0.361282
phi1C = 0.192557
phi1G = 0.198612
phi2A = 0.352133
phi2C = 0.197839
phi2G = 0.219536