kappa = 2.82001
omega = 0.102349
phi0A = 0.321385
phi0C = 0.122926
phi0G = 0.287685
phi1A = 0.385881
phi1C = 0.184184
phi1G = 0.189759
phi2A = 0.369634
phi2C = 0.180615
phi2G = 0.229117