alpha_omega = 0.644149
beta = 0.0501605
beta_omega = 6.98393
kappa = 3.62195
phiA = 0.346272
phiC = 0.174771
phiG = 0.237703