beta = 0.0505701
kappa = 3.38273
omega = 0.0937497
phiA = 0.349937
phiC = 0.167371
phiG = 0.238178