beta = 1.54123
kappa = 3.56386
omega = 0.207381
phiA = 0.396826
phiC = 0.178433
phiG = 0.218973