kappa = 3.04722
omega = 0.0693457
phi0A = 0.354597
phi0C = 0.119484
phi0G = 0.283132
phi1A = 0.381019
phi1C = 0.19703
phi1G = 0.192794
phi2A = 0.344766
phi2C = 0.204333
phi2G = 0.19905