A,C,D,E,F,G,H,I,K,L,M,N,P,Q,R,S,T,V,W,Y,site
0.010151711135748073,0.042574544155270774,0.0064776496184565345,0.008843552699367345,0.07357110934732343,0.0051424026802630775,0.04191184594789369,0.12186785754751628,0.12786632360428724,0.08772561966814875,0.023672451519049936,0.08541918730085807,0.008604320319607868,0.038193713920491215,0.03531142560695397,0.024871188743793873,0.07841724407296795,0.05374786568799427,0.03882317449242361,0.08680681193158397,1
0.09733758994100529,0.07697656578357287,0.02021990439780884,0.025021354306849868,0.042346230717849986,0.035875240563348613,0.030425631164715625,0.0766110838847026,0.005791740105290809,0.11200134501539598,0.04922042872909828,0.0614178558724648,0.019141916113511497,0.05438196047883736,0.016227469863874827,0.08292464451522995,0.03306853247910578,0.059523644910651465,0.02671130529523497,0.07477555586145067,2
0.09087853760251477,0.0363798728576419,0.05020483428419476,0.03153420128026123,0.027966953307936082,0.029317130865335023,0.015169603190041169,0.03068797706449691,0.08373323238844743,0.05012266637113018,0.07716160030807842,0.036245664655216114,0.05539504465210592,0.03859819087510673,0.07002481692567822,0.04835974158010396,0.06287576913751045,0.07215748869098725,0.054357607602459876,0.038829066360753624,3
0.09366361951514902,0.09311698308688615,0.007980956170644711,0.0460212424507949,0.1603836349293549,0.028496646963751752,0.045516123671144784,0.05094432736951245,0.02455995265192273,0.1198651907992924,0.04841609478076184,0.07044867614563063,0.02614240049024705,0.026088064204044414,0.005730776210146912,0.005946407622138246,0.053785391025339,0.00976850753465996,0.05642809940580137,0.026696904972776814,4
0.025112186801269688,0.030296404678246562,0.02623306722259812,0.017462473332960506,0.12729426910560024,0.018834760914125944,0.07205933780403605,0.14563446167571487,0.037168369297734115,0.1410290963495097,0.06151290053999122,0.0109425635401128,0.03475276809442504,0.05651693023052258,0.016828085545712707,0.02111570806058455,0.009069719612155323,0.032548251948958,0.07653677086279159,0.03905187438295023,5
0.029523333393272455,0.07675147101506422,0.030546865535136584,0.03252919593798149,0.11348408816604734,0.00872275304029959,0.006465152342859661,0.07359034608068664,0.07139093137225495,0.12289906555986647,0.07955685998316953,0.02404731496682079,0.017636546074642274,0.018985158464694694,0.04656525009392119,0.025280082933798433,0.045528173833694854,0.06841225500403363,0.07224025655603271,0.03584489964572258,6
0.023405560258385753,0.02955182470137781,0.05533326739901531,0.01653354284191938,0.15548770309859425,0.010581702008286419,0.018776746477878435,0.07662938159516298,0.02025638892433575,0.2529412063762365,0.054511935850321866,0.01608392503817971,0.009380146123654133,0.03161120424903041,0.0414070568377259,0.03519105227223201,0.021297896737591037,0.07314619097433168,0.03285461707747132,0.02501865115826935,7
0.02158775795589233,0.09260254217706985,0.010775086222717832,0.005102142358375535,0.024100758928921502,0.12863086847424055,0.005732924400004683,0.06391873599096859,0.002360599090478804,0.15358445543581112,0.061345726221004225,0.04397655729472656,0.006210759809772921,0.0054042090264635086,0.01207844270152079,0.06687663261804466,0.07477462583952109,0.15356320223361514,0.02608770897842826,0.04128626424242184,8
0.051412744514643366,0.06744003581564177,0.019477570742504682,0.015524767335006915,0.1490315192642579,0.027252839797123785,0.041733865914272604,0.11300163662328883,0.07127826673356004,0.058069835970644426,0.06307169632974773,0.01150243808667321,0.008168362300330453,0.013909833086602513,0.019012486166298748,0.08052214166255003,0.041192403868310544,0.026196593234590556,0.022358957582131318,0.09984200497182066,9
0.19115495965197052,0.059833892304015465,0.010447167563253238,0.010857585756487004,0.09801749338863498,0.039519788814783054,0.015142825536122353,0.04788341564613512,0.003732202118477368,0.05942083515150961,0.045919164316210064,0.011103063444793919,0.01758165523047051,0.019114080013609133,0.0022551212713554643,0.14947841386954447,0.07990703807464493,0.09464018173345855,0.03136422388942882,0.012626892225095438,10
0.057503573028866245,0.059450713527514736,0.028097076207935615,0.015132115846531017,0.07742578428784694,0.05845298907483969,0.031982701719137106,0.09528212058823207,0.0224734430706461,0.06811079747415175,0.025251940489009073,0.053917594383427185,0.0021055895371129268,0.03619530355429093,0.03881203909292444,0.10329494930066886,0.03306704864439895,0.1242238610039586,0.0406372561269432,0.02858310304156476,11
0.07006602005008973,0.031137544455834838,0.03792986729929419,0.1252680352883759,0.008283859733846525,0.028976352128698632,0.07529066670736813,0.025509323666103735,0.050410237237564146,0.0039044608884292154,0.021446061896162567,0.049334667876388974,0.016824905814712493,0.0637236757633923,0.04210851142396578,0.12885772636665813,0.04748481178838883,0.13450723001806378,0.021358073728325645,0.01757796786833628,12
0.1635619788334773,0.02805358147036147,0.05346196975402879,0.06636978025710724,0.05012159363301642,0.0274763905612667,0.02003289190997687,0.05179523279848394,0.022196250564196333,0.07424546190383795,0.04121264736287324,0.05913478052811955,0.026119398346096508,0.07613723762869415,0.02394097097736181,0.03674171557597805,0.04222386295911605,0.02407348911346453,0.06565383632500159,0.04744692949754168,13
0.035498673856278834,0.045423983467614365,0.01633295469559518,0.014064969305700547,0.011637823639406925,0.01961483947251124,0.036675250515601394,0.1513143824570232,0.03409946383958279,0.029846014147686353,0.07328360606595244,0.028658788017004867,0.052031349681652884,0.03136991846031785,0.006292289161515601,0.03710947644728841,0.22847108667119514,0.09547522670829046,0.03593990466297193,0.01685999872680959,14
0.09387771869603503,0.009040244938077998,0.19158374764089273,0.03447763254425495,0.019829363720563167,0.028057517503454598,0.05692285897966932,0.040250510697985346,0.044357947946163385,0.040183801513826715,0.16377052534766662,0.027935947080010366,0.007085520975211399,0.013429143290958772,0.055199159901339785,0.032345175627194044,0.022836855644495745,0.041323714371754625,0.03042536737987307,0.04706724620057225,15
0.4486225374148196,0.010301670820881896,0.033942309511979234,0.04800023078023844,0.012693304747406053,0.07481530742296894,0.03550165039174123,0.02708672698371704,0.01840912417541952,0.01574888055485085,0.05235822624298507,0.02497959655375492,0.01180148674288261,0.014692042424138997,0.005860200776745749,0.05419287529028699,0.018073355244872483,0.022144690670033162,0.04733482893992003,0.023440954310357257,16
0.013129775449902093,0.008150360025522316,0.46074005778864824,0.048264201005997355,0.019927707324986527,0.05597110488459406,0.01893786945044029,0.01708200259507625,0.01090970851923593,0.009475299378437038,0.03016308682970295,0.056558914835571794,0.011149332124527988,0.020213914512816657,0.007290282138485679,0.015591062387508212,0.016421023818568265,0.0253830588133502,0.009659923930874207,0.14498131418575413,17
0.01591200051123527,0.009549577015201285,0.011967064845176092,0.031042632994464043,0.06713685936276725,0.005691773434124481,0.048463451197757086,0.04263171171241831,0.05980722398532137,0.13822312475812507,0.06842334355987674,0.03526398540589396,0.002292812396092213,0.11840233279720423,0.047704646790773644,0.04525433441822877,0.12344355482729272,0.06212736730391566,0.01697926371200958,0.04968293897212237,18
0.003993719564124541,0.011569873019068203,0.012332480783706534,0.01112072992919182,0.019036369565140935,0.0019937496962552973,0.003992294451607248,0.4448455074917802,0.06829901261786221,0.2709489366650103,0.03923506309396982,0.006870456626088717,0.006196204348267438,0.014189627261923986,0.0027863904210333698,0.00898324017307476,0.02052550062539697,0.031902319004014364,0.009189433786915828,0.011989090875567593,19
0.004809792280584497,0.8228011755872958,0.05162973943071277,0.00539809068471993,0.009287735426654417,0.0025320765948985127,0.008712376868918804,0.00585978652771027,0.007593434234985529,0.004254126450829457,0.010432096344419285,0.004284504527332663,0.004159215492955489,0.0058243046270021175,0.005126080382547751,0.006065015866828923,0.005292761750796006,0.005854660152940691,0.016007063520456007,0.01407596324741115,20
0.012665236817092626,0.02074456200456531,0.0226360756712486,0.008059684474896084,0.009131008717167039,0.0017382932068167208,0.008120178067900335,0.4766368465700712,0.009356975914742448,0.21846951243707818,0.020293406010493995,0.00863608589456985,0.006484510480782245,0.005427307426893671,0.009814534633510414,0.005348859038556267,0.01914303056237128,0.1054137222048152,0.00965754597291351,0.022222623893515096,21
0.0029920868735977893,0.006913865554792647,0.006780052716535201,0.006638460216945481,0.03852475466069153,0.7846495929034031,0.007394159023068908,0.003315891918944953,0.0039542324612548444,0.0029564452969651923,0.009873492286612915,0.008791667024627173,0.007554954683408132,0.006581721004987992,0.012247306500164127,0.059605151524732905,0.002589584137954122,0.010206948524300824,0.012438925284173487,0.005990707402838746,22
0.003201478683115232,0.011751530865879354,0.005203804758623405,0.01182446531991086,0.09703828916273326,0.0016852189079689698,0.2204564190608564,0.00677227263259161,0.034303716320408906,0.004802025031324611,0.03734758537591286,0.011434736443009736,0.002500903717035746,0.035902483201440315,0.0580803716121884,0.006560208838299669,0.06528099905088539,0.02161900748560659,0.038004646128299034,0.3262298374039096,23
0.02827178700143258,0.011937588749182436,0.004284316427584397,0.015256799399197905,0.008715595163421578,0.003763025625585447,0.43893821842310404,0.04447711950394995,0.03396976861067807,0.09964102620495535,0.026072454805357487,0.024238302882445436,0.008929594932768709,0.07152068151858268,0.0074892439473691,0.01041594279485876,0.03446502959492493,0.04915168649602402,0.01908917472498264,0.05937264319359457,24
0.5380870714289809,0.02573976147455832,0.0021824870192285084,0.010053906963556632,0.008643745657914054,0.003089173616685007,0.004278020439062205,0.005787609687669133,0.005319106513979269,0.0017289513676309574,0.013801997657014285,0.08963996287207177,0.003517631347786612,0.008403526311217178,0.002807808533496267,0.09749832202181463,0.0349191485903798,0.05090242097888556,0.008847729897308927,0.08475161762075986,25
0.022262616763201962,0.003987445184226244,0.010781446970313517,0.00541093581956303,0.053709990389286394,0.0038946539228175217,0.014447049030053127,0.02299076362749433,0.027621693746487094,0.01714046641080686,0.0097177964192997,0.6005431942864423,0.007621952727512563,0.004385880199155369,0.011664707145198443,0.013690578753747441,0.016819753962031517,0.13272850534472225,0.010808725341435938,0.009771843956204625,26
0.08606193529004424,0.005889946144728306,0.032405697703878175,0.005944293334622788,0.020644328759927704,0.013222157948293548,0.04037686501853303,0.0077982947708915345,0.022589999077725714,0.017476787166178703,0.021878536627289155,0.5461107846436535,0.021628905359893015,0.020041959363270856,0.013236847621030773,0.028830496389146452,0.02965333883032767,0.011793193686003792,0.047911104192330065,0.006504528072230906,27
0.08428780214666726,0.017569069114646528,0.0109825188692304,0.05263429428222825,0.004935092463312571,0.015359174616645712,0.06299726454762505,0.0011468271589114485,0.04163358875853012,0.016304722196047863,0.006686909633690185,0.10701027541440383,0.0017517297170304739,0.043975384844069064,0.024743756644291577,0.40065298333250915,0.05995407267109948,0.004953282310627984,0.01842862436123146,0.023992626917201464,28
0.013019869165320636,0.005697140605429654,0.00700357671911629,0.012488305060773952,0.004665725048386628,0.255483056600655,0.028235908424467927,0.006675010629001366,0.011610581035926213,0.005372618379519312,0.02085987857254148,0.09867670571266288,0.023292805801789614,0.012680934400585335,0.0039820242280810885,0.029828751858832315,0.36690293654870665,0.016323986051860175,0.07133975953514339,0.005860425621200139,29
0.025107912143817218,0.007382969418265777,0.30735419445312784,0.05926518974912507,0.06598830957205248,0.0042745514071522335,0.05532711197865109,0.031053542909093516,0.030383824320493052,0.006038131468539062,0.011651719506691397,0.008008054192144495,0.007169382602164597,0.09882259403844831,0.003054593314400448,0.007724900629044511,0.1243578457675828,0.07075572339478603,0.013457637104318732,0.06282181203010125,30
0.01687550770162492,0.012306815857823014,0.003365942133014923,0.1354710196094441,0.026555618294502786,0.005768274683751541,0.01178900492731966,0.05720299469842867,0.012851081716783938,0.08322058377071073,0.08503539883371275,0.015095277757459115,0.006650607172882417,0.019198180812886895,0.06594824946034991,0.02721753679183542,0.25586566912896475,0.0642727405541376,0.0468891304229397,0.04842036567142716,31
0.013306302561851108,0.006090356846819225,0.026753616702100594,0.006678284521084392,0.006943531478161225,0.006559524113262255,0.0021320704648328864,0.15391578205291262,0.014570393347618126,0.036762802448490346,0.011511709124623973,0.0029352536977996766,0.0025137362147888797,0.0045275570067517985,0.003711316968201533,0.005326583329339129,0.00266115727979253,0.684095707340791,0.004015197146142255,0.004989117354636531,32
0.03574087785847425,0.003828204002566323,0.520937733538081,0.01749091690837485,0.01048603582314765,0.022023675461564397,0.025646950831692175,0.004581511901540515,0.060689401571128454,0.005241373726904371,0.027772091586775502,0.04233694645681257,0.006664471445372114,0.060254785780279735,0.05494393343996199,0.021985648509309143,0.03959906807235631,0.016008395319778317,0.008411073741876293,0.015356904024003977,33
0.024914667298668324,0.004867479794095307,0.0059898731244141116,0.004935915143223418,0.0035715695099505828,0.015378840510863844,0.004723304729584795,0.009737398670200193,0.014875893076417967,0.011018400730109783,0.015488030669446406,0.009113427832163581,0.0067894514793301166,0.010436776394988669,0.0035489385116992157,0.07147007791134685,0.7650730846007902,0.008883777823459137,0.004067127620119552,0.005115964569128202,34
0.018225040875701738,0.012616295295025578,0.006685360962258545,0.005052399345776028,0.02189839099993745,0.004501348659558982,0.006409861343484317,0.5384880014012551,0.010041962222971249,0.04562647916331034,0.10777354215911672,0.008606164476262872,0.034191667370329956,0.008265580282401102,0.0026764990007945555,0.013627119029303877,0.04088106163993909,0.06040495637261711,0.032366489101202094,0.021661780298753347,35
0.029659942981011572,0.01741314312594796,0.036187614942220676,0.025727518513280524,0.015514858755664277,0.011594586156584322,0.007906510867546046,0.023405880576216523,0.016897013867303936,0.0658728783393263,0.026035846564831353,0.04025084733520161,0.0017157747994748019,0.056693207653959285,0.12799199697032093,0.25550452527747575,0.17910915843602207,0.02791734477846112,0.01032922061644468,0.024272129442706354,36
0.11563125126184037,0.016102643616120627,0.03222206633294673,0.36711389301727143,0.018594021841369754,0.02067569940357609,0.021797887804466846,0.009750983660037292,0.018580531849833715,0.009644385833848372,0.014382073851586585,0.044680812101353516,0.0015806568349950067,0.1464080916138385,0.020718918083584763,0.03633121106146578,0.01624251284601669,0.02118859148286015,0.0342428738492818,0.03411089365370611,37
0.03439257131110987,0.008256333789277088,0.03686496021568264,0.06487232310782698,0.005241638446029415,0.047648366216459036,0.016692479820827617,0.008710657258555915,0.25430778843001667,0.011411840444377912,0.029959538707075597,0.07501550786259366,0.047541572037010725,0.01887411328351642,0.22815122659465956,0.021042732837926452,0.04760163168562608,0.006201240331548176,0.012944912317191193,0.024268565302688956,38
0.0421879670512582,0.0037138008636217012,0.018279246264037825,0.05899649159401453,0.02434893789989469,0.05678117733960679,0.02872862986797477,0.008738350607722156,0.05224623744301758,0.02054336006712793,0.014213534258706874,0.4679390547810222,0.002964323180127124,0.049591367757243446,0.051036305907086514,0.01611067878548641,0.007572448949637325,0.01900759087950524,0.013499646175784134,0.043500850327124495,39
0.011943863976763542,0.014705552150544745,0.00365148016592322,0.031219194187589887,0.013658650805087453,0.007702901045171264,0.009362217686465373,0.1490694511350642,0.00427269715846058,0.07572245269628207,0.0475247813744344,0.0534376409540058,0.0020096037901222324,0.05672844683560969,0.0033252804222890734,0.0021853321791619603,0.0293343752730514,0.4675322294604689,0.011459646722624919,0.005154201980879358,40
0.13067634853812501,0.07503278046073854,0.02412216362502474,0.1844580111283101,0.038893764164405216,0.02677805787211301,0.013928488843430266,0.034110208767527135,0.05370027121435305,0.0177814212097207,0.01456314241256542,0.013518344732364228,0.08857067862292232,0.05873020177470435,0.021870322774985334,0.046000957753190595,0.03534560871463762,0.06779515112556811,0.023575283193355456,0.030548793071958753,41
0.05706368685774182,0.07630621882210935,0.013306973672869026,0.032072062313050785,0.014074714316818527,0.007730240364302206,0.024102727977609328,0.04421482180692061,0.02273647558700242,0.005129797107741907,0.022163802266594944,0.02779813593087919,0.009159046160204283,0.012660410389456644,0.004897270399285267,0.007499464923947751,0.014141934262173235,0.5752379661732993,0.014927315236908432,0.014776935431084914,42
0.024379552659078176,0.01831800373657097,0.015781476988272133,0.010350190013154174,0.010869133542531113,0.004018935708983952,0.00319116644346154,0.037368566235206874,0.010701766169704372,0.009486704742692602,0.03198485514187076,0.027730359168794943,0.001098615046849957,0.0046038337094185255,0.0020258961311570463,0.005972761722892541,0.6713470723137213,0.06585216285224038,0.010802249801343021,0.0341166978720558,43
0.07934807660571591,0.013284013350892509,0.03495765943977115,0.05761313263896698,0.06658115163998815,0.014179687621432029,0.3531802324783592,0.004474109936732762,0.01006807745200727,0.006883407394237817,0.03578204026250157,0.04620439994575055,0.002079585430332868,0.04649526687726338,0.016847014464373037,0.15746993807966386,0.019049341198712284,0.00235834707328641,0.010609805345098203,0.02253471276491396,44
0.11259321922132312,0.009785683937270688,0.024325361797233522,0.00566576509367876,0.030718869440223034,0.009347701125773555,0.028668418837664824,0.004491339931647458,0.00969412552905237,0.053786434178944145,0.01159608644831129,0.13068868734099723,0.023072182990062865,0.016078541551627412,0.002695573111559868,0.4225513618242581,0.03440424281497216,0.01052807870646764,0.05076172959765203,0.008546596521279988,45
0.023275022344970142,0.00714649111314557,0.004575738396635004,0.031931594018506156,0.08074675799983298,0.002644063561006325,0.007062683353438596,0.07271995158780034,0.04811552012587309,0.06779654739505145,0.054075429366099534,0.007362324040825964,0.0009865144250066596,0.07199607816061271,0.017533153508777048,0.006918986363102446,0.07189370559591621,0.3059396893381039,0.007795004294015695,0.1094847450112801,46
0.0045552952282638245,0.010261496401567415,0.02746826898891236,0.28175369305458564,0.010475497603537625,0.007631929766027864,0.0038571442485206696,0.002600533539877192,0.0648255386391576,0.0039065484812479435,0.017001550946280367,0.34245888720049183,0.008827689130736187,0.009735217191638416,0.028856153814864328,0.058985574790968116,0.043730777602478704,0.005661400418684094,0.0629911732583366,0.004415629693823075,47
0.01075462534747798,0.0057755627116001995,0.00893010830553232,0.010327071158980398,0.03976087377862647,0.003165080764572099,0.004650612970269149,0.017842242434342587,0.0056087989385037425,0.7730300003654788,0.015900388324668023,0.0033394923950426742,0.015316858074736801,0.02050304305944108,0.006138630223352253,0.00378904658898119,0.014041486122421582,0.026699625722870945,0.006057253870925981,0.008369198842175657,48
0.00877463746902185,0.0066165696046139155,0.037250985215703865,0.008273338693890703,0.010963642660771737,0.008972317963100027,0.005065293230217431,0.023372706012114827,0.014193170866113642,0.4924434213360868,0.011713541801836777,0.0051792160175286785,0.004097022476347048,0.006394081973324978,0.003728654847336341,0.010691766462081101,0.005046514408724402,0.32091569294903194,0.007458751795789196,0.008848674216364722,49
0.157894273525567,0.03593654921958013,0.03157324277350315,0.19114969429449505,0.03969618520221847,0.02165633830020936,0.022283450881572145,0.08078586426166462,0.02600420518684414,0.016543316680670796,0.01918838635661436,0.0017748266397736255,0.0009771101805076832,0.04963213117210145,0.0043711298883047055,0.005263580595091821,0.06192187595322856,0.20450380940343946,0.009901526461551806,0.018942503023061785,50
0.08638952993933545,0.0110911979020127,0.1958570400926051,0.02301062890646247,0.004761743786314031,0.043424084417306275,0.06838363885256402,0.06436913998703306,0.0239271786809563,0.020119371283672017,0.014860168054523547,0.05821824795807258,0.008008124846692197,0.010672746332553463,0.035900441370451376,0.14004733562142002,0.10258212081792187,0.04858505488515606,0.006533263629533132,0.03325894263541432,51
0.08518352302623697,0.004833404577291695,0.026096746180657757,0.17064670492098855,0.04075382580451489,0.07370809582798175,0.041125383459204606,0.026914101365798967,0.035001004508282786,0.031245376440789466,0.0503410880132304,0.04625733763949481,0.00205628452000896,0.06917866010687539,0.0412166649719815,0.07202279170340421,0.07346401097654418,0.042722190634527424,0.01926897532192261,0.04796383000026313,52
0.0763149326278864,0.009738698229684864,0.014554563005254867,0.0066240791828841685,0.016164790085394735,0.028294112658299553,0.3099866417622106,0.030991874041162718,0.007674613219233134,0.01554177594382776,0.044252390628971246,0.02043172295341873,0.014630315534803075,0.017452622414120912,0.013019831907262632,0.07539321670675525,0.15422598750481736,0.025971632878927554,0.01370318258697793,0.10503301612810645,53
0.005950669258983369,0.004244375559639464,0.02809202885435593,0.017687799459681998,0.09230721522362417,0.02143302276489202,0.01682925239219264,0.027134424571206885,0.04577691063958602,0.024356496670327316,0.00989253759033867,0.5126914427217093,0.012107965767043512,0.023541240591271613,0.012218994469510337,0.056270858252587076,0.05091959655333368,0.014233774378989733,0.009768345236556487,0.01454304904416994,54
0.03825904735735249,0.015075902086873103,0.02244082461708399,0.041619748530257336,0.027518964872438482,0.41896856504293833,0.04611498931236808,0.021439356706032035,0.020215559147745053,0.007856480935952993,0.0928350111126501,0.02699604775174809,0.021977518365230993,0.031239968217274424,0.06263259094444726,0.03737497243929777,0.024599421195345375,0.004472023291446391,0.012699743396993902,0.025663264676524074,55
0.13691980262196932,0.008384731300229094,0.0045750129736850656,0.016679311468808366,0.12514605038822824,0.003743773591535568,0.05869213913524921,0.04440181149195024,0.18870700130569815,0.03974765465479279,0.06345319027219808,0.010296983645515635,0.006601178413458201,0.08553610036849167,0.049545491829177696,0.012035736817027926,0.026197586721538595,0.058859328846745704,0.03385690204223246,0.026620212111467968,56
0.002960304713296702,0.008655466392424807,0.00695348528068849,0.03646176289263156,0.01017236658401205,0.016767985920825866,0.010086778543726404,0.24093195526090813,0.00988946058568565,0.5530140355340752,0.016174454547918365,0.012038852149509378,0.005705949947444489,0.006794809577573771,0.006446697759552875,0.004602328250165435,0.006173857228661714,0.011234596758165887,0.023865749185942458,0.011069102886790546,57
0.002455826656440495,0.8476119444727104,0.009030606171183253,0.01107298108995642,0.008595787684587946,0.006218303430513098,0.004524955688259842,0.004464427771842731,0.003913874491469916,0.007816939151315228,0.009358182720870465,0.005910949876832252,0.002758906684830241,0.018113969013182282,0.009103400020564286,0.005449158096179171,0.0036170466196917164,0.004539251516787947,0.014529509604300965,0.020913979238481355,58
0.06611924785360476,0.004098896723683408,0.11618233640796334,0.04292980936368117,0.03213606673142038,0.0412299956441668,0.06367548483601684,0.002619193266028678,0.08771128694702901,0.02521332187354301,0.015669999544451776,0.09163501493281156,0.001735318351810545,0.035621546787788894,0.10657445537701006,0.09813898334096381,0.035441351020461524,0.0058322056480848965,0.013234814957190165,0.11420067039228926,59
0.09207282493728548,0.0012340913269477244,0.0158133389078428,0.266761565458386,0.007733524750080013,0.061282804906995864,0.046203504050229875,0.0013341106229034314,0.07500717056939947,0.01922728228323404,0.05660395910714111,0.039325447523154415,0.017098472819272334,0.10665759396285752,0.049773048921074224,0.0556717783365558,0.03598764364584257,0.011124351712475134,0.00556075274971818,0.03552673340860403,60
0.04886984747197845,0.007777301442814444,0.008797009858907707,0.010342279891618776,0.019927403211936486,0.013229183794347139,0.011199100213403522,0.006798567626100675,0.013256955900096783,0.006209846920756396,0.008186603594950765,0.0036194297019964145,0.7824150637449307,0.00842225344748849,0.004209426380640942,0.006441230345181658,0.010530505742235921,0.010164353467583761,0.010453661745963667,0.00914997549706736,61
0.006519324326258077,0.004841091207310639,0.003666728917455115,0.003613715957133392,0.09389651322903653,0.00820218098218634,0.08110075451128551,0.05056946860394081,0.006832168467280969,0.48708019469288977,0.029855572527046577,0.02025471649367532,0.004204380725150614,0.012678165589129752,0.0073875131292443,0.0027916595060937517,0.00660985409147588,0.029193268173919026,0.05175626402110586,0.08894646484838192,62
0.056892680990767434,0.0023130173869948503,0.10112590403083194,0.09040993051556048,0.016809448102435898,0.011118623399593231,0.024399557161883575,0.08527009811679198,0.053537889183055076,0.0919252896817625,0.06633136038036976,0.06635409801230711,0.005726937372014399,0.07010433097606045,0.05048563827128086,0.032059022632187906,0.044366193626264164,0.10411137392562443,0.009076398994857984,0.01758220723935588,63
0.0027571198489933107,0.003943692285217511,0.006826380943665623,0.009749872061309613,0.024509762114976123,0.01753214150597923,0.0038913281803486534,0.1825888236912819,0.007093980673428334,0.5456209225160789,0.013591248635972657,0.007814978120767703,0.0017290487327206517,0.006155258349109522,0.013675950238218626,0.010707254309161439,0.0041231472456477545,0.11149780361551867,0.021787515056750646,0.00440377187485303,64
0.03272610769027831,0.003949824323633035,0.06433897669374533,0.052881608968853556,0.014194950850266647,0.30732478099349364,0.057667971677278766,0.007935767055429132,0.0856604369236595,0.05506473019532928,0.0729238480256117,0.05044986430463809,0.0029056777525835655,0.08257777483073986,0.055097123405860086,0.01216067335557549,0.009972766598847684,0.010381261455094002,0.011831834134551045,0.00995402076453138,65
0.058683843138947915,0.004206967114494428,0.021971033669159402,0.05146298651101763,0.009656041543307537,0.08185174266272388,0.028390897558644105,0.014232431770992962,0.04730040515156994,0.01693525530930272,0.035419082961115914,0.18700924806294406,0.0779609445291469,0.04933423162315787,0.02237859163133769,0.028920553503642237,0.19768537996353464,0.008700101959997104,0.025818725190010706,0.03208153614495236,66
0.002304175750638891,0.8274277800294411,0.05228990865043339,0.014017904377407386,0.01817519519932169,0.0029929995652681358,0.0019179514008453513,0.002722926441662152,0.004174824771229969,0.0027485641056328564,0.02928989086769515,0.003939405134714418,0.002056119499705452,0.003404623889725882,0.004050025401147205,0.0024876116101557456,0.008781970262906143,0.004709069878730819,0.0053134978368977815,0.007195555326440654,67
0.02554035373076008,0.012112972950656817,0.03221060111278217,0.016620058662358276,0.00911824849657406,0.04723685467757207,0.014359593601617914,0.007280738199484004,0.02399490812487851,0.019110900818771044,0.03839159324406893,0.12905058925908394,0.0025348735106788638,0.03106910320763123,0.009269339728683351,0.18714783152457484,0.3783472225133133,0.006009121819476228,0.007127121984524613,0.003467972832509625,68
0.0015410893539395836,0.005577749324351832,0.003584774617408499,0.004302273592067495,0.045880602185778586,0.001957090407902258,0.0027310958297578924,0.20113325571424134,0.004308160299204478,0.5386113836052058,0.03244598412548436,0.0027330461692124416,0.023132875873873346,0.009292982985384762,0.0072965911862432785,0.002727421182254571,0.004315591572515667,0.09863234297010913,0.006832581475562091,0.0029631075295024935,69
0.012234553646800055,0.0196697752364159,0.0023844125404121207,0.008092177198971243,0.008250333658296163,0.007441371924053685,0.011053207937658795,0.41217129287438214,0.04768017787315931,0.0751638987625131,0.12040143313647264,0.011686176685484313,0.019950911417877422,0.008093973310372647,0.008212588057494202,0.012495220483577704,0.09479442281252315,0.10901665989900565,0.0030535879148727687,0.008153824629657073,70
0.03969265176164222,0.014867311839354608,0.26529263599669184,0.013354414118111458,0.0045878365772400835,0.536393589734288,0.004136791637335891,0.0032004221746074124,0.009102967790937956,0.002843539229095147,0.015843362706898415,0.006420606111211728,0.002759119200303057,0.004415233837133453,0.010036334558332789,0.011209554019024447,0.0028608758998507036,0.029849646934653053,0.010342112585984387,0.012790993287303456,71
0.17443985267124348,0.028242839702270577,0.00893989287643127,0.00724443647009579,0.007480241270582605,0.011626234103403044,0.007534656791900215,0.04127080805330461,0.01203508368042324,0.010001445690013303,0.006945982331456672,0.005988602806577499,0.0028818584406032975,0.007203088901204983,0.00876999261903728,0.016125794618930673,0.026404226070498547,0.013642306320787582,0.5936310223125065,0.009591634268728888,72
0.004800321533374268,0.002834106651537974,0.004237522475058648,0.0028038146310859617,0.00839043077168657,0.004862698459988673,0.004698360024417748,0.05873905417116237,0.003932089549863262,0.7304313370631591,0.04681479819053251,0.0030429042933935403,0.014290179750958601,0.0104877603750494,0.004912139529534085,0.03202939760627702,0.003771110472082289,0.050913801305588695,0.004502999115365667,0.0035051740298835707,73
0.007264840435072189,0.0027430579863988503,0.003858123920836274,0.005850581478455737,0.009118993879596034,0.004283004592073587,0.014746829084276186,0.07708986362880813,0.0096619407233972,0.7520364716978909,0.014379069731318854,0.009792157945192833,0.016084053184783415,0.005512616839406326,0.007403336495393322,0.003984324668105533,0.011518583947445055,0.020192891267873086,0.01464560669943869,0.009833651794237641,74
0.013472580130049098,0.003014852997204235,0.003358461373669298,0.007702344276373296,0.0035772882977137075,0.8869564665366408,0.0048938696569040515,0.0025684157614906293,0.005500279606400952,0.002907392579895296,0.012401612282534143,0.004642831768996235,0.0015852583826951917,0.006378964338934548,0.009856700443641668,0.0012074045979011438,0.002086776784123444,0.020652437850287468,0.005365059599992984,0.0018710027345518112,75
0.07590510515490644,0.0037674004526733803,0.2716346913219507,0.007193715710501353,0.0028837219063569067,0.00931773460428743,0.08692918438741176,0.007619502267071954,0.01810782302431124,0.002689326039342183,0.005927646478111972,0.39390085958535154,0.0021905697017669695,0.008745132761024085,0.004527809996567441,0.05753313534255369,0.015202391270905002,0.015565795626180023,0.006158475842726915,0.004199978525999012,76
0.005220592776584429,0.0039198068359205685,0.010949426166310726,0.007226283398585924,0.009700117679225732,0.0033102920731134444,0.060059925656147574,0.012522409103525046,0.006731305170102716,0.005748777058293737,0.003321865519899024,0.0028032872536942503,0.8268112528980969,0.0036700120178631257,0.0017474968359980885,0.004971331845610591,0.005629652137218204,0.004884931175974175,0.005987170955912382,0.014784063441923493,77
0.10909381002665572,0.006022480673849101,0.034163850429868,0.16814259926857905,0.01132413946245746,0.12862210850317557,0.08346834839820204,0.015160657060760937,0.01139674125310159,0.042353600992240566,0.05223360481709129,0.11992279677793113,0.0015067159986321278,0.07724334703542027,0.0019396925096096431,0.03796507063666364,0.020057939309668937,0.01122121365035661,0.012972982251767518,0.05518830094396884,78
0.0037328141371664324,0.8568642590879173,0.002969289283126409,0.0042354457881849435,0.036401062943467614,0.010813943351409071,0.002170779602091857,0.0036016693187259498,0.004600998195115117,0.004084405531855035,0.007981026174891754,0.010335018648240667,0.002178967513871595,0.0050787642745795895,0.008002756584751169,0.0071480617253501,0.0021256374130969257,0.0059023879208874985,0.01667441737493211,0.005098295130338916,79
0.006267333691543823,0.004020452074400603,0.7072299667028904,0.16062709401992412,0.00482104298606536,0.013824775927432973,0.005561613025585395,0.001970346288938218,0.002399427685142795,0.008469412764826188,0.010271468183252613,0.00990317378541696,0.003552391620682135,0.009888838534497438,0.001718392618757117,0.005604761631423147,0.013628922165191133,0.00568108380629217,0.008279941645621,0.0162795608421165,80
0.023416367642570313,0.012903094324630349,0.16480850110142883,0.30860248788986383,0.012279350471659962,0.0269329365293683,0.05179553840255914,0.026542869141002533,0.0069975464602948,0.04137633586463294,0.019238840559699072,0.024122416502696004,0.011912824824176238,0.025674349744220292,0.007726249947183406,0.035482203741727565,0.0139652271134138,0.10116451784789908,0.011923124230713558,0.07313521766026017,81
0.01275147448156856,0.0032379265340808303,0.00654643146029399,0.026705410073985275,0.1269156393211521,0.003314350819945962,0.01518228316991903,0.13154913774623617,0.022361173118579943,0.43534132450436,0.0812853935142173,0.005786925162954164,0.001974260505262318,0.025220875519801084,0.0016277794176461915,0.00865109794901308,0.01187602812180274,0.029282595899755938,0.041502470438508195,0.008887422240917153,82
0.08482998165723034,0.0021524917614822838,0.08600671764479151,0.0797703558866124,0.04906295146979813,0.049600273026955514,0.03916419311813679,0.060723834638029744,0.036285485556987254,0.0706701899301763,0.1058790840650568,0.04230067125762269,0.0226576670361125,0.11295301713205731,0.016152761382791,0.040137908544953374,0.03654825124612541,0.02245665000039525,0.00610557755283724,0.03654193709184804,83
0.03341220671994952,0.005702798856807869,0.15718179814336852,0.057521156393119166,0.055082777993406634,0.09738395460683844,0.040968294303628555,0.06067755287344468,0.02466110682324763,0.03259320364929828,0.04145702932373063,0.2140760620543912,0.007415693206933966,0.04250551403216341,0.009811493549400132,0.03520232497687262,0.05026249713950914,0.013857726964396945,0.004624641785056992,0.015602166604435794,84
0.16587666584585647,0.003523095769404883,0.006830547441902175,0.06942322421161924,0.009880206409678308,0.018793746123551332,0.04838633072863289,0.02319415098163253,0.09620793303275736,0.04152953014499276,0.045001612582907816,0.06287432154431431,0.0016467485764205018,0.056536135838927845,0.06207997749109671,0.13835837193711653,0.03551743780051952,0.0862407534451147,0.0077605984955337725,0.02033861159802043,85
0.02325387911500376,0.012110592520702358,0.0458686572522209,0.12349324463550065,0.017312800432300955,0.018373037722103306,0.051391212766815256,0.024753046314981514,0.06841134935318163,0.00719885601986289,0.0700892849229014,0.03921731320823617,0.01474650801887415,0.15281956172529276,0.05794308298911438,0.09635383636868204,0.11630428324986175,0.01753423934957757,0.011327904506216686,0.03149730952856975,86
0.0020613695424284493,0.036859399384632355,0.01576373450845097,0.007164049888478874,0.18288502292737763,0.0034319216728263316,0.002567228276165591,0.005601116909313163,0.014304079151113777,0.010061772210372043,0.008210689235052695,0.0049409832818837025,0.0023270378615563685,0.006849724564211339,0.005349720125798986,0.0038690418560827435,0.005127056786360702,0.003509644124621531,0.6731502470345583,0.005966160658714442,87
0.03944564324795927,0.012871202916569305,0.2690418594019338,0.02429029876199414,0.008697485432864048,0.12211840108393761,0.005712808692450365,0.02639393969476428,0.0050327719114647874,0.0034795315077034996,0.006795096929685059,0.006392737913724266,0.006882825542206404,0.009341311856170386,0.004034561634082745,0.4081478041179186,0.006454528066579298,0.0020120771782425762,0.016442214193693,0.01641289991605636,88
0.0038463996808665935,0.00923983821019873,0.010921520869493084,0.004751097524933531,0.01165073143369626,0.0019027981997079856,0.010378809996081999,0.03318526714062597,0.0055006804049816515,0.16343810956094768,0.008287966966407212,0.005349078140395479,0.007800385201311858,0.006248874020072677,0.008639406231144545,0.0051343852606494855,0.0035233968451513355,0.03473513692092491,0.01143876910514334,0.6540273482872656,89
0.003954923981788666,0.01934121596946871,0.004344114467869065,0.0023015064379866266,0.27514692386714723,0.0023809928525319367,0.005020017271007109,0.43459820000321464,0.0036046789053226416,0.027574418226312496,0.010575897109962762,0.00827991442992048,0.0048656197709205885,0.004810365423808354,0.004106573673417168,0.009728517932057383,0.004556521172068729,0.08375664158402653,0.01329011475825599,0.07776284216291282,90
0.03538751292850853,0.009592211034466565,0.008732417942306505,0.007444480179307818,0.007015046049173216,0.0027156633467979047,0.005678743178862802,0.12804715343949025,0.0026013351209032685,0.04747281628160245,0.009187822337486296,0.004720704781757022,0.0017694574135165711,0.003177614837126267,0.003024966856506774,0.0013214725578898142,0.004937536017148205,0.705909406567729,0.00742103542466035,0.0038426037047603616,91
0.0014391570893134526,0.009201431560244602,0.010143942590340852,0.8230130416398994,0.008513425006294555,0.010640924507819368,0.00420347409611306,0.030268029892676903,0.009884647550331725,0.005452371563997997,0.012062637028064642,0.0052571252051949804,0.001878343432372701,0.025285390254732785,0.002589106254949646,0.005052894974380107,0.005695757199774012,0.018966253477479073,0.005653080386086364,0.0047989662899338,92
0.05165360235170879,0.004298257010389272,0.03472064766747196,0.04664466359509625,0.003892374560408375,0.01914552000543937,0.017437930071504768,0.005806334272544583,0.01559840014705687,0.03461041003822222,0.010980140665934307,0.010720365289023641,0.011508385138991458,0.08068301722256767,0.5468080160355986,0.03208118822539077,0.029874586687755927,0.012985487263077024,0.014438910688867405,0.01611176306295061,93
0.052581541986084016,0.0027413212581800317,0.03969958965348643,0.07244486480616251,0.015748821815880915,0.06288689682851314,0.057323827094334596,0.021423440133351665,0.019836144881552782,0.014323530105173843,0.0370081792222344,0.014072603591920743,0.15131886066642894,0.051838182247898636,0.024814977784724926,0.13272177836249152,0.12702094613712298,0.02629118198518946,0.04451097916302387,0.031392332276244696,94
0.02718194609523773,0.005991785039174327,0.14016392597220273,0.021153724005742416,0.07937638626835725,0.12085722397950414,0.05075054799405721,0.014777860055572432,0.01458932160507306,0.020163488007329367,0.016115574452881105,0.09806110735492249,0.0012016465472272804,0.025050418610846448,0.03132073302261713,0.044415620144149154,0.06715007152469231,0.007282774571575213,0.04338340173207814,0.1710124430167601,95
0.17211410629648793,0.013059297704664193,0.01324270489482804,0.007551093284039165,0.009040009032257695,0.05828362221506702,0.016533012389476638,0.0035422223612024124,0.0024178990748697535,0.0036094856580379943,0.009093482049790968,0.05034345949102261,0.053549100589686024,0.10257821352092551,0.009600043871374595,0.1416183553819768,0.23575244674001733,0.08117605438280245,0.00796485298522274,0.008930538076250176,96
