A,C,D,E,F,G,H,I,K,L,M,N,P,Q,R,S,T,V,W,Y,site
0.02295229571557565,0.08296322101444525,0.0032206769745438844,0.012178076336768227,0.0898319781333577,0.012180449101482176,0.036268985557354444,0.08308487058555773,0.058474198900579574,0.10369856915969773,0.04174818040175749,0.06550352196725565,0.018312276825794064,0.04522189422836085,0.01732007508638473,0.04647938608230793,0.14575994908561293,0.04665005389695844,0.0077682123336234666,0.060383128612582264,1
0.10391620134149558,0.021295500471907047,0.042575842071962224,0.018820337810662138,0.04885959851053746,0.0039825459597099015,0.015245800100326896,0.06038142512953951,0.010304978043372173,0.20568691651945045,0.06651228317412901,0.08310763320227663,0.01626502675133917,0.023310582267478914,0.03415779145041128,0.03442357226403014,0.02641326700487893,0.07766670128766173,0.027771848899306832,0.07930214773952397,2
0.13140236043669648,0.048519792754309184,0.0075247610334426476,0.023957421281375995,0.024019918339354303,0.021502838636151808,0.029897250476559202,0.033891060073703565,0.08784205507881605,0.053515543682106204,0.06349400461961509,0.0544115472750567,0.043851206730217036,0.05661155747006682,0.07171485493753361,0.06150595198199225,0.07396559055933338,0.056159661348605436,0.03106451789248648,0.025148105392577787,3
0.1588269972854748,0.11374995867263252,0.0081775403080383,0.015231517605170193,0.2075548667399104,0.00916909478865527,0.04744525654173996,0.05488062345990629,0.041631701984681406,0.1939819890436513,0.022395657757370093,0.006631964850286923,0.004722000406288323,0.01096233950204547,0.005688030692070516,0.004604001963778563,0.010975848877617432,0.01940442451183729,0.034353419129528544,0.029612765879316504,4
0.03028639716793452,0.024134193289978394,0.012063401869497307,0.005270710014679653,0.19252529256436096,0.002831974207663538,0.06003375518844968,0.08520541296623983,0.004728000166841843,0.199486486012359,0.0575755209020303,0.003483607172666711,0.007306372192583825,0.055977811851511274,0.00832692136972352,0.031285510170469995,0.008281073261586967,0.03926126706426718,0.13137715404715714,0.040559138519998233,5
0.024160737167082513,0.11005281772353138,0.0038409896363602097,0.018894897706768863,0.11152901397547607,0.0038131456510552175,0.0028629932008056263,0.076959166823758,0.029615004771750268,0.1757142456029343,0.10810525155004681,0.013394982634804858,0.0006035104889525189,0.009900499906116975,0.04944066286011287,0.0040540842915819195,0.026598939460534633,0.1199261108783489,0.08855309797499379,0.021979847694984313,6
0.026379352964490517,0.02050108254214364,0.0024810183666793685,0.003964356086709405,0.20329783606005214,0.007047344265337559,0.009303331005921416,0.09565204812407903,0.0058954008916194,0.40753625026912066,0.04361322755982827,0.006138187730157817,0.006310210050247264,0.01926220961945561,0.0097320657159883,0.028731787852977985,0.012956420830026646,0.04764072162927344,0.032455610742665515,0.011101537693226237,7
0.003712282777689592,0.11814531561754182,0.003811008678848896,0.004745373504733894,0.054132203180667755,0.09876508620558173,0.004808876246702733,0.04961285403161934,0.0034955939203419866,0.2510262137354676,0.10477404615960634,0.012840954126962574,0.009766840673399158,0.00555477703873092,0.011171384347076829,0.0055410062403293365,0.009028055689996607,0.12158551527777889,0.05308894612348947,0.07439366642343449,8
0.049683406693734104,0.07195965384067027,0.004271279212769438,0.0026102749002557242,0.2241262655736532,0.0064768843523875675,0.01735225800541239,0.11025792116850941,0.07744947445318408,0.0687954464781354,0.05350107548892184,0.004529084366685638,0.002043493973770892,0.006364792567918961,0.006935604553113546,0.11194752052350004,0.040367056750602454,0.02088295241805261,0.007904858275233316,0.11254069640348906,9
0.08764300001154164,0.04730260742397842,0.0035630320431597,0.017847174018324783,0.16841495649384783,0.01346542393795987,0.03409804830783242,0.06746793977465698,0.0032281443386839785,0.14031063153472034,0.03252314029265843,0.018361664151764386,0.007025503480312619,0.030003901856936917,0.005644784472157106,0.07159983686508554,0.04553311370164043,0.1284086922201684,0.05416774191640034,0.023390663158169938,10
0.05911790559990331,0.12079838470702965,0.004918776978731173,0.0028644429715400472,0.13440245167977216,0.09636006605401472,0.01072699511840383,0.08823279889490092,0.003596770111893872,0.08650225963486148,0.021495873106479168,0.006008190358144787,0.005587855093775996,0.006314062433851957,0.018013998861415734,0.1271687858943676,0.01265205264098283,0.14294177608606945,0.04617590937130786,0.006120644402553499,11
0.07798054727275908,0.02457233622049068,0.008566984100262073,0.1118758281694304,0.01854917832582455,0.01168060349805184,0.03480348550894494,0.06395925926567074,0.009874382667637535,0.00970950697640311,0.02855139330351367,0.012912240762338913,0.007589417400556349,0.03233618767976373,0.03207531806271797,0.14743086543151868,0.039092462397642753,0.3045471562177518,0.01284916314998645,0.011043683588734756,12
0.2590328314868551,0.05383266299964482,0.01951573164912702,0.07212514629810199,0.03615324372756181,0.026328558388844944,0.026718230500184684,0.013350624283594197,0.019255069847369737,0.07232118380932664,0.03709502955794802,0.06642363652446778,0.01228143454103797,0.1163282412014559,0.02658197189162678,0.040338516571396324,0.02595296706871643,0.023162689781708167,0.03091338690756691,0.02228884296346474,13
0.0391106616213461,0.06670585414162118,0.009582319718956914,0.01115604873813758,0.004340270901335963,0.011936325999768535,0.005131894363827294,0.23674204354888473,0.011777276798602217,0.0015005478703613772,0.05402703690514025,0.00809645607377994,0.050567689629321226,0.0034981721065346885,0.0030122963517340085,0.050672536810688416,0.2966292459872142,0.11400835972371975,0.014824654101902826,0.006680308607122864,14
0.13522377614177686,0.012885123350297657,0.2797685206381567,0.04016236392752541,0.005642973593928565,0.017535283409377492,0.06662593008383946,0.013596391765347634,0.09177424075752802,0.01710971629872975,0.0892183913320646,0.016106062291823393,0.0014046234445665832,0.013067573690061124,0.07827377712091714,0.03220615565040754,0.018150897177232603,0.02071209101604994,0.022624016357008645,0.027912091953360963,15
0.6731068965401164,0.013373528285726265,0.032522912753368854,0.016496127081390706,0.007028668044401855,0.061191938751166165,0.01683803777928229,0.016820218156934817,0.01354733238262228,0.0034314249883667975,0.018928343631241594,0.012847648723630188,0.005789979842074259,0.012870477557866553,0.0034526535705648115,0.03809103731953666,0.008190719178044134,0.019458200290495838,0.021076459153998847,0.004937395969170846,16
0.01583913103268804,0.005485113505931795,0.6539364747163134,0.030279967780778783,0.003624042577513976,0.07702946695356992,0.0061982654029676745,0.0032734309544482443,0.01270462818583913,0.001550501358245507,0.011178420396318384,0.02976894746224959,0.005607693307658706,0.008746106598561672,0.009428087348451434,0.002758339896982786,0.008631547645707388,0.02929977154375525,0.012124049839539268,0.07253601349247916,17
0.0012602261904823677,0.001515378621399959,0.004907670527450222,0.02992002226859192,0.007153658766813885,0.0007089036657474846,0.04453654026198831,0.03311929964827216,0.06641455344829518,0.19482728506173344,0.032864967009431846,0.0541511928829471,0.0005447911518342974,0.1767091785381462,0.08043793717454123,0.09384356072797707,0.08533830931639097,0.05169094060450871,0.004101372469743543,0.03595421166370399,18
0.0032097659028067467,0.0038946574146492613,0.013916050008678245,0.010600370972819302,0.005474005362398199,0.0022567067297358688,0.0033688698825177486,0.6391520409942315,0.11963535247665442,0.05392941241340104,0.03122906308860669,0.007091135038368697,0.009717872881608162,0.01901465846302088,0.003528041068866112,0.006162604587529748,0.01666231198909814,0.037620136464023186,0.004871010528003243,0.008665933732982592,19
0.003887584480418292,0.7717633333669901,0.09464659816144638,0.002571764201395881,0.01188386963728729,0.0020041690008129553,0.0028305292283271684,0.002161894139674846,0.011224302728883287,0.005027162811461307,0.008332401203053825,0.004027167754009612,0.007432463030117536,0.0048284627230761705,0.006373654812355172,0.005350412618397444,0.002818712079040225,0.011762094572963639,0.034477694541876734,0.006595728908412113,20
0.010500345169678937,0.007795709594908565,0.041537664607911175,0.006888639509053979,0.004680106081723606,0.0017910054342282916,0.009104012719615747,0.6924163018490733,0.013002409355616102,0.05578085151039469,0.01093843181572556,0.011682576130713995,0.0013850752348559898,0.005032584604863801,0.002483107105949973,0.006833798044532337,0.009014438224289928,0.061144665045721795,0.0067834499832070405,0.04120482797793522,21
0.0056986650249534285,0.011013168026480122,0.01110443121056592,0.005213129388157041,0.0027797460490668682,0.7598512893159499,0.005188731352011725,0.0028997177402668483,0.005225027241476663,0.004274000621987561,0.006962451877566459,0.004888252308686981,0.010578046534718619,0.004881701380253052,0.005368729398398203,0.12727864347676787,0.00166128720505927,0.011758762217325528,0.008809827142255618,0.0045643924880524375,22
0.004909169302172166,0.01611180238124994,0.004783434116986277,0.007470929719172898,0.08674232230732519,0.0005876938913526208,0.01270896291620757,0.009105713936910119,0.015817098529175563,0.001916304682826059,0.027086637688499934,0.0030385601640820726,0.0007058395343467204,0.0420798149304303,0.002731790142124208,0.012477107841972578,0.12894525078533922,0.027568637041157765,0.03971064274906088,0.5555022873396078,23
0.06177467150258114,0.01386660428027571,0.00630666426193038,0.004173518613986552,0.002088370256485568,0.004106039025188924,0.4172372286562477,0.02777245523998624,0.05142412906850118,0.145723534120609,0.02294472526923496,0.013729911439770233,0.0042801385584892914,0.0766532673098718,0.003513911096466607,0.01649696141261911,0.039128214616956654,0.05676519794069696,0.0051257780659266765,0.0268886792641754,24
0.5466210041833071,0.03809829046999954,0.002020084132349562,0.01154084279321919,0.004085956478183525,0.004098260374228452,0.00323202955124271,0.004234929841268385,0.002808531490216067,0.001294217982156343,0.01003418566534036,0.053685295927344216,0.0013687749273534342,0.005432714316992171,0.0012661404259814483,0.07551116590801821,0.010142743274191663,0.1107622489286153,0.006136072817321665,0.10762651051267061,25
0.009381083753518793,0.002989558232139648,0.017720890722367537,0.0031880430025799738,0.023413754690447354,0.00351209396420606,0.018498105675316078,0.010024799877049606,0.021423689762117268,0.0017169870997142643,0.005276021462674269,0.826902076137657,0.0013819259324111177,0.002959801080660106,0.01538299853725047,0.018809333446167652,0.004526606966546523,0.0011146412931505826,0.005742402237715779,0.0060351861263099925,26
0.08368198877304951,0.002328938198809773,0.043329194102573215,0.008700407680332494,0.005395521760562599,0.005406181794928937,0.0023806299074431575,0.0026285486281875194,0.009249484648475926,0.0018177588219801429,0.007160472233596319,0.743612330065631,0.0012437878235421183,0.004629742783284839,0.0019535707567495996,0.00849717031447782,0.0036263557175278973,0.003230635055882527,0.056343405877262887,0.00478387505570164,27
0.0864032973432098,0.026459973377394426,0.0013206431207457767,0.02826428726990607,0.003519269812182935,0.012743693601623612,0.012798599439082993,0.0023448597119585064,0.021763456415062037,0.002104418790180599,0.008620409875426904,0.06566654829206323,0.003990184821400098,0.009414452076673427,0.003362512237952417,0.6285964007585055,0.056575169150153634,0.00778570826701247,0.012614210722699188,0.005651904916766428,28
0.004408428217394009,0.0035705503611777063,0.003912936545886041,0.007621227416865765,0.004386484551505698,0.005766320919417297,0.02683094594267509,0.00574157495984526,0.005258482260375833,0.002208320938903045,0.011628288284406603,0.09092215958767558,0.01517205449565798,0.004775791016605789,0.002026638472729261,0.05188532565143182,0.6340321620352,0.002260876544823597,0.11464969858869328,0.002941733208730329,29
0.013298816285335325,0.003663939504894452,0.5455808009909942,0.06673856880217306,0.006980762622954482,0.005937265397787348,0.028474829391387558,0.007048563005494217,0.01354074417740691,0.0032863409640750034,0.005690498181010925,0.015520493086082478,0.0013387304455579347,0.1047092600255963,0.0021459954867514325,0.0016019869454728275,0.0995695522433516,0.04603965536074185,0.010009750575900877,0.01882344650703132,30
0.011896835750199525,0.010483513895975799,0.003845119222267029,0.2290149118389093,0.003195427505022129,0.00800522385754379,0.005419607661662475,0.015819137748252905,0.005134937528478751,0.05442253211457709,0.043190182568827465,0.0145211710010394,0.005324052716242129,0.013871171264986841,0.061006058428957705,0.02441971469712153,0.4537828147647251,0.0258443741092778,0.008518265535764557,0.0022849477901686786,31
0.010815321012001151,0.009430821258932605,0.06207461916313508,0.005397662333426281,0.00902145499666459,0.006127106661542092,0.0033913871188161766,0.08320031330974427,0.032326682934690834,0.04491838588106437,0.007294415521546244,0.0025449341491183557,0.0011992304755060025,0.006758975404831571,0.0022075185284074583,0.0116940408058557,0.0026893528439516775,0.689392661502037,0.0048130549014078865,0.004702061197320478,32
0.005066327524388621,0.004375634825268328,0.7822386244854526,0.02680596135555732,0.012869288625159932,0.019604709134755708,0.007326819743837073,0.0038035280846967913,0.003265135062502144,0.004771420253754875,0.016638839829749123,0.028622795650115447,0.012039411743272343,0.005389081040054136,0.004439464234557324,0.003026840977135356,0.011751783788142555,0.016008703136417963,0.00876892720671047,0.023186703298471893,33
0.00930023748807111,0.005329100630757155,0.005131308288546514,0.0043334739385049855,0.004934983202924051,0.0027604846447137985,0.010132318346778793,0.01133487107093157,0.016081828670078683,0.003205361107889334,0.009836395849494679,0.01608364946459252,0.003370553976324532,0.0122712050071553,0.003637199687628741,0.05338156264744854,0.8145208953727935,0.0034922912190682156,0.004185236212794045,0.006677043173503838,34
0.023223586310148245,0.020991446432153515,0.0033136680187473414,0.003946131672164201,0.02286542245096974,0.004965365830392532,0.0034054270037357243,0.5576694383504772,0.010703090677527175,0.055253945780518836,0.13878029491188365,0.004407666673218745,0.018858618262992368,0.010515892698093358,0.003964435766115042,0.005483870069126741,0.06603440054789128,0.015987708400881196,0.006295525763525661,0.0233340643794372,35
0.008344625607950894,0.029127352960228316,0.05342910950736795,0.00792515469459466,0.01969692467454838,0.0020621575810512195,0.0013202235781466065,0.01683090569060465,0.007560291246796969,0.07114127497523373,0.009240013367615726,0.0058147382184653455,0.003147831514757718,0.04664809291997881,0.1415828726196625,0.3487846731986195,0.19989820606391379,0.0011818200066594409,0.007220452372753293,0.019043279201050287,36
0.1182107277666909,0.0032820992647548883,0.02055523706134623,0.5128217590763215,0.008513088050324805,0.013098539190832606,0.011532937724930494,0.005596512142057892,0.01129916468063547,0.001513078848468668,0.00771709042495388,0.02286084573280989,0.00105078023096169,0.15656755096701497,0.017450916287152483,0.03912263078391257,0.007667149225071161,0.007034632271248017,0.027824867644907263,0.006280392625604292,37
0.011849748350534118,0.011395581097026644,0.005368163322778792,0.018671902412748173,0.004241968683006862,0.048011972815485984,0.01151921318221087,0.003910814925082702,0.41722030534853927,0.0023047140582900675,0.0247566442998766,0.017525329441445282,0.007197585464431739,0.00431420675168259,0.3537726514576562,0.0031050374288911203,0.034893108081889695,0.004427372013854392,0.00853184631172224,0.006981834552846678,38
0.0161180274639748,0.006358819112120948,0.016603839930716284,0.03584954824225014,0.0064146917261229675,0.029722672210351193,0.0164685793995786,0.003635524487041816,0.05094853938852352,0.0021647217432612643,0.012906593683054066,0.7012304568850166,0.004272668737177965,0.018965236882787614,0.014766620178497432,0.027312872583149142,0.008450551721320088,0.006209709723497294,0.008701344603597,0.012898981297961132,39
0.015395406736380656,0.020247393406114773,0.006224329849378388,0.015689641228071885,0.00882860151950213,0.016792903578960655,0.0074269177814114675,0.10841592104102515,0.007545680029004087,0.017208258216683432,0.025391050218741683,0.02606656584323099,0.004269076041672136,0.01700165341889264,0.0037551919332040225,0.0021034820330202175,0.007262537026719024,0.6604831063083338,0.023427706637569996,0.006464577152082867,40
0.11702520066743786,0.13146506208438688,0.014270610524916521,0.016846524644581133,0.06859597085620213,0.02508986999359746,0.018734296650868492,0.04338911157041778,0.0904508738514009,0.007350381787223584,0.018978915920059618,0.004366134262231728,0.16788022609783393,0.013713523633560829,0.037859016919493275,0.014515599849913643,0.02978658113087073,0.1313773636189535,0.03046101937331159,0.017843716562738345,41
0.06483135648281368,0.027143301166214197,0.024210284824839372,0.032724379902607015,0.020017251048373725,0.017162297766335384,0.059984056342040584,0.06562482654026044,0.033177661354542504,0.004138008213572963,0.044605776027962424,0.033815959839875225,0.022752670648710463,0.031164600198781565,0.009756496947744173,0.014539451078707771,0.01722045581624811,0.41801480857842904,0.029264874039288513,0.029851483182652818,42
0.01024090963493983,0.003404518664331462,0.018265753551956625,0.009351337471166505,0.022481640153053564,0.004597735437256639,0.007393409543825331,0.013169134556787086,0.024033581062963796,0.009048945464395919,0.010585941817047244,0.010513349396283638,0.0010976756912851188,0.008185478863860398,0.0036659591960097613,0.011801460568931136,0.7912271374690198,0.018740587916817937,0.014553965841348295,0.007641477698719932,43
0.04005655960945871,0.006686087886301349,0.03558002345492776,0.011125365759746366,0.049369393404281516,0.010366980668474319,0.5891030169185103,0.002881419925976582,0.003014863102727562,0.008552510472361545,0.034092470610904764,0.015043061391474431,0.00553514701243714,0.03451176779460638,0.0054758400767168525,0.11673032141067985,0.0033117050707584484,0.002237218653480962,0.012084745349662137,0.014241501426512888,44
0.024531385053262796,0.011943024314809711,0.010634388372927833,0.006201509814220464,0.041442665815037916,0.004363020989753067,0.049836918118729284,0.010255349051555191,0.017814339753883957,0.03525335818429139,0.019518569350929077,0.020316968809262384,0.00925080485179817,0.01054194943219127,0.0044019817051022085,0.5910781422739888,0.01716871052451647,0.006649110230981969,0.09724818713365521,0.011549616219103071,45
0.016328721551573756,0.008620773713603199,0.005642866660446033,0.0056654110154770775,0.093319003536388,0.004977197354854424,0.0098198597854376,0.08057640121297505,0.07490114913406257,0.038527934972906505,0.03472240652151119,0.0023237322685465797,0.0010239493144476926,0.05361604630231127,0.022570914596916288,0.005649930200890478,0.02776911576263607,0.3420333548888728,0.009450914406073417,0.16246031680007,46
0.001821940171508626,0.003968215082596055,0.03835395027722494,0.0358336890060585,0.00892972939780364,0.004415349047886547,0.00263446795243116,0.0029856111569701296,0.013862578197768968,0.0020129581324493996,0.009449254249392773,0.6257997297360136,0.015887540532253257,0.00782183818642255,0.00775609963928271,0.10113556358795522,0.08263369279347307,0.004857595493004163,0.025434515208784775,0.004405682150719771,47
0.0014907479547925432,0.008938347838523751,0.005553910956364311,0.009407334410705882,0.05681172580732179,0.0018274749290054571,0.005947148819830312,0.030683389005506392,0.005178030316527965,0.7951670025239433,0.011676846164246864,0.0037934233795742125,0.016416934564839815,0.014419961350497449,0.004977851685904335,0.0033795746234906113,0.00428436371047225,0.004567370119779104,0.006849678592853055,0.008628883245820538,48
0.00783529563361525,0.007704554216958949,0.04775968857554616,0.003181801970543704,0.009829652441422507,0.003976165813708843,0.0037905377617854243,0.006823738661761685,0.0063136141830919795,0.8228199690679444,0.014618583761316603,0.0022464088025799713,0.0063458897768619476,0.0052147657648619825,0.001912692737025494,0.010139974322526432,0.0016917516759958626,0.021500388038205937,0.008129036038545855,0.008165490755701188,49
0.23905303904611475,0.06608556906468505,0.03083089191143444,0.23308943391229867,0.012080224725252763,0.006253037690945054,0.005478202441333526,0.05407852630836495,0.013607464923747906,0.01650913212230332,0.004261303384042087,0.0018286160577071799,0.00034138846923752517,0.019997958402057,0.004424570500627863,0.0023794635541996532,0.0664062383318827,0.20904791071232032,0.003836120090483792,0.010410908350961335,50
0.1243131914956776,0.004742169155724043,0.24504916133171337,0.052209969602936085,0.0023506527759898635,0.05191563748104408,0.057814293554431656,0.009547694399449974,0.025086279263135138,0.017485390011976115,0.023538739070307957,0.06077545957709001,0.0013550078044374447,0.00474869176543317,0.00819837732846998,0.12539438512290343,0.08408238860323952,0.04280590578746695,0.0088512838831588,0.04973532198541487,51
0.09663636817719033,0.0028995851515604878,0.010064690981316468,0.26179985657852256,0.034527132263208825,0.07359536522749414,0.04325120752955664,0.016819817946975762,0.030520056851662473,0.030356837280846687,0.05564893930811157,0.03540028982658051,0.00024304481512132454,0.06819806798872163,0.03907895212851231,0.07100986623585868,0.06049660048617942,0.040543414254423406,0.011885262890075281,0.017024644078081415,52
0.051615810304548024,0.005874575574293014,0.006334791013756395,0.006508064725640105,0.0028509041656112314,0.0043764918724237606,0.5155104286395291,0.012095736748967618,0.005924278325079259,0.0012353114777642366,0.029805591787647842,0.010448253213407265,0.025303795331446055,0.022843675069043695,0.02111075014864235,0.02852159201821824,0.14873929841069125,0.011598255153580535,0.009369814224087012,0.07993258179562311,53
0.0034540695448709736,0.0039184133458775375,0.01983145465291084,0.009000688126477583,0.09838238096356924,0.009102130177126168,0.007796541557874394,0.009392461737301743,0.026837390359455683,0.002058861807473441,0.013042103582333733,0.678398223220949,0.0021714504473190196,0.012100267147200257,0.0024684376365984905,0.04591493293014339,0.041065675144734345,0.00372539059890874,0.007780639501518349,0.0035584875173570335,54
0.027413933146919978,0.006256184675753594,0.018922690590294215,0.04963233904812222,0.01930491379847466,0.45919958310342546,0.05741327450731199,0.03857837876143571,0.012755419350416804,0.001034539015929444,0.15388560156807554,0.01895846245291404,0.002716720479161882,0.022782529702472364,0.017440031098935115,0.04181185896336169,0.016417808955026543,0.004958674084192304,0.016363352011421996,0.01415370468635439,55
0.1459654278321869,0.008206220317910634,0.005218792230426328,0.0015268744732922594,0.2014913723424209,0.00955382735278305,0.05885273822744154,0.002607707437370093,0.21373394741748045,0.023487344308281928,0.06392066950998312,0.010420465772748317,0.0018796071304293745,0.07498228067075238,0.0517134955528901,0.001187249692850463,0.002564496409168003,0.04555364911814517,0.04441592009838319,0.03271791410505585,56
0.0023237159847303243,0.008215618613627644,0.0031559934493384095,0.016984736994565652,0.008938641367667335,0.002506305949173944,0.010622430152939713,0.06247016326719494,0.007031092564456742,0.764562121687557,0.017191672181578906,0.012815075075771204,0.011246712202184133,0.009529235372714079,0.011218342845044891,0.005579552755533921,0.004028794759457224,0.006642719216102231,0.02113226021258945,0.013804815347772404,57
0.0029287654697978008,0.793282297256681,0.008816723838839715,0.015036400549024274,0.01410226680485398,0.008540891474317667,0.0036442109598432528,0.007025511207886001,0.0029736308300403707,0.005614252917179333,0.020196543870213704,0.009130312438737184,0.0025955174787362996,0.044498496828783436,0.004181502280974548,0.0040142260343150864,0.0021591971237025984,0.006220974116912174,0.010278256314163115,0.03476002220499868,58
0.04281021194220577,0.00247974365869206,0.011087642277758908,0.007660627404429718,0.058350344472642646,0.0013487752118932846,0.06454307994439444,0.0012499851457137708,0.15063838280626562,0.041643099415169534,0.019612695861825714,0.11394261000627072,0.0003361575979134141,0.02461691180377648,0.1836931644939575,0.07854977714430296,0.038958927946287206,0.00039336625594415213,0.009689423428900997,0.14839507318165515,59
0.10745139233943946,0.0017507882874226942,0.02825427831062966,0.2674107316552627,0.00928880983999691,0.03440725326866491,0.049949713563481324,0.0029808353540378644,0.09723752486325933,0.034773147851062246,0.06011506365154474,0.05956185171823696,0.04923859818128134,0.05255436909643677,0.03437253087586802,0.022955761723668932,0.03216628843537271,0.007436978229238516,0.007365733749869018,0.040728349005225796,60
0.0847495319661776,0.006772193163854058,0.006713951154384994,0.005852062534665051,0.006097667851409367,0.010883663116744111,0.011788047532345663,0.005467649039285845,0.0065582518938905685,0.004322358087255102,0.014924730443834772,0.004041306597726935,0.7966764617713045,0.0031912830401023924,0.00218933842906524,0.005405117260086691,0.003863884170205202,0.0033544276536090815,0.010793650944861137,0.006354423349191404,61
0.0021446294237270737,0.00797209615647907,0.0039733294642467125,0.004413892962504595,0.02194938157863502,0.0016695636805362198,0.015669107028268767,0.054019620872116,0.008640076277090746,0.7270949418040347,0.021979089639755447,0.010408516738222545,0.00872300473626478,0.007507116144354019,0.011302784603911122,0.0045205815253968615,0.010489584715231417,0.04746290451097011,0.01937191282176468,0.010687865316490066,62
0.03923515388742974,0.003928467421811666,0.1796538423303522,0.1156583072645554,0.02333484878613874,0.012792269966720858,0.014668072249895626,0.08500718824135195,0.00914014825139169,0.07163401016217513,0.11880265892308813,0.005628770655754301,0.014569317151040704,0.06916710554706879,0.05099709193133161,0.022837745555908142,0.036399877832633744,0.07239124013122068,0.018278390032068048,0.03587549367806294,63
0.0015375295811620477,0.003421413536235634,0.008444676662595138,0.015436517374032248,0.01923716113415349,0.015328981691908468,0.00296445990038097,0.020734120008122466,0.002212174926071928,0.8257751829851687,0.012337755390617544,0.00744403627193437,0.0017839789939078342,0.002160891435316898,0.021766286702589132,0.017218023246341717,0.0037186096415611487,0.0067943263248378405,0.008747527720446699,0.00293634647261568,64
0.02329548177159186,0.004196760654015627,0.06269022757860437,0.07919853478887705,0.02367126220411836,0.2544302684371837,0.0997295126995282,0.0022429776227271864,0.07506602708326311,0.054783655661258916,0.03871944718419215,0.04082950898569834,0.005640093995109098,0.10378035462368133,0.07678805390722093,0.023999911019969414,0.01243220624898207,0.003129425537665273,0.0031057011064951224,0.012270588889817817,65
0.06176855410156271,0.0030828298292739182,0.005695695311660046,0.03760224564427312,0.011804551127660639,0.1004392473412867,0.00805060907079776,0.028371160664661717,0.053377928632701126,0.017073555149150748,0.032850091141272034,0.018269921779603362,0.17160218175113057,0.02735989221821335,0.031788974058835476,0.029638504901147434,0.2977416652429259,0.009522424076298582,0.023530588649288448,0.030429379308256375,66
0.004049289028927036,0.8513343145559764,0.0029260094726760626,0.003674454650114618,0.011954490714846165,0.0020943193162762225,0.0030968995535849858,0.00423477411081246,0.005720942437336698,0.0033406971601717436,0.06188307767591548,0.0033992171338078484,0.0013915364060551954,0.004644036057386933,0.008486657647181529,0.0026026236386149444,0.0015329101417843026,0.008722488680540815,0.005544324101378238,0.009366937516612097,67
0.032630330540747515,0.013110938307471568,0.06312880937483967,0.030104631210728174,0.0019318312306041338,0.07702873912093913,0.01260749463760331,0.0010917666813504692,0.01647917076619715,0.0012600291785527771,0.02589087492266172,0.2752833983908312,0.0012113408464851753,0.05392115956157743,0.010880411943446926,0.22342428546255816,0.15288477882462914,0.0009107950096938967,0.0037536675679820442,0.0024655464211005037,68
0.001061286845653517,0.008610450074687375,0.0008826743981319793,0.001317569158196087,0.0739602293539704,0.0011219521305344162,0.0019940998366786804,0.35597783619481266,0.0014388401922106387,0.2460004374066279,0.053149075826301566,0.0019559728780261386,0.03182459609159668,0.0037869807122081836,0.0011308847178080233,0.00047618695442804953,0.006544768401883568,0.20392175396957987,0.003943680247577346,0.0009007246090868428,69
0.0335759308703534,0.03431174940811263,0.0006973471649693828,0.006449835679175839,0.006058805974754631,0.015162460048767064,0.01692046053875251,0.18899134948181714,0.013034876552869511,0.11262938851149296,0.03655730200086705,0.020650114292671197,0.05123190139433734,0.013543018753889666,0.00883311922944322,0.023690348395031893,0.23095755458126688,0.17176232066179964,0.0041022235195791465,0.010839892940048933,70
0.06686921599652068,0.004313254087052345,0.004972130488039524,0.014762184455412457,0.003309106238658161,0.8332080787861273,0.0028868456088705077,0.0017213525315674697,0.009074694646132312,0.002903836825400766,0.010408594473182242,0.0036523190550266297,0.0013251803870364713,0.004286119580086051,0.006185381741743199,0.0038965843016690806,0.001993667911539626,0.014163079672114774,0.007222236863777833,0.002846136350042587,71
0.0020386967037608183,0.015744872580254372,0.004357506325034266,0.00648811167397746,0.00519524491448114,0.013349692797090414,0.0046682370874223614,0.007293155066401513,0.00825364535450922,0.013919706037302108,0.0059993995570795005,0.0081776847961099,0.0011961717174819198,0.006848663995165224,0.003367768230490414,0.002519366720251243,0.0027334953172406095,0.013471742881030384,0.8674531759523275,0.006923662292589726,72
0.003941621478575239,0.0028327882338627826,0.009753105625293423,0.0038653682946903417,0.014930328629665533,0.00528047468717778,0.007478935608749032,0.010523996732605326,0.0031836956553254483,0.6948209135848504,0.04142528619332017,0.005214798656251295,0.023567512380428784,0.002772373719356041,0.005104338966302782,0.08597245660719632,0.0021404264530647974,0.06868908212682448,0.005609933213051321,0.0028925631534089296,73
0.008787762834750051,0.0032483869098435462,0.0020832011189088565,0.003406863472055822,0.00675152147613466,0.0008815982926508036,0.0017048114594957282,0.11035273600475486,0.001925793921711192,0.7128091666908443,0.022129566541490838,0.01108985610782584,0.03778459451086611,0.003195289055137025,0.017715263362761677,0.003407555561487514,0.012939924177808704,0.011610165222773375,0.014736690732980269,0.013439252545718542,74
0.03056224465442207,0.0026401451259305785,0.001605040128882644,0.006067941525117098,0.0017359102890774486,0.8976356892561013,0.002113593990108378,0.0011639734152267167,0.004794350996062217,0.0007983590311166263,0.00582436336979043,0.0029663828713840587,0.0025098301538026865,0.005296667008405398,0.006099079289634467,0.0015240259430640696,0.0017252182174866655,0.016684793047277713,0.005720561370307554,0.0025318303168018804,75
0.018372591394737275,0.00352553686044565,0.01791892145532408,0.00486216124668237,0.0016587941124701995,0.00227407646488256,0.1707622050187661,0.010094833563175185,0.011147825492194799,0.0026641633626286886,0.003087780078567007,0.66262848548845,0.0003074857698961604,0.004758902499405353,0.004137070753066437,0.060170510351900484,0.012124049299976715,0.003585186113451844,0.0034899581541331668,0.0024294625198460007,76
0.003640477572181192,0.006070336509335412,0.007559054559566512,0.009521024875643568,0.0021917807656451605,0.0024441866943564266,0.10636906707201865,0.0023031739536027037,0.004051978747390781,0.009161430908737058,0.00525032827284103,0.002348082071975805,0.8095534415726647,0.0030393935853055653,0.0025695769485559387,0.006455378248561332,0.0072758056740284795,0.004133479337698679,0.0035073121389542555,0.002554690490936693,77
0.12195141419911988,0.012649215954343377,0.05037108879979563,0.29430916687494924,0.016446453616110947,0.050262619247171306,0.009291212846898001,0.011265769901567083,0.013792393706251582,0.03309948812583254,0.03797463405900602,0.09835890735271492,0.00028084286618275064,0.03265442263579505,0.0014428912787126595,0.024675409759763373,0.03028796612300013,0.013077175822693566,0.02488528518413003,0.12292364164596191,78
0.0025198621655793184,0.8749866961488423,0.004607839815913609,0.004429922435041556,0.012656871409701894,0.008347174455614247,0.002594123309876196,0.0031990440201886865,0.004266015723118425,0.0005893251826708456,0.007858840284070641,0.007637896586271081,0.0025215264478920295,0.004001184832019719,0.01160134354192007,0.004487803134707118,0.0035400821509754396,0.007215191616198216,0.024889570993639306,0.008049685745759348,79
0.010024259923576874,0.00950831636279546,0.6641878396519224,0.18745930474663083,0.003251365514369216,0.010236735631005304,0.00653875912424514,0.002329216758047938,0.0015843347196285876,0.00889562943901334,0.007549823888108699,0.014077487377648216,0.002108534641487391,0.017316384872316896,0.0011768937127666457,0.004998358547590975,0.02364468931761272,0.0048036964515001356,0.004169419596643976,0.01613894972308938,80
0.05068686765029986,0.004807968556147197,0.13054784126631577,0.07240914101778585,0.03210955425374228,0.01920744880876514,0.09655229680123674,0.071371892073853,0.005996665544409792,0.10052896924454635,0.03480420474699889,0.026420491400193345,0.026762842807847072,0.043617994854528636,0.014660458493114613,0.05709738709056666,0.025035384568864748,0.04223771930129909,0.015065841887123697,0.1300790296323613,81
0.029935652152897983,0.0019456868785244976,0.008285029900430625,0.08290423375703952,0.02337473226910712,0.010525017048671644,0.018667669774967727,0.17864457728056402,0.02898349066176035,0.21576500375623295,0.12790786635523957,0.008094874127885053,0.0028245512616291183,0.06029182636585194,0.001031310114548837,0.017393221839455072,0.01406533405413901,0.030572502557314366,0.12439389617525638,0.014393523668484271,82
0.0360624000195957,0.00027549546865058915,0.11133652119909827,0.061334976949847325,0.11400941371454054,0.08351161363524229,0.0386911506735604,0.0741414668515889,0.018169017915218563,0.12825699348345773,0.04165896255343793,0.039184769803464754,0.055872249417505813,0.008704524222788333,0.011324403690636241,0.029839215359205182,0.03853382108518463,0.03303157734340201,0.010072587576424204,0.06598883903715062,83
0.06334496544861472,0.004369570378672428,0.0392747396018861,0.06815534626259298,0.10810949721047146,0.015721959938798637,0.04990175191086146,0.15265234188752458,0.04606784501708367,0.05460066252579281,0.07843960095558794,0.02225000808797862,0.016025703588921195,0.040886127409776915,0.012412897509663078,0.04432069622801107,0.116987715802799,0.02901941835419599,0.006743174501287786,0.030715977379479564,84
0.023351838950067583,0.004238909340906638,0.014099484135424181,0.10689694511078088,0.019926846379137757,0.031035926602626978,0.12055649096882383,0.04229044059952592,0.0390197232380692,0.04942330950021115,0.06684060908430552,0.12917475241071388,0.0032125516928445093,0.039297661060150244,0.10971791074662957,0.03251725264278187,0.03930937923605444,0.07238288400277079,0.010548572328335351,0.046158511969839756,85
0.013626426124999612,0.0018097748772274123,0.07030000000157878,0.05592014029873326,0.03995684382130704,0.03659075948046213,0.05906815358414987,0.053038238855296314,0.02059702650488684,0.01926352457476258,0.15172460316496347,0.040349198762362475,0.03704348554813871,0.13860692496712718,0.01312706521040025,0.08274214346745169,0.05851726349771437,0.029915146009017887,0.016325775895395536,0.06147750535402447,86
0.002664945089600685,0.06491045920647295,0.040332777660197834,0.008487624091110275,0.21442569088267147,0.005287709483559366,0.004560397970935242,0.0069569647320692676,0.01717043939516913,0.026623686240749015,0.007589786974332418,0.006730971839498341,0.0029856647549960772,0.007587710954521264,0.006990248187212816,0.0026494641679184563,0.0024626241389236418,0.0035836885493159333,0.5606343334117813,0.007364812268964564,87
0.07384852346736703,0.0076635199055676805,0.007190905417586383,0.005652657504887027,0.010771891587216085,0.1642856700683504,0.0037787404230376674,0.0016686531970309714,0.0017516899097872098,0.0011773258461362794,0.005709352724858128,0.0020602740952450575,0.00918099289836423,0.008185536067443686,0.0013584716831803183,0.6617180046514456,0.003641963384586124,0.0017373390130549532,0.020288380320561274,0.008330107834293898,88
0.0016770176105931208,0.01134258297702489,0.0066133397592402715,0.0015360838270014545,0.014228905483098391,0.0031207567494021347,0.008862648894910159,0.000983826678085817,0.0041368438153206386,0.0018492619216233252,0.004119619612981817,0.005538900370439032,0.0019930409111848253,0.006028718537843194,0.003105673595190797,0.007448312465591284,0.0037592175584740305,0.002060239701073799,0.0041101356813331835,0.9074848738495879,89
0.0013558334037592915,0.015299541921564956,0.003025257179168742,0.0024838100323767882,0.010976965779018955,0.0017678912143551484,0.003951391539860207,0.6975437889168677,0.0020107020423043736,0.044528068856380124,0.00754561219116567,0.009284821484983784,0.0012583362583045142,0.005785542859038438,0.0016784568999148686,0.006946537115405407,0.007065384154367664,0.16530147073678364,0.00965151610736851,0.0025390713070112024,90
0.044146424753321,0.007110383660156057,0.008202997974917341,0.011167674984336637,0.002157244907883754,0.0024536877636660314,0.011175557764515651,0.2005151378389692,0.002829263782796919,0.009058455648098826,0.008360277481556284,0.0034323480904378026,0.001602697070200806,0.004117063708254081,0.0008397712680602696,0.0016198950213830807,0.005871171529147847,0.6649819742906664,0.007539681379989701,0.0028182910816422946,91
0.0026413073213936806,0.004314889188824077,0.021594362022094925,0.7195478847643971,0.014956086867410713,0.012634272366941469,0.0028362043316410538,0.05634689755656321,0.007949626976988401,0.010612777299573984,0.010276856600254524,0.0030144642490905673,0.0033019407760148723,0.05747027901566139,0.0016769703518993775,0.005701498430679481,0.006065213735772027,0.04929973150395415,0.005650895637605389,0.004107841003239863,92
0.1260702725920165,0.002646695244652767,0.08075887063311414,0.10148772342013755,0.003326733505780796,0.014059330753460173,0.03767277747129626,0.008646513345802874,0.016601057057468498,0.04468987515268579,0.00242935322961404,0.015737689337966574,0.017992704997213744,0.22320685645759114,0.06266998703925647,0.09360721810559017,0.07578346028655399,0.03595627463035184,0.024433490964489126,0.012223115774957547,93
0.09401483458555221,0.000845097510734014,0.045944097468633156,0.05767428283395957,0.025339710426083167,0.06767164703713752,0.09222568948935048,0.05038683882838047,0.017775727224172467,0.03461229765114462,0.048949603661537645,0.021723942633893226,0.12138246720120473,0.06615847750623093,0.0259695330155909,0.02388338773909827,0.021982850515408953,0.060976778835125464,0.08719422624671602,0.03528850959004628,94
0.02927169066000002,0.014619654092266425,0.2998532046490425,0.030890198211424726,0.10534515222579444,0.13695233494525544,0.012309678753037656,0.023787699472576054,0.01380605864987902,0.0443089048553078,0.017627106203274935,0.12284740888471608,0.0021450127745552697,0.02088873121201043,0.04760262568986775,0.034563914635625595,0.01066871583910359,0.012334284242357762,0.009008402962011029,0.011169221041893523,95
