A,C,D,E,F,G,H,I,K,L,M,N,P,Q,R,S,T,V,W,Y,site
0.0016827548938418459,0.008061746747397196,0.008140236893126774,0.004703368283318228,0.04426568271796144,0.0008671738706446961,0.04081800153594713,0.15806591814633275,0.22667308996829644,0.05543226079597759,0.007107685828276003,0.09706544538425901,0.0018186673677601554,0.024841097450722115,0.05319051056084697,0.006264046484042778,0.014663846350289474,0.05262822406988196,0.08519214028617743,0.10851810236490006,1
0.06937939242038203,0.17290708672338417,0.002858136118833868,0.027328119149002374,0.02739230408282113,0.09400906627155176,0.045856218699537585,0.08371866551247747,0.0018588228720273887,0.014393698124001857,0.023204564540018013,0.028150421608948307,0.01834832292010089,0.095080342196353,0.0024950094312847057,0.15386039782368277,0.03455630951712648,0.02972087302227642,0.020388010941228385,0.05449423802496142,2
0.038615841664409345,0.020760600972685162,0.1410690792017403,0.03837010504099358,0.029992163574721425,0.0366742323859194,0.0036512197341015728,0.024204236960389064,0.07004688318462507,0.04127818234521259,0.08968448356549294,0.016027633578528686,0.06645551307555501,0.01788922141059368,0.061041244629161086,0.029652059504775542,0.04384811510290175,0.08901778077048705,0.08679415378632414,0.054927249511382684,3
0.014225325610467536,0.04526436203361441,0.005825169096908073,0.09107391857516932,0.06058963737465011,0.05416240040148415,0.032122338607400984,0.03384151061692151,0.00597769560335558,0.02062580277760031,0.07979666947182594,0.21645125053434633,0.06025232351065711,0.04299798888098467,0.00430295043752362,0.00568857149096975,0.13138584586878865,0.0017356612995906302,0.07635265344913117,0.017327924358610018,4
0.01579682188770311,0.03376913466256661,0.04497959382349535,0.03517955001284351,0.03380141488741084,0.04736271367558894,0.07779086503426103,0.23725570561024759,0.10677451855725766,0.046786895484924686,0.05663613324273049,0.020410730803217376,0.08670589381254434,0.04786580696470214,0.02647804001727219,0.008806426634538872,0.00836119126644666,0.020166782993344963,0.014080476744339888,0.030991303884563774,5
0.032615641750599854,0.027746980574732457,0.0887935580727457,0.04981736343232647,0.09598485987079339,0.01421115281609997,0.010137662739847958,0.05697526929703093,0.1474757160192305,0.03982331495257179,0.03362263848894057,0.03714765054431461,0.056281381442903115,0.030094263703716224,0.035883119446043985,0.06763867758526093,0.07104259907587852,0.011353593824674558,0.04046355349144063,0.05289100287084788,6
0.015442077168809201,0.03778747056772545,0.21525443810692513,0.03820314039524264,0.051850529240768224,0.01329318784258848,0.03079435357814155,0.0351112309693627,0.044515638591448116,0.01860086124622174,0.06004252524444751,0.030344437835678893,0.011594083963307137,0.045874353503147426,0.10793349638846371,0.03761026977832637,0.030206988135793436,0.10354598943732914,0.026780922984082137,0.04521400502219104,7
0.04445842836608295,0.041167124916803875,0.016054015686760365,0.0038426925001822584,0.0018300159707258696,0.1335987234843401,0.004773529889616163,0.06440037177348681,0.001004328183865784,0.026170543658867267,0.012138198766416227,0.08366237423868775,0.0022911176374380447,0.0036877749063996728,0.009500997614130107,0.18784632111803037,0.1989138527220081,0.15386222373600686,0.003295749204985532,0.007501615625165919,8
0.04985834837929138,0.054968416193492804,0.04984174016770341,0.041502125622395906,0.0405855138979415,0.07090708107112544,0.08858419552234216,0.10518656671827495,0.05598137701433659,0.03902097590242757,0.0733774262809077,0.022000120327151967,0.017916537365409147,0.0251012198418652,0.039849023629263,0.034603757359245285,0.03926017496476658,0.03215963714586919,0.04841847372349132,0.07087728887269898,9
0.3203169396618582,0.05944878891973729,0.014869525128827953,0.003880692630671484,0.021705073982076446,0.06595836234229065,0.0021015742492192,0.020703699015764777,0.002899085869576542,0.0029752299218020694,0.04979547875682773,0.0039135901119061066,0.024946073658377813,0.007160511182857856,0.0003562554683381047,0.23818344754814852,0.10708692851141495,0.041498939027675555,0.008802241115237006,0.003397562897391813,10
0.041430936491466376,0.00322778727496208,0.06809846305746822,0.033027728059972214,0.010721735290473385,0.011784789397551723,0.06217114427006903,0.08019727420767321,0.05410174549404351,0.031147204494505795,0.023922553267264578,0.1594324659533599,0.00017791293652892411,0.09084705879142516,0.06419490097438324,0.04808932691454711,0.06036669467588439,0.066760372713784,0.0249184614178677,0.06538144431676934,11
0.04221529204821526,0.030906298680393393,0.08256036368081172,0.10750870387422987,0.0009500310258918798,0.047701816286700484,0.12475485273367487,0.00045991212838489666,0.11918992459603217,0.00037240526244994033,0.009919632618492519,0.10512845485363892,0.024653107036049407,0.09752589926426157,0.043886210854342876,0.0693484885595574,0.04549156285658043,0.0001566000762775223,0.026485607919859506,0.02078483564415539,12
0.03699780692554562,0.005278119731912233,0.11092356380685457,0.04955244698877538,0.0637492662767525,0.025002854797788694,0.01103228567509116,0.12470741106805419,0.022569125851160075,0.06592361753901461,0.04078586085107005,0.041895264602174534,0.04389151597048773,0.02495803810179856,0.017804366925731775,0.02754832214564563,0.061343181664543535,0.02175373784176104,0.11994452912507016,0.08433868411076807,13
0.02473769950685484,0.014953978788792772,0.02389714355730265,0.015563442589334071,0.02178699704039997,0.028238674626000135,0.11166862723966307,0.023660965007918946,0.07441361205432104,0.10507825589659796,0.09239869737722911,0.06732551361379538,0.04438258317988573,0.09832515996592817,0.009695521630261196,0.015863701290390705,0.07458736944830559,0.050137119634850943,0.07145541248526262,0.03182952506690523,14
0.03434146015176998,0.004536565006253013,0.05538361296354562,0.023121684241358114,0.04075882171752301,0.03878908730985893,0.03680301891033187,0.08368525211530856,0.004295674667371897,0.0741480726329141,0.2851844716065592,0.041046869633222106,0.014240860805108018,0.011695353876689133,0.023297278378453287,0.02765557099300453,0.025200432754001578,0.06913525067802559,0.036327218702195234,0.07035344285650627,15
0.025575513181593474,0.005820026952443825,0.031364114995444295,0.1215943163573325,0.020988004582148764,0.08693630768229055,0.07125999079569798,0.04274743780453581,0.024096829921539834,0.04281050789682307,0.12993844422276332,0.045952306094318135,0.0211239597888173,0.015603653668750867,0.008719109078919544,0.07710412499046927,0.0353694980578827,0.023476438184709274,0.10173385152197338,0.06778556422154623,16
0.008665848628479515,0.011063969615421334,0.060120410955060995,0.07719748523250947,0.05748038783290663,0.02198709425087002,0.0436642031993797,0.04754101597845753,0.007739657576460631,0.02542956694575824,0.06859805449412955,0.10698793003778267,0.019225194823968388,0.04043894110385209,0.004383094929242521,0.043864551492824554,0.028392068709458786,0.017431120963103133,0.006035497243476688,0.30375390598685753,17
0.04180970050359331,0.02054527398114993,0.019205236158994395,0.026174986941814936,0.20746950927137126,0.011937041239599018,0.04360855747668915,0.04701157032608077,0.03956536397202751,0.044236158737749484,0.11824626942097817,0.011696970138624063,0.0036677198205451265,0.03210937563872424,0.010689202444134929,0.003420580644488888,0.16021775418651593,0.06379003132289901,0.035190869575112214,0.05940782819890758,18
0.0032282898882069542,0.017033771389557126,0.007321418750647542,0.008100515286251206,0.03163385818644868,0.0011352509391829631,0.003101907602765987,0.08553755617833149,0.011186892129176423,0.7147301421249735,0.036290971813963506,0.004513309590997709,0.0022025172139375337,0.0064218490241336,0.0014084272873694274,0.008705045506295426,0.018110613932348783,0.017369169451950845,0.010580562878054213,0.011387930825407008,19
0.005093661357369348,0.8605945160063918,0.015588139575736305,0.0077696867410829385,0.006580015531466716,0.002573957890558765,0.01540292874560245,0.009429926920185102,0.004412186638954736,0.0032330433631271305,0.011837168349752437,0.004014477235661362,0.0018127507050242197,0.006149184154842071,0.003712413641633655,0.0061248439197120275,0.00722017486239515,0.001969105236241359,0.003760953393731284,0.022720865730531108,20
0.011835529527289106,0.03520028765856373,0.004309640706922616,0.007156045941772809,0.012060835700239214,0.001194928358991081,0.005290101110116533,0.07611272255471094,0.004327970862149296,0.5765091617494259,0.027907385442403017,0.004211589684494096,0.011743591606390123,0.004365097343484859,0.017845979536227786,0.0029045034885967604,0.02853141721280384,0.15409795255471875,0.010310740024018085,0.004084518936681537,21
0.0011333591691980616,0.0034781447354976674,0.003245803434573158,0.007622792132865419,0.1248334005264368,0.7415972690915394,0.009289380621816562,0.003330951651842617,0.002659463855896959,0.0017644644936273036,0.01265728003021321,0.012975214337415473,0.004684105207278262,0.00787773253496017,0.021162726881195963,0.007139771836387297,0.0031243634511060932,0.008257235212092357,0.01618632416449489,0.006980216631562335,22
0.0009149811468150553,0.003808035857271014,0.0030040921263702228,0.009989466628455576,0.06018898848910474,0.0015983839614692652,0.6306957264056389,0.0023543177325916834,0.039430048469338265,0.004882555427996991,0.02985158917776455,0.015165452113646836,0.0026791792117793196,0.014570667224672465,0.13917310075719463,0.0010138676897863065,0.0028366552454314907,0.007719058401720168,0.018874032879847027,0.011249801053105597,23
0.003626224317022544,0.009225057662891502,0.0023773664304463896,0.03257114286446379,0.018029957875951793,0.0030502188065172887,0.4221571352320464,0.06881778342198691,0.01544408555182673,0.04181269608824138,0.028545562834275104,0.038391508419032556,0.014170031142849964,0.060770118673045354,0.01178960979133853,0.004852640887147251,0.02726358126738661,0.03741485115141369,0.04219075833201056,0.11749966925010569,24
0.46018310816473634,0.013168591333840147,0.002052015864348377,0.008116345008254174,0.014116672629050536,0.002046974688246553,0.0049348821342275325,0.006998089674968757,0.007799320807034618,0.0018578335004478612,0.0179010557329,0.15460159390226025,0.005649133260582425,0.011418655821840177,0.004135311084797687,0.13197574686346877,0.08284291962960356,0.005017003440614486,0.011501187154780613,0.053683559303997125,25
0.03588830723257786,0.003637062296380773,0.002245874469062451,0.0061515673207404985,0.09107942315315766,0.0029380884111200544,0.005896050706328119,0.03634981048882212,0.025980944825435115,0.04507233066392969,0.012279348589637184,0.03270150970010947,0.015585213165213678,0.004412947044622962,0.004558740534357196,0.004721965995324041,0.03320158106793933,0.6121507737181712,0.013992716100972996,0.01115574451609765,26
0.06271915495476252,0.01165717789898762,0.011013985309413488,0.0022402621043509097,0.057420697335639474,0.027708858595360025,0.18298035608565263,0.017283249440203412,0.04958104310860914,0.06330323877664275,0.05482574596546872,0.01774245988080256,0.08954670337930261,0.058513717614929975,0.04244408171542626,0.07855729632376833,0.11144548434942707,0.030140307350849042,0.02283962965952065,0.00803655015088293,27
0.05854113532557468,0.005816731030175189,0.0288030606029174,0.08650325396019262,0.00548368495053373,0.01547587022072693,0.1813914792523638,0.00026257685861041957,0.06887671998338536,0.0445644077521634,0.003572973464486199,0.1603027483022324,0.0002521138798799293,0.11883779889373086,0.07085717647124416,0.017778393938274087,0.049865149488614494,0.001794929745465671,0.022916568232788297,0.05810322764664031,28
0.014735660514913646,0.004149597228035872,0.005627563449013554,0.009835919787589548,0.00232200428561656,0.7836107247279629,0.014069907321445516,0.0037045902084435335,0.011153818907819331,0.005030316535768445,0.01829878980546493,0.04955302800255715,0.018037115581989793,0.013594286682189044,0.0032234265695144336,0.0029787605194218645,0.002422680899325836,0.02554834712063589,0.007140873779027785,0.004962588073264532,29
0.03692758261531948,0.01024391279850027,0.002105314349412594,0.03255272752903408,0.21339439848577207,0.0019119459219225276,0.08805855233287455,0.0731875617702735,0.051269740143959255,0.007758884154404575,0.017022462816810628,0.0012611282672859562,0.01485438119062334,0.05885768428533876,0.003096942173551028,0.0156941670777955,0.12340640778328245,0.09145704460234615,0.014168823666369167,0.1427703380351241,30
0.017547750539897825,0.010326208944127738,0.001915783560637121,0.008015870927719831,0.06849601813600029,0.0023240767652207713,0.016648501223630097,0.124476415619608,0.019837838914693495,0.09954062873495707,0.13061556282359815,0.010856063121999493,0.005841057395176204,0.019585694346777514,0.04866814250583804,0.02152233426608912,0.002437459162502834,0.11515315468200532,0.11707717348827273,0.15911426484124833,31
0.014493285512062047,0.0032047942544939116,0.0040640692431460484,0.00693516212050521,0.004629533321968547,0.0060817449308126,0.0010851114644123594,0.27404709787014303,0.003163421564283242,0.026767323520897977,0.01472400306512202,0.0027135507895641674,0.0031440078096047286,0.002515102879634511,0.004390750031112069,0.0014401058217002633,0.0021768922065871074,0.6170360123595418,0.0028795697999868717,0.004508461434421613,32
0.09535054718593579,0.001995289722601477,0.0036490136942731936,0.0035755435285638334,0.0044913250261009365,0.016256300489228378,0.05091269798627785,0.0036571815748179474,0.21212588693498846,0.0037665030311392358,0.03343846716638703,0.04539691941214855,0.000960998332456197,0.19288551307621782,0.1770498112091586,0.055342038906204476,0.08084982853182907,0.00988376285576643,0.0049631757157221025,0.0034491956201826166,33
0.060145549536900246,0.004722583801391477,0.007471432506780606,0.005955979426527559,0.002576557750936968,0.04491815381161285,0.0013317197664405157,0.008878900056234183,0.01498765870199224,0.026712216467039033,0.026194219926163036,0.003929838206223558,0.012379976172415676,0.0093903245207234,0.0036446239462377375,0.11515398670365841,0.6247762507247893,0.018653134831505745,0.004185606382194923,0.003991286760232523,34
0.012573877558203847,0.00527939515236524,0.010593053645640052,0.0058532599791689685,0.020214130941338008,0.0037686038256583673,0.009745545132385899,0.4344475804292413,0.008935440521522467,0.03295853873811516,0.0633892876607694,0.01375286161544409,0.05930541479215381,0.005822045091179498,0.0015303178827051666,0.025828976165011817,0.015371714824081489,0.16250091772351588,0.08894821665456618,0.019180821666933273,35
0.07340888323256471,0.005356834368462819,0.01401073362649897,0.06027563344457704,0.009555997182189165,0.029571627024312295,0.01943120701660869,0.031172342414773662,0.03137116632559419,0.05010748015975969,0.05719426401607792,0.12836917438938777,0.0005989268571461128,0.06666191346424845,0.08691741663298579,0.07619131899867729,0.1138748698438267,0.10283983094485823,0.013474510008529787,0.029615870048920738,36
0.09950642683074876,0.04717164501088366,0.05427533067512001,0.07552834258837073,0.03872207728533511,0.03416599488858614,0.041739501470508894,0.01651826815583436,0.031570706986801214,0.028305738557049927,0.026371097963868904,0.09264326032731474,0.00207937247751154,0.1107256036465455,0.025573365320842676,0.030823618423300333,0.0327775802645435,0.053240780579172024,0.04454966307180112,0.11371162547586074,37
0.0674197269161847,0.0031108932914530344,0.10252289312600975,0.14940115549401833,0.004642636028567047,0.029927001627642415,0.01827629406147481,0.012816382917583156,0.004013397241626697,0.024680849107944946,0.026746512774991033,0.1936405075686483,0.13528905935710714,0.041693986082922546,0.010639265629536569,0.054052922526988414,0.04997360323797787,0.006265142533892248,0.014653453711276802,0.05023431676415416,38
0.09311770745175191,0.001145338752637934,0.01732770602080008,0.09250859622809085,0.06107762815529201,0.10215738244969118,0.04581627802966576,0.015756870868640485,0.042872453239360314,0.06571650302765399,0.013478616646556592,0.022912313592807394,0.001400517696769585,0.11104480120087723,0.1335224467429778,0.0035801054644385233,0.005358780005254151,0.042115230391366894,0.018562649694941386,0.11052807434042582,39
0.007087153586410957,0.007622673625570056,0.0013744023743786314,0.05292277524751721,0.01809355491929405,0.0011874362392075577,0.010191135190103496,0.19762415155733007,0.0014610361744023482,0.20935912539782167,0.07985134962204317,0.09674412294003584,0.0004792199038300601,0.1355265579653059,0.002407408304087276,0.0018384667431491219,0.06991510297005599,0.10103458768829005,0.0020142195494789435,0.0032655200016877724,40
0.09546318393116018,0.011394602024593447,0.024946149817020365,0.4973729379370578,0.007081501145883323,0.018235650089323433,0.005685113670277764,0.014670035013324222,0.01055056619556805,0.022097338673881414,0.006259174455405551,0.018138845714613647,0.008430405311815542,0.10636221351880001,0.0048297104438908755,0.07199495353313626,0.027367168431771057,0.006565228049527175,0.010065485048202264,0.03248973699474772,41
0.039635369386184595,0.1258232572886855,0.004647089733953157,0.02469942075635786,0.007225642347927916,0.0018753162725235937,0.003308468417274203,0.020857113317784844,0.01123032155745595,0.004192667495124739,0.005952128254144534,0.01754171447398709,0.001614037123812325,0.002143455415469223,0.0015334617392289013,0.0024101062011002775,0.008760632821904736,0.7079670387138429,0.004451831076608244,0.00413092760662935,42
0.05177272097140431,0.05166585347612785,0.01271488636082865,0.011444102041733403,0.002120754064867442,0.003304294874568604,0.0005901233196640737,0.0909002874745002,0.001422852807027493,0.009854903643890576,0.07880013278614247,0.06299701062448977,0.0009879339269799673,0.00176093822101234,0.0008146744168550271,0.0016314107767650234,0.3233147120141952,0.18835345444964605,0.006839315785532115,0.0987096379637696,43
0.14201209938665954,0.02070127513212062,0.027075772041590552,0.16546669534274316,0.08061444251264441,0.016519005635748915,0.012490057681139715,0.00537410597877451,0.01987039098029968,0.004063475817508103,0.03077449566167064,0.10437064794946069,0.0001472365177033771,0.055787105614993414,0.034094259853219455,0.19195026154638478,0.04884112671146193,0.0019548392174103192,0.007114074728127257,0.030778631690339227,44
0.2743745923798842,0.005405476832465737,0.03643078586851026,0.0036175366653519244,0.013308069691755867,0.01226295763414075,0.006266011408966678,0.0006115449804607612,0.0022710898652033742,0.06418432582394736,0.003357085851035343,0.3615454476679055,0.03599613955434265,0.017760220368022436,0.0009634108755580444,0.09106272877243336,0.04912465710891113,0.011582002264176163,0.005848370016794017,0.004027546370134452,45
0.03075885996533283,0.005121513702287178,0.003173100280825197,0.08416472218311001,0.05831939479218718,0.0009440063088838562,0.004129277239530483,0.056951827635656184,0.01866871233195887,0.11422467964798282,0.08130012600132736,0.01343973843514934,0.0007646225492853862,0.09570036490451209,0.011285485910469004,0.007441219441202034,0.1559896884885714,0.21045569115024354,0.0055516418205735505,0.041615327210911705,46
0.00441377710617337,0.011052640886730546,0.007411283993446112,0.6843007315316694,0.0064317395880529905,0.006352729210370884,0.0027035018387637937,0.0010960757174512867,0.11070397799851414,0.003279099031300819,0.01555325815930645,0.0030806385634050294,0.0014349113133289807,0.006323397445031583,0.04098540425432148,0.006364560460409786,0.003223470513945489,0.0033604340402091375,0.07970892478159651,0.0022194435659720364,47
0.030707908227821636,0.00335897845962154,0.01425544786090674,0.012215141918935662,0.023174370520678885,0.004790633362354435,0.0036469386156733298,0.007317811439307829,0.006353993041075073,0.678017026523809,0.023450394253739223,0.0030005106405156753,0.015253452592226031,0.03187325964669968,0.00783068684024227,0.004325424179534537,0.03352163367694238,0.08272524623874959,0.005561950543957543,0.008619191417208846,48
0.00470061537633623,0.0025005889508497776,0.010376321984502996,0.008262152277443074,0.005880433888147572,0.008397994617758359,0.0031476560469962506,0.029726052854766732,0.013867411838274672,0.0048821558700066665,0.0038568827797233352,0.004633847867644399,0.0009526225672614929,0.0037205593030238426,0.0029466304785768505,0.005354848683624446,0.005063941542518254,0.8740635522148746,0.0031006141448804447,0.004565116712789856,49
0.04080523519132343,0.006866835746598853,0.02998402546952157,0.1014395332633573,0.09672318928474699,0.05023191771584204,0.0550384091598939,0.12286760864776754,0.04511167062707938,0.015239694236710587,0.04808101136587442,0.0014770612907948962,0.0014418658202233904,0.10756320069547706,0.0038458908972419862,0.008523104692483545,0.049751736195545335,0.16556689233966268,0.018499817993179585,0.030941299366675522,50
0.035038366457880145,0.018048689992354414,0.10140311032832364,0.0022370859739247193,0.006591260875306632,0.02883640669365042,0.07512756071158787,0.18877130232397693,0.019749207495441273,0.02066658564686172,0.006102458756609023,0.04792689007804835,0.017021755402529776,0.01696107911598066,0.08621964429081026,0.1430295774039081,0.11787575017196128,0.050448644977139113,0.0037758575803309314,0.014168765723374699,51
0.06442116323071047,0.006617622080634528,0.05393068328796919,0.04895442834242393,0.04803328780375319,0.06994791899572839,0.03648206183354261,0.04136642697053997,0.039747803579785704,0.03101242029733624,0.04101915208180676,0.061166095666479625,0.004239955498154999,0.06702996491704802,0.04231669859791229,0.06972167671618029,0.09076002893584138,0.04381764935151626,0.02916766576492074,0.11024729604771535,52
0.10585568046523576,0.013368519099972552,0.02562657407426166,0.005602691047866642,0.041377716544926973,0.08091809825739438,0.01449156191272071,0.06253450508806911,0.008438943519808107,0.04658291262910511,0.06043686900671527,0.03350747727306659,0.003607038533509277,0.00901851240587132,0.004075939800941896,0.16875166948310852,0.12408389922618555,0.047560005938695894,0.017383551867434913,0.1267778338251097,53
0.01034651792222879,0.004763340078798883,0.04505127278728741,0.03687207387312588,0.07371228601089905,0.05125256503516589,0.03725903988797735,0.07463054841839213,0.09048212213073382,0.10230091438425236,0.0062573894188865005,0.09623576318411683,0.039014966180234305,0.04980450272666758,0.03805891787989894,0.07600247979158983,0.06997778957522027,0.0413151218452104,0.013250709444652757,0.043411679424661086,54
0.053912791747593974,0.028940550352161785,0.026173561025708406,0.02939264991434771,0.03887493369559541,0.2775091694949031,0.029664853232737397,0.0057998044983304945,0.030601650813234037,0.019993297317482953,0.021640535584198404,0.03805773002861966,0.06568978214649913,0.0428495473299998,0.1693942386242973,0.029764059669342365,0.0360566142211393,0.003653445464713014,0.008319252632322686,0.0437115322067732,55
0.10222499749675298,0.007472450825640119,0.0033575159544518836,0.047121103328227734,0.027131739047518536,0.000394009489851716,0.05106606627614414,0.15482465552364427,0.1193175635634832,0.06187666315865066,0.054685503237456135,0.00887196662559626,0.012545354443982403,0.09034283921235367,0.04063278835597057,0.03200706268306269,0.07826351254728592,0.07234980194604185,0.018581346159270495,0.016933060124614648,56
0.0027476976985551112,0.007168651367223456,0.009823912663685838,0.05981987118488857,0.009194008404963141,0.038755393702824874,0.0074248905262910645,0.6558944549577742,0.010813875816549672,0.11879899733303821,0.011795333872141303,0.008755111000638425,0.0012961278132780682,0.0032927101450154197,0.002012759695939993,0.0028043400715623587,0.006947694046766532,0.014224780380802982,0.022024660906313328,0.006404728411747563,57
0.0017330058359502029,0.8908739693227614,0.008218155359947469,0.0071273188186747535,0.004209262089922971,0.0039179841557734,0.004526005054010572,0.0023517426835282223,0.00400999763009725,0.00883696588171381,0.0025970577399066835,0.0031923882182569637,0.0023787656314601417,0.0028320423959836464,0.013205907193903682,0.005866840128321998,0.004196286006759558,0.0028482947026913326,0.01752094990021639,0.009557061250119507,58
0.07813177320516065,0.004151735678889188,0.34519806799810393,0.09584850976936739,0.005432773732092811,0.12020907278406359,0.04323347003090981,0.002884287969175164,0.012872373278112748,0.006375444423056859,0.007889547155154107,0.04040953183021302,0.002441347636711849,0.038327460477859655,0.0139869832059434,0.09319470407683168,0.021493917235883994,0.011662104492417322,0.01277025862012678,0.04348663639992607,59
0.06502126186005391,0.0006755317551634684,0.005396739186722359,0.23348187594232875,0.005377393839518611,0.0960134234986281,0.03738039136583659,0.0003619775127929816,0.044131783536944115,0.006185297086116965,0.046906004552459545,0.017700745166145723,0.0005748052324126412,0.19133011335616074,0.06555049976936396,0.10407429206765455,0.03653496703111416,0.013402388960610656,0.0034060486056886967,0.026494459674283478,60
0.0153565542947602,0.00979036621669414,0.012521169121355452,0.018482859000235944,0.05182880377042466,0.01806254836672396,0.011672353639610342,0.009108763102242567,0.026276867621966567,0.009247001201313231,0.0032575072564474204,0.0034248824386721396,0.7048563400497175,0.018133037050729047,0.0072288168193985515,0.008293534589805307,0.023587606979385337,0.02367081008591213,0.011134453320569672,0.01406572507403582,61
0.010256125446589088,0.0014576279551968801,0.0023166490013120144,0.001943098986948944,0.23270232090464193,0.015666218257321646,0.21200072902176229,0.030785686436086663,0.003421412780797069,0.036896440541526854,0.031124691928249678,0.028142462556657154,0.0006455851596091761,0.015316468017667284,0.002513453927052549,0.0009283455559680587,0.0020897556184414326,0.006316912060076553,0.09567566348873066,0.26980035235536415,62
0.06927985571623457,0.000873993247569104,0.017308190475972002,0.04552574505920479,0.008218939719503235,0.007329024767862056,0.03130052308913376,0.06803454496488417,0.13098009373349356,0.1010527242139173,0.012847233274495348,0.19347443657686633,0.0005922481518460254,0.05694746171748816,0.03975589207113532,0.03667970348198746,0.04499216319659582,0.12970155604650302,0.00199075241439326,0.0031149180809145007,63
0.0025490503396453468,0.0026487867647190504,0.0028977159111706736,0.002335728506170368,0.019572987247185907,0.012215528142712933,0.002946958730376488,0.5237714311557706,0.00969113142096549,0.020694007507193836,0.009003154075771026,0.0048363093709832845,0.000938337140414079,0.007867555030815298,0.0030230016123312213,0.0024112475200541105,0.0026665365455777585,0.33638946244933926,0.029792740648355624,0.0037483298804477927,64
0.04203326850940384,0.003135910243360757,0.061153973450245064,0.023746740399927583,0.005791525867158914,0.3651020169496807,0.017075726845442007,0.01419083180593834,0.09335451499024561,0.05087657983805214,0.12410805439972636,0.058994685029163496,0.000995606494639839,0.05186323497640998,0.028980522927557657,0.0033298623078828406,0.006778514973135603,0.01881730730659033,0.022804137746857016,0.006866984938582058,65
0.03634963245936167,0.0034833655048893694,0.0365026018646693,0.05021558330800767,0.004928110499056479,0.03752375874031184,0.0471435471633367,0.002309739933834028,0.02633751018736986,0.011186962561708737,0.026243300312651412,0.5374763809922782,0.0025703953749018345,0.06071666810362275,0.00848998551539664,0.018797239908407214,0.042100019279520916,0.005137676032702716,0.019404698700492055,0.02308282355748046,66
0.0010484018876445625,0.6923465167616825,0.18898520584528974,0.030948047985790834,0.026409940366056497,0.0035757466900989475,0.0010032200410855687,0.0014980589128208482,0.0027394059066384374,0.002069364705827306,0.005184833374420382,0.004156125893499174,0.0024186935078292556,0.002245211013531768,0.0012123297477473509,0.002164732415508856,0.020266970525250644,0.0018467840668333593,0.00481617313128036,0.005064237221163713,67
0.012445101883319126,0.007489787631685498,0.005135107552527424,0.00400356708307786,0.014022051467621486,0.012684076928933844,0.011171427011593653,0.01172347704015493,0.023849080998079104,0.040314552455612336,0.03999733199987578,0.005570197122906713,0.002517774893362125,0.007539876898105782,0.005165678344601791,0.09054998763491802,0.6859898143892919,0.009391562983728913,0.007560307498095163,0.002879238182508701,68
0.001127999523413646,0.002083048050375037,0.004278584902427314,0.0049522741311886385,0.013490463798802638,0.0016120020136303665,0.0020439949520244293,0.029803723791153564,0.004825959687886438,0.8690083820233803,0.00960488103626541,0.0020704531194680052,0.009959563871086105,0.010630992835350852,0.010664033240701214,0.0033785823555798284,0.0016615964663536746,0.009146933818201121,0.006401867594028606,0.00325466278868273,69
0.0008778110738683121,0.0055930155665707,0.0023993829575113673,0.005994812483552586,0.006475385372520417,0.0016613268935027098,0.004136345517269765,0.6202674907583409,0.0725930054672148,0.026002920470510057,0.19761346714888664,0.003384308343748687,0.0016030399167941307,0.002646087964751569,0.004742679617993753,0.003099910452116555,0.003950781133947564,0.03188647831202545,0.0013460298693365057,0.0037257206795374576,70
0.0034044689451795144,0.018553536645699788,0.8552075464167498,0.00515511005177523,0.002938197172750501,0.005991694926763878,0.0027067824811422563,0.0024736792359591224,0.004166151106127672,0.001249944921564326,0.011850034411619133,0.005077168278687722,0.0022462294194290464,0.0020808405522633583,0.007717866336229307,0.012486439722120586,0.0018272531829692628,0.03039549858245188,0.007143106385700305,0.017328451224817323,71
0.6975277134009944,0.0307031202148504,0.009954303999864788,0.004495491447364143,0.006171400509293813,0.004773652799259907,0.006896934243393859,0.08851346117651696,0.010278512824572492,0.002674584798011677,0.004509291572355717,0.0018061911811069371,0.0031712478248899834,0.004124716728613557,0.01127769073243733,0.031739768991573936,0.061470330067702424,0.00729188803214464,0.004920910992147343,0.007698788462905788,72
0.0047206026165398296,0.002306756739716739,0.001001400980036884,0.0016674692484560758,0.00331616525260496,0.0037985120622352044,0.0023137619999789626,0.14946526541865365,0.003841668319455959,0.7044434437740927,0.04969708283653086,0.0013502920054844682,0.006303610347461917,0.019026541084767708,0.004000392536575971,0.0016177047016464332,0.004514395072924555,0.03022266236950049,0.003044549981266463,0.003347722652070066,73
0.005587631557500677,0.002097174377632623,0.0053234739743699975,0.008103366596118993,0.011280281963739834,0.008324448107279465,0.03837770519226854,0.04049674258393403,0.021194613056295445,0.7658363569433402,0.007578616372955074,0.00819854792636591,0.002404494927176231,0.0076090055818061955,0.0013426066939768153,0.004154678414833452,0.00977244560640452,0.031720603664963674,0.01417461349642194,0.006422592962616456,74
0.0026269492256054306,0.003422064405842483,0.0055034513935692956,0.01015984529358679,0.005863506397723755,0.8537833354953522,0.00875108989508048,0.00417484362052251,0.006534857737437163,0.005698080849675962,0.023652937244530197,0.006772334713073057,0.000950119340271033,0.00796454301585022,0.015720748907431446,0.0009399558429953116,0.002400769307047538,0.02842370610237351,0.005285591023141718,0.0013712701888898263,75
0.12380919985080117,0.001915702648781111,0.7494198552414223,0.005128508931784447,0.0021430341997560223,0.011721478419929715,0.0014665183351111452,0.002353233946243057,0.014827086854512096,0.0012709211081411514,0.005005234953064574,0.005054291716314713,0.0026055676525141595,0.007431846366301948,0.0023777974265999755,0.02435079873738107,0.009648907485607332,0.02131069316407824,0.004942577695672374,0.003216745265983361,76
0.006848063674083866,0.0022557925679146354,0.015388839186892048,0.005231776243430317,0.022167848081644237,0.0040190248958288256,0.018108281823435688,0.031223604924129622,0.009905527823915666,0.0031141706994794534,0.001859281819912829,0.003075643648920624,0.8110508974013018,0.004145855939529535,0.0010869280135969816,0.0036649341127495167,0.004180214863481852,0.005543291644742454,0.008849394682775803,0.03828062795223442,77
0.0660329612266105,0.001166804723526767,0.01286333709514811,0.022368831496594115,0.004839448893661002,0.23557919467176974,0.22444470393560517,0.014888850527080954,0.006524908404502862,0.04202361821252645,0.05619870840008379,0.11627014981408021,0.0020515466423884675,0.12865310697931806,0.0016227666974118961,0.04426429500868408,0.007588333215298442,0.0067668181449643035,0.0028241823208570663,0.0030274335898881175,78
0.0049729824922669225,0.8028402658107288,0.0017798167113438344,0.0040794420721247445,0.08656004385187974,0.014353293159372968,0.0017773233474204756,0.0039579342528618345,0.0049630349554791306,0.009290203052998689,0.008406129696190118,0.014133885889133741,0.0018422388401502744,0.006271103787392404,0.005220308159486878,0.010574769908154391,0.0011528448792253627,0.004868534253248885,0.010016985184793306,0.0029388596957476286,79
0.0032888165811637456,0.0009710050856668365,0.7559750403067422,0.1259949563927618,0.005781270702334259,0.017103783796381892,0.004342017668548894,0.0014576196702877717,0.002716583020936025,0.007551730514620189,0.012472547689667095,0.006162624115909264,0.00442848087663777,0.004320638670566287,0.0018436948920178876,0.005629914530885573,0.005911122662603856,0.005949500720226263,0.012260645233583051,0.015838006868459223,80
0.003622931873651744,0.01420729101270334,0.14214198703928585,0.5952239525302516,0.0011335921176469027,0.022749495304559497,0.010739455356457676,0.0014789149499526424,0.004650912011437479,0.003251960474830903,0.004972803992210911,0.013705170120253246,0.0019000519365674937,0.007387603247651972,0.001962076166036667,0.011107348030382356,0.0037918434859342343,0.1340639610574319,0.00563325033887063,0.016275398953882934,81
0.0019635718057737805,0.0025286891396144235,0.0031743475047165625,0.0006316017947924742,0.2380071621235792,0.0002498039924618638,0.007800433448416669,0.05620416301937044,0.010822368323219736,0.6135572750231757,0.026711618167791502,0.0024983541561021767,0.0008035117490243515,0.0030607241054552447,0.0011490949083303571,0.0020876079864773247,0.006317210500269469,0.018419225327283833,0.0008584738034725554,0.003154763120672191,82
0.13209058723366074,0.003050736715992406,0.037456854639608836,0.07730766303551141,0.002192485563157958,0.011722256747155694,0.02780699285833902,0.030666393725122826,0.04726488720560315,0.011414773436857829,0.17611054415942523,0.03259017055989151,0.0011904131284386156,0.31293506713435393,0.015575501636131205,0.038994201123907744,0.023772958925576525,0.00846468486563078,0.002026764144321994,0.007366063161312592,83
0.005495468918608882,0.0036215561919457824,0.2505115829637895,0.025313409380107618,0.007026870250363022,0.16649535599325582,0.01741221880504318,0.0015998134716941736,0.004502446005895615,0.007583032077618426,0.00653046362828372,0.4506871320715644,0.0011144484202065188,0.024757317960853252,0.003986629108448187,0.014260797236882044,0.002860132988243493,0.0020228464905954484,0.00155097407715255,0.0026675039594484095,84
0.36626254563588273,0.0017028876242384872,0.0013343577588979087,0.020381009259768736,0.0019370246685795748,0.005480299024598449,0.0018586367346694467,0.005186226223252554,0.13542100937522425,0.020965752377183514,0.015140553941282634,0.0070048372513291475,0.0004131604896247714,0.05295072055576905,0.012538427460684625,0.25716094126320005,0.019919741195153585,0.06880956064255449,0.003288920259179929,0.002243388258925912,85
0.02748692382065774,0.021974677228569568,0.01644805460895811,0.19984775202702793,0.0020517509222288594,0.0037434874860436964,0.031814580491116774,0.0035505956450089028,0.1277030068300443,0.000609005492882485,0.005860359572289999,0.02844370913435199,0.0012306311256483004,0.1318651138822126,0.1173463773493948,0.08860012220107956,0.17481658313243167,0.005495930272295619,0.0051034951902240175,0.0060078435875330636,86
0.001230993789963661,0.013742205804968911,0.0023108859493065665,0.004950725646609147,0.13296009923093918,0.0017342656681740888,0.001075615459725379,0.0036511768522207045,0.010011940619470921,0.0014858638573421459,0.007116632443456446,0.0029067967430309663,0.001408626289135341,0.0050361546020069176,0.0033021153646251872,0.003808412463345729,0.0061436846668222935,0.002647351775611652,0.7905522308857272,0.00392422188751746,87
0.002230033556120309,0.010253839458397496,0.8097867150975958,0.03408744817850746,0.002903638154759632,0.0221018197350206,0.003953999407176902,0.05037277144113744,0.004993625390726059,0.003344793583367748,0.0038319970360413823,0.006735911961242347,0.0020329654057076093,0.005089827599210926,0.0039548782490329394,0.007942538103045519,0.005062845775591867,0.001040788908363691,0.005308670535023631,0.014970892423930428,88
0.004468622049254244,0.003441993573579592,0.010914819756762699,0.0065637038210205525,0.004281524658691931,0.00043353795998244283,0.007130037662343601,0.10126869570942394,0.004315260106846527,0.6885803615800447,0.00949860000365102,0.0028075075134066626,0.012593800377930644,0.0036329105671527692,0.012101485168715283,0.0013829983605056111,0.0017808569471963408,0.09850640568045753,0.016496327841200933,0.009800550661832887,89
0.003612880202115104,0.011517909428369283,0.002683385418644812,0.0009075393777403463,0.7457364261432627,0.0013395831241372704,0.002824522617996355,0.010744718489216576,0.002556529856593226,0.003908500453394474,0.0067842312524251675,0.003131143944125202,0.005052991282305014,0.001652790756571065,0.003489383102142558,0.006205954043898706,0.0009953130980886857,0.0015036808149413094,0.008493657981164068,0.17685885861286801,90
0.025311929938558467,0.011673595986889525,0.0086776124246648,0.004150105163314535,0.012799190396800048,0.0025885840896415417,0.0019006290842415764,0.04713466437051184,0.0021139294119040045,0.1284837249054396,0.009427672939686582,0.005494268370650024,0.0016297312922630047,0.002169214481875184,0.005098608175100413,0.0009259801022999198,0.003763255041476365,0.715506121655988,0.006783451735424807,0.004367730433269714,91
0.0005745367036313786,0.011860269690892081,0.0028350967575459106,0.9034710131006946,0.003530498514357374,0.007428865118763304,0.004183475476114417,0.010147149718956553,0.009579440483332811,0.0019317434455938542,0.011394076526074026,0.005813600868460301,0.0007948298316989609,0.004995513385272793,0.0024995813653666916,0.003575104696081361,0.004270577492001421,0.0024562089520618505,0.004464466924728945,0.004193950948371135,92
0.0033550203591310424,0.002262754572390701,0.003160323700287106,0.004966142024180042,0.0016909612671509667,0.010562386263256812,0.002308804082983397,0.0015777618133049126,0.00630588874173075,0.011495969014509421,0.009203458429838973,0.002987685350274613,0.002939431065448613,0.0017205643702674935,0.9198563795285059,0.0009621025686274305,0.002019324800569412,0.0008145286160079353,0.0032415382314403274,0.008568975200094071,93
0.011520248693835894,0.003116805133780791,0.022941607536512802,0.06681374671934218,0.005380430910507482,0.04018804630692092,0.01683277812021116,0.0021114168645881867,0.015328411733504093,0.0014689776959575078,0.01730050244930682,0.005248291540078471,0.14210459637910045,0.025383569316703727,0.01635134188390467,0.2951628935096858,0.28388521588111615,0.0025348802259656995,0.007397403253065292,0.018928835845912134,94
0.014773902132066292,0.0005039983961509392,0.002498876041904742,0.0067988989476223,0.027275696513483532,0.056458080317609044,0.08622099004480067,0.003963685444827222,0.009272244432213007,0.0016574659996249706,0.008588602002621144,0.037633191117782974,0.0003199528178847798,0.01859651832565738,0.008741159592595122,0.03625024798816725,0.13462916630204816,0.0018862166453865287,0.07605115045594558,0.46787995648160824,95
