site,A,C,D,E,F,G,H,I,K,L,M,N,P,Q,R,S,T,V,W,Y
1,0.0415625,0.0165417,0.046558499999999996,0.041049,0.055270400000000004,0.0397203,0.0404657,0.00735175,0.088089,0.0665163,0.30101300000000003,0.0199924,0.0316455,0.0261823,0.0117743,0.035579,0.0382561,0.0168307,0.0268199,0.048782
2,0.0590868,0.017942,0.0313973,0.0171982,0.05688580000000001,0.0333607,0.0445841,0.0806127,0.00610353,0.021504,0.45187200000000005,0.0132623,0.0171056,0.0390091,0.00548164,0.00942348,0.00903151,0.0205471,0.0322493,0.033343199999999996
3,0.230607,0.00936143,0.0494843,0.1411,0.0435862,0.0178012,0.0408306,0.0570101,0.040619800000000005,0.0382541,0.020669099999999996,0.0521739,0.055189199999999994,0.038141800000000003,0.0239015,0.035482,0.0505414,0.0134322,0.0219246,0.01989
4,0.0846161,0.00768746,0.040262099999999995,0.026283099999999997,0.17616400000000002,0.0181793,0.0226277,0.163543,0.06500449999999999,0.168154,0.0449983,0.0169914,0.027213499999999998,0.016888,0.058519299999999996,0.0137338,0.00481754,0.00926303,0.014652100000000001,0.0204025
5,0.00805015,0.014831299999999999,0.0117708,0.00886293,0.016516,0.0264538,0.016905,0.327409,0.00476838,0.11199300000000001,0.026851,0.00573926,0.00200602,0.013330200000000002,0.00291696,0.00733064,0.0330073,0.21305,0.0211794,0.127028
6,0.00879336,0.00103505,0.00359322,0.00282232,0.059326800000000006,0.022458099999999998,0.00707553,0.080763,0.0115979,0.00936561,0.00985642,0.00507679,0.00540847,0.043755,0.00959403,0.011015700000000002,0.0185421,0.368338,0.0818675,0.239715
7,0.0627804,0.041843599999999995,0.0331105,0.0321128,0.0178195,0.0492465,0.00583397,0.292244,0.00489803,0.32224200000000003,0.0330929,0.00799724,0.00160081,0.00696376,0.00533049,0.00445252,0.00315824,0.0236576,0.00829367,0.0433215
8,0.23118400000000003,0.0102493,0.013722999999999999,0.0198238,0.130477,0.0375778,0.012432299999999999,0.164399,0.0132518,0.22204899999999997,0.05706619999999999,0.00839122,0.00473515,0.014389700000000002,0.00990171,0.0108679,0.00477405,0.010499,0.0107079,0.0134994
9,0.0540312,0.0590024,0.0235583,0.0309709,0.013607900000000001,0.03363119999999999,0.00900966,0.259223,0.00646833,0.318918,0.0329134,0.0115214,0.00215301,0.0133946,0.0067596999999999996,0.0078458,0.004717600000000001,0.0360982,0.010503799999999999,0.0656713
10,0.196152,0.00701062,0.026379900000000005,0.0150121,0.0371254,0.0438195,0.0355323,0.0132223,0.025323500000000002,0.154099,0.039856699999999995,0.053403,0.00458818,0.018509900000000003,0.022501900000000002,0.028865300000000003,0.0909932,0.12176700000000001,0.0179005,0.0479375
11,0.062427199999999995,0.00223998,0.015753,0.0109541,0.447489,0.01321,0.0265233,0.0466302,0.018897900000000002,0.036368,0.0349341,0.0362996,0.00510901,0.037082,0.0211537,0.00545804,0.00452391,0.13205699999999998,0.025630200000000002,0.0172594
12,0.181678,0.000987171,0.0750707,0.039219699999999996,0.023460299999999996,0.06261549999999999,0.026474599999999997,0.021075999999999998,0.034344099999999995,0.011864,0.010077,0.0742796,0.00663193,0.0564659,0.0184756,0.0823575,0.149328,0.08323939999999999,0.0080176,0.034338
13,0.212482,0.00109842,0.06862819999999999,0.0371548,0.0253202,0.0775503,0.0259461,0.014642600000000002,0.032974699999999996,0.017422200000000002,0.0119098,0.05409069999999999,0.00675955,0.051667700000000004,0.0163773,0.0802734,0.144101,0.0807362,0.0070501999999999995,0.033814699999999996
14,0.09641310000000002,0.0020111,0.00787959,0.00494494,0.0234891,0.13183399999999998,0.0363557,0.018189,0.0193405,0.014272100000000001,0.00763302,0.0167211,0.00950184,0.0448176,0.00392328,0.072925,0.0731875,0.317499,0.020356400000000004,0.0787056
15,0.0312828,0.00289299,0.054241599999999994,0.0036103000000000003,0.0535413,0.00410901,0.0315318,0.00968721,0.349988,0.029670299999999997,0.018735599999999998,0.046785900000000005,0.00983906,0.0202776,0.16634300000000002,0.012168,0.0357775,0.0291707,0.0104181,0.0799298
16,0.287358,0.00383881,0.00472738,0.00180024,0.012821100000000002,0.147538,0.0943344,0.00791792,0.0102563,0.00520488,0.037363099999999996,0.010345700000000001,0.00141794,0.043375199999999996,0.0010664000000000001,0.306115,0.00276134,0.00417723,0.0106241,0.00695661
17,0.00570279,0.0660225,0.519521,0.0076298,0.07161050000000001,0.00428667,0.00876409,0.027666700000000002,0.016041200000000002,0.0648973,0.0375772,0.00803397,0.0291832,0.0272818,0.015553399999999998,0.0112652,0.027252999999999996,0.0038277999999999997,0.0455415,0.0023403
18,0.030028100000000002,0.00547538,0.040952300000000004,0.018557499999999998,0.114228,0.0218899,0.00926398,0.00558187,0.0935498,0.0160595,0.0188047,0.0178165,0.0133959,0.23704,0.028776799999999998,0.032602099999999995,0.155863,0.0665111,0.033247399999999996,0.0403566
19,0.0546624,0.055331200000000004,0.0370782,0.030356099999999997,0.025456799999999998,0.0509398,0.0168157,0.4339,0.00380525,0.168283,0.0218763,0.0045115,0.00289604,0.0123676,0.00366178,0.00380289,0.00244059,0.0133916,0.0217584,0.036664300000000004
20,0.0120935,0.719408,0.0386735,0.0270249,0.00102884,0.000680982,0.024856299999999998,0.0251693,0.00182187,0.0422337,0.0200702,0.0314097,0.008574,0.0113786,0.000290355,0.000415893,0.011391799999999999,0.0224637,0.000836827,0.000177858
21,0.0290007,0.064623,0.0391379,0.029504900000000004,0.0141597,0.0316817,0.0369011,0.5326569999999999,0.00335431,0.028923,0.00702508,0.00371685,0.024456400000000003,0.0250489,0.00310551,0.00400678,0.00166856,0.0214599,0.06290309999999999,0.036666000000000004
22,0.0105189,0.000690243,0.00433148,0.00116992,0.0520193,0.6292300000000001,0.00974647,0.0168086,0.00385105,0.04146180000000001,0.0399018,0.028365300000000003,0.07558530000000001,0.021359200000000002,0.00101835,0.00513479,0.019105599999999997,0.00163333,0.00475988,0.0333084
23,0.019359,0.000465433,0.00201028,0.0189644,0.0208706,0.040594,0.00182544,0.05402390000000001,0.010381,0.0396051,0.0395039,0.00235733,0.00902704,0.0259548,0.00873133,0.00432328,0.0316613,0.11027999999999999,0.122601,0.43746
24,0.09832569999999999,0.0467731,0.0158882,0.0241311,0.0456834,0.027753800000000002,0.483943,0.0225421,0.015643200000000003,0.00485852,0.0351374,0.00522799,0.00173525,0.00347441,0.00254281,0.0713922,0.0236971,0.0299957,0.040487800000000004,0.000767581
25,0.461401,0.00704631,0.00500869,0.0046972,0.015615700000000001,0.04073,0.0998841,0.013834200000000001,0.0225193,0.015018100000000001,0.0357412,0.025814099999999996,0.00928765,0.026610500000000002,0.0163815,0.163646,0.000967097,0.00903696,0.0154684,0.0112917
26,0.0412794,0.05863290000000001,0.00210819,0.04089380000000001,0.06752330000000001,0.0409055,0.00307689,0.00271424,0.00189501,0.0450519,0.040605699999999995,0.502969,0.0245739,0.023665900000000004,0.028683499999999997,0.00435633,0.00648227,0.023301699999999998,0.0347017,0.00657844
27,0.042244800000000006,0.0563558,0.00196644,0.0423795,0.0695548,0.043963800000000004,0.00348295,0.00266755,0.00173611,0.04176780000000001,0.0386465,0.505735,0.022856099999999997,0.02371,0.028881200000000003,0.00465599,0.00686707,0.023206900000000003,0.0331018,0.00621995
28,0.0391476,0.00542946,0.0347412,0.152401,0.00696534,0.0533736,0.0641369,0.0100706,0.0153572,0.0028183,0.028344799999999996,0.036552,0.00450786,0.0485086,0.013519899999999998,0.403378,0.0412712,0.015545699999999999,0.0156614,0.00826953
29,0.00363817,0.0281605,0.040956400000000004,0.0578539,0.0640465,0.0502387,0.0230704,0.000904706,0.0033575000000000002,0.030601999999999997,0.00727815,0.00879011,0.00261496,0.0449079,0.00421649,0.00985449,0.37993699999999997,0.0135291,0.167074,0.0589697
30,0.0211414,0.0220016,0.229642,0.265217,0.033639999999999996,0.00485856,0.0121418,0.00278952,0.00718952,0.032861400000000006,0.0118894,0.0293045,0.06506390000000001,0.029336400000000002,0.00707822,0.0462217,0.127949,0.00264787,0.04465569999999999,0.00437032
31,0.0188362,0.00880747,0.032982599999999994,0.0100854,0.100477,0.0272789,0.010563,0.00541972,0.130418,0.014718,0.0222976,0.0109682,0.00869614,0.234244,0.0168456,0.033674,0.154659,0.071038,0.037652,0.05033869999999999
32,0.00824664,0.04314369999999999,0.00287891,0.00338126,0.00813247,0.00513618,0.028339999999999997,0.00627456,0.0197993,0.00260306,0.00773137,0.0234029,0.00967033,0.0526427,0.0263769,0.0138858,0.017345199999999998,0.5434979999999999,0.102204,0.075307
33,0.0054641,0.0641925,0.5222399999999999,0.00661224,0.0732673,0.00406749,0.00992124,0.026134300000000003,0.0176102,0.0639304,0.038891699999999994,0.00714487,0.031056099999999996,0.0250392,0.016189600000000002,0.011835600000000002,0.0261332,0.00372919,0.0440409,0.00249965
34,0.00463471,0.031034,0.0428264,0.056144900000000005,0.0625428,0.0472684,0.0232675,0.00100621,0.00273879,0.030862099999999996,0.00607833,0.012887299999999999,0.00294517,0.0467886,0.00420676,0.0140829,0.381483,0.013540200000000002,0.158107,0.057554999999999995
35,0.00511448,0.0301351,0.00915565,0.00534377,0.017714700000000003,0.0266905,0.020096700000000002,0.412017,0.00251493,0.024200799999999998,0.00739653,0.00399039,0.0220596,0.0233087,0.0024093000000000005,0.00878035,0.00979387,0.197442,0.046359,0.125477
36,0.0350645,0.051202599999999994,0.051214699999999995,0.0243049,0.017029,0.0756095,0.00585986,0.00470198,0.0179766,0.329907,0.25014899999999995,0.0357705,0.00185039,0.00790946,0.0052355,0.00424395,0.00526251,0.00646783,0.00732532,0.0629149
37,0.00899849,0.04202,0.015558700000000002,0.42800699999999997,0.0321122,0.00179021,0.0175833,0.0157313,0.00178812,0.0335106,0.026442200000000003,0.0557927,0.0221663,0.023196,0.0137906,0.11905999999999999,0.053878499999999996,0.00279071,0.05823430000000001,0.0275485
38,0.056599699999999996,0.00403584,0.0352202,0.00498795,0.07272410000000001,0.0064434,0.0428805,0.0097001,0.392685,0.0295779,0.0211667,0.028238299999999997,0.018125400000000003,0.018757,0.13886700000000002,0.0198495,0.018600400000000003,0.029507299999999997,0.006564199999999999,0.045469499999999996
39,0.0411339,0.054674400000000005,0.00205305,0.041944300000000004,0.0668763,0.0428349,0.00373853,0.00253767,0.00201701,0.0446353,0.037995,0.504275,0.024349700000000002,0.0236801,0.0308383,0.00527265,0.00671651,0.0240061,0.0340315,0.00639002
40,0.0085722,0.0428467,0.00364862,0.00273323,0.00953652,0.00524125,0.027658299999999997,0.00683908,0.0194366,0.00180171,0.00621735,0.0258894,0.011295900000000001,0.05108719999999999,0.0275404,0.0131649,0.0160006,0.541784,0.10273,0.07597589999999999
41,0.0321177,0.023969999999999998,0.0510663,0.0730383,0.06440180000000001,0.0394608,0.025687400000000003,0.0018885000000000002,0.010243799999999999,0.038973,0.0160644,0.0101494,0.00454941,0.051231500000000006,0.0122057,0.014180700000000001,0.364723,0.0113114,0.10534,0.049396499999999996
42,0.00793408,0.0434141,0.00325252,0.0024712,0.00917962,0.00556911,0.029032099999999998,0.00746837,0.019528200000000003,0.00223157,0.00511879,0.0245764,0.0114538,0.0511568,0.0243484,0.015078399999999999,0.0189285,0.541511,0.103993,0.0737541
43,0.00393906,0.029810900000000005,0.0398032,0.056384000000000004,0.0598834,0.049944699999999995,0.0221754,0.00106118,0.00301876,0.0310883,0.00839862,0.00897547,0.00252847,0.045924,0.00386734,0.014281100000000001,0.382261,0.0141673,0.163925,0.058562699999999995
44,0.0963507,0.0493029,0.0157126,0.0260778,0.0456539,0.0271524,0.48869300000000004,0.022097799999999997,0.016952599999999998,0.00462152,0.0343751,0.0052281,0.00159522,0.00333076,0.00256321,0.0652568,0.0227703,0.029465699999999997,0.041944,0.00085519
45,0.336803,0.00440639,0.00399996,0.00845042,0.00822553,0.0821835,0.121984,0.00747175,0.011757700000000001,0.00605871,0.038037699999999994,0.00995047,0.000904417,0.0346703,0.00581583,0.297503,0.00183823,0.00361962,0.0120164,0.00430324
46,0.0120074,0.026079200000000004,0.00745845,0.00772617,0.0252606,0.0151884,0.0122318,0.014383799999999999,0.0429835,0.00848664,0.0207142,0.008174899999999999,0.0041317,0.166688,0.00530258,0.0200414,0.0405234,0.397546,0.0842848,0.08078660000000001
47,0.007898899999999999,0.014777,0.395568,0.185638,0.0592915,0.0074112,0.00786564,0.00335592,0.00259799,0.0509912,0.030255,0.124403,0.0183476,0.010796600000000002,0.00911818,0.007190899999999999,0.0247465,0.00164434,0.0360855,0.00201709
48,0.064729,0.0425022,0.0346857,0.0286106,0.0249562,0.051452599999999994,0.00606865,0.300166,0.00491875,0.322752,0.0274493,0.00600666,0.00188312,0.006965600000000001,0.00516064,0.00420806,0.00281405,0.0158664,0.00921857,0.03958590000000001
49,0.0297759,0.0899235,0.0701029,0.0425223,0.00901521,0.0556319,0.00487084,0.0134181,0.016458900000000002,0.47653,0.0493206,0.050391399999999996,0.00237675,0.00602473,0.0080812,0.00482236,0.024802900000000003,0.00669473,0.00600358,0.033232099999999994
50,0.00813053,0.040647300000000004,0.014007499999999999,0.43225399999999997,0.034699,0.00171708,0.0160829,0.0153469,0.00193441,0.034902999999999997,0.0259993,0.05627480000000001,0.0224725,0.023534700000000002,0.013877100000000002,0.11478900000000002,0.055587199999999996,0.00306316,0.0577885,0.026891599999999998
51,0.0370005,0.00520677,0.12433,0.00696961,0.0574991,0.00937933,0.0175546,0.0117304,0.272483,0.044922699999999996,0.0236655,0.124472,0.025600900000000003,0.0193539,0.119922,0.020231700000000002,0.0240621,0.020383099999999998,0.014252,0.0209806
52,0.13051400000000002,0.00116465,0.0833991,0.07366210000000001,0.0414417,0.0428564,0.014916200000000001,0.0127051,0.0544944,0.006264100000000001,0.014754300000000001,0.0486167,0.033668000000000003,0.12489600000000001,0.023424,0.069762,0.12904300000000002,0.057841,0.00820846,0.028368400000000002
53,0.08931739999999999,0.0300358,0.0214737,0.0120185,0.051893499999999995,0.0290124,0.40997799999999995,0.0172144,0.10703199999999999,0.00912384,0.0349776,0.0134965,0.00469126,0.011529799999999998,0.00873321,0.06046900000000001,0.0188767,0.038144,0.028265,0.00371783
54,0.0215115,0.0350375,0.0326938,0.203474,0.047633,0.00536355,0.0150767,0.011835700000000001,0.00524542,0.0541813,0.0426886,0.34525300000000003,0.0214078,0.026352299999999995,0.029046199999999998,0.0161409,0.023664400000000002,0.011763299999999999,0.0419649,0.00966609
55,0.025103099999999996,0.0039963,0.0412412,0.0319061,0.038860000000000006,0.372225,0.023324400000000002,0.0183493,0.00816206,0.0387067,0.0465902,0.135176,0.0421444,0.0426917,0.00311326,0.0472914,0.030119299999999998,0.00851666,0.0249798,0.017503400000000002
56,0.0640908,0.00335972,0.0338814,0.00338964,0.0679904,0.00391841,0.029800200000000002,0.00624938,0.316485,0.0261926,0.014039099999999999,0.022841900000000002,0.0138876,0.015408799999999999,0.23572600000000002,0.014487799999999999,0.017642500000000002,0.0587519,0.0073176000000000005,0.0445397
57,0.053376099999999996,0.00264484,0.0618096,0.0442626,0.255823,0.063809,0.011910299999999999,0.021249200000000003,0.020536099999999998,0.23858800000000002,0.0856933,0.039706,0.00174325,0.01925,0.010515100000000001,0.00407371,0.032914099999999995,0.00597401,0.0125692,0.0135527
58,0.0120766,0.722531,0.0381173,0.0259692,0.00111365,0.000647447,0.0247653,0.024741299999999997,0.00211724,0.0418876,0.0200172,0.0307867,0.008268600000000001,0.0114759,0.000358388,0.000393619,0.011542,0.022086500000000002,0.000937717,0.000166855
59,0.05734159999999999,0.0032817,0.09813279999999999,0.00818746,0.122977,0.0066488,0.031344,0.00942908,0.22413899999999998,0.0983269,0.029155200000000003,0.0160225,0.0229545,0.0365749,0.09412569999999999,0.06643500000000001,0.011227899999999999,0.0179442,0.00998562,0.0357662
60,0.280476,0.00452343,0.016078,0.026568099999999997,0.0400941,0.0148528,0.0158618,0.0158929,0.143235,0.009482899999999999,0.0326835,0.034288,0.17621900000000001,0.0260009,0.07669400000000001,0.0370157,0.00585621,0.00804723,0.010874700000000001,0.025255700000000002
61,0.00734869,0.015603200000000001,0.04208680000000001,0.0336977,0.0283991,0.12217599999999999,0.00207831,0.023522400000000002,0.00817136,0.00122761,0.0236175,0.0323817,0.560005,0.00421799,0.00324295,0.0116722,0.00652336,0.0128835,0.046686,0.0144595
62,0.047621699999999996,0.0194488,0.0601887,0.0442851,0.08580089999999999,0.0580451,0.00978621,0.0223491,0.019050599999999997,0.408851,0.0725505,0.0481841,0.00288347,0.0167638,0.00901775,0.00479091,0.0263803,0.00822136,0.010677899999999999,0.025103
63,0.0326946,0.0257815,0.177708,0.135574,0.0328071,0.00890004,0.10311500000000001,0.19326600000000002,0.00669192,0.0232041,0.0478653,0.011982600000000001,0.0253459,0.07831089999999999,0.00445766,0.0249251,0.010051799999999998,0.0125402,0.039652,0.00512615
64,0.0311488,0.0785808,0.06948939999999999,0.041905300000000006,0.015409200000000001,0.053573699999999995,0.00762277,0.0216149,0.015947899999999997,0.48512,0.041513800000000003,0.0508372,0.00257188,0.00685569,0.00832593,0.00296662,0.0214803,0.00655104,0.00569233,0.032792699999999994
65,0.048149800000000006,0.00348408,0.013926599999999999,0.00517974,0.0765928,0.23306300000000002,0.0156915,0.010860700000000001,0.0414319,0.0741426,0.190298,0.05428669999999999,0.0132219,0.054125400000000004,0.09442439999999999,0.00699876,0.011468899999999999,0.00903139,0.00653355,0.037088300000000005
66,0.0217832,0.0236801,0.43180100000000005,0.0570128,0.0346433,0.034620099999999994,0.016562599999999997,0.00650589,0.069172,0.0432166,0.0406912,0.0477752,0.045768699999999995,0.0112359,0.00266716,0.0522664,0.0251726,0.00580201,0.0236125,0.00601097
67,0.0121874,0.722734,0.0377876,0.0260574,0.0010492000000000001,0.000638417,0.0249739,0.0250383,0.00201885,0.0419801,0.0199113,0.031016900000000003,0.00859191,0.0110586,0.00025288299999999997,0.000424803,0.011037700000000001,0.022236099999999998,0.0008387560000000001,0.00016623900000000002
68,0.00690459,0.00218215,0.015215200000000002,0.170646,0.00980347,0.00609568,0.028226599999999998,0.00379511,0.00518879,0.00742741,0.018565099999999998,0.0602443,0.00994671,0.04927,0.00422279,0.37632600000000005,0.16985699999999998,0.0162358,0.028999599999999997,0.0108479
69,0.00406274,0.0117185,0.00610086,0.00509174,0.012019,0.0293993,0.0135549,0.26608200000000004,0.00440459,0.107057,0.0304647,0.00445151,0.0013038,0.0128846,0.00217978,0.00844649,0.032617099999999996,0.264389,0.0220362,0.161736
70,0.27629699999999996,0.023760299999999998,0.0607631,0.155006,0.0515736,0.0110083,0.10130399999999999,0.0321334,0.0115524,0.045193000000000004,0.0381829,0.0256894,0.016933,0.0288552,0.0220836,0.018911,0.0270091,0.00483653,0.030402600000000002,0.018505
71,0.009720600000000001,0.000790833,0.00427305,0.0009801,0.0495968,0.629785,0.00869152,0.0192482,0.0036344999999999997,0.041775,0.03676140000000001,0.028484199999999998,0.0818802,0.0208192,0.000717278,0.00625137,0.0181203,0.00152496,0.00506601,0.0318792
72,0.0104655,0.00039569599999999996,0.0230031,0.0266717,0.043451800000000006,0.00228005,0.0177417,0.022972299999999998,0.00300583,0.00185783,0.0157694,0.0160385,0.019813,0.021793299999999998,0.0007953389999999999,0.00566184,0.0416518,0.0485706,0.600921,0.07714
73,0.0523207,0.0394069,0.0332785,0.0319847,0.00973618,0.0468417,0.00539863,0.301016,0.00526087,0.314449,0.045094699999999995,0.005674899999999999,0.00126565,0.00891763,0.00472358,0.00446261,0.0030379,0.029635700000000004,0.0100428,0.0474517
74,0.030291900000000004,0.0857318,0.07128999999999999,0.042687199999999995,0.0101675,0.058749800000000005,0.00441502,0.013393200000000001,0.0169958,0.48040200000000005,0.0472077,0.0522269,0.00231844,0.00711288,0.00866485,0.00343411,0.022755900000000003,0.00599216,0.00550104,0.030662000000000002
75,0.0131239,0.0010823,0.00763705,0.00120001,0.0483745,0.618283,0.010353900000000001,0.016485,0.00413953,0.0392332,0.036448,0.0316837,0.07651000000000001,0.0222133,0.0006156590000000001,0.0120179,0.020162,0.00178658,0.00636205,0.0322882
76,0.0410853,0.05570830000000001,0.00194214,0.04308069999999999,0.06721519999999999,0.042932099999999994,0.00358163,0.00265905,0.00184369,0.043086400000000004,0.040231800000000005,0.505116,0.023288099999999996,0.023475700000000002,0.0295145,0.00487721,0.00691153,0.0215915,0.03548780000000001,0.00637167
77,0.00671979,0.016867,0.0428321,0.0340301,0.0269488,0.127409,0.00214626,0.0235203,0.00786853,0.00121263,0.0235165,0.0337799,0.555838,0.00441568,0.0030383000000000003,0.0116246,0.00653042,0.012710899999999999,0.0454525,0.0135392
78,0.0204733,0.00726986,0.021572900000000002,0.236854,0.0546867,0.00611764,0.0226771,0.00705721,0.0167883,0.0141828,0.213641,0.059876,0.028196199999999998,0.0600192,0.0572884,0.0487375,0.0139326,0.0218385,0.0492605,0.039530300000000004
79,0.0121248,0.721618,0.0383744,0.026974,0.00114237,0.0007062489999999999,0.025617,0.025669400000000002,0.00191655,0.0416302,0.0196523,0.030586000000000002,0.00834255,0.0109726,0.000246252,0.00043427900000000003,0.0110396,0.021956200000000002,0.000841489,0.000156198
80,0.012808400000000001,0.00848076,0.37248000000000003,0.178109,0.039213,0.0204432,0.0159506,0.0261887,0.0107705,0.03891409999999999,0.031300299999999996,0.0338945,0.060302800000000004,0.0255356,0.00611334,0.0397461,0.040364599999999994,0.0030653000000000004,0.032719200000000004,0.00360023
81,0.047894,0.00454977,0.0165165,0.194125,0.0271099,0.00626931,0.0233156,0.0640768,0.011401,0.095242,0.027699099999999997,0.221237,0.0142404,0.025044099999999996,0.0631568,0.0645502,0.0404689,0.0163391,0.025041,0.0117238
82,0.126627,0.00780738,0.032400200000000004,0.0351329,0.116227,0.0424202,0.010860799999999999,0.152889,0.019240599999999997,0.275397,0.0566931,0.0217525,0.00402164,0.0132325,0.0125786,0.022675599999999997,0.00817448,0.0136481,0.00888516,0.0193364
83,0.0381491,0.00479189,0.0103452,0.1832,0.00970151,0.0102369,0.013581399999999999,0.0241076,0.0180423,0.1815,0.027975599999999996,0.135663,0.032052199999999996,0.0376279,0.10222300000000001,0.0534465,0.06467909999999999,0.0173388,0.0253268,0.0100115
84,0.115093,0.00298022,0.00648481,0.0116007,0.0645169,0.118933,0.0282798,0.010518000000000001,0.0533948,0.0143726,0.00690093,0.0354068,0.0155862,0.035370900000000004,0.10468,0.0174124,0.0248174,0.267771,0.017874400000000002,0.048006099999999996
85,0.031131,0.000859455,0.12055899999999999,0.23263699999999998,0.00426897,0.00267964,0.00319039,0.00782855,0.024907299999999997,0.00124041,0.0163201,0.00234541,0.364675,0.0696209,0.0118848,0.0487487,0.0389986,0.00294852,0.0115363,0.00362017
86,0.015344700000000001,0.00295675,0.032304700000000006,0.327355,0.00725878,0.00459354,0.027964599999999996,0.00388692,0.00211893,0.0033113,0.0127804,0.0172564,0.00960409,0.05295130000000001,0.00944308,0.375164,0.06382280000000001,0.00297745,0.0181086,0.010797
87,0.0107867,0.000358343,0.0242418,0.028210700000000002,0.043460000000000006,0.00222569,0.016394400000000003,0.0233467,0.00295042,0.00195899,0.015311400000000001,0.015467700000000003,0.021062599999999997,0.020729,0.0007178180000000001,0.00505894,0.0419799,0.048457,0.599805,0.0774766
88,0.040752,0.00522031,0.0321802,0.145792,0.00451433,0.050050199999999996,0.062332000000000005,0.00985259,0.014731399999999999,0.00417742,0.0303558,0.035698400000000005,0.00453182,0.0497538,0.0138404,0.412437,0.04253030000000001,0.0175681,0.0176033,0.00607761
89,0.018372799999999998,0.000576948,0.00185319,0.017803299999999998,0.021492700000000003,0.0400379,0.0019829,0.0548038,0.0106884,0.0412405,0.0429737,0.00254613,0.00927132,0.0253513,0.00764706,0.00443727,0.0304865,0.10511400000000001,0.120602,0.44271800000000006
90,0.0284505,0.0627679,0.0399879,0.0278778,0.0151265,0.0260315,0.0354806,0.532523,0.00247605,0.0250198,0.00609778,0.00512665,0.024953599999999996,0.0244516,0.00300278,0.00517606,0.00157942,0.0240162,0.0715102,0.0383441
91,0.0280372,0.029750299999999997,0.0100536,0.00555363,0.07979589999999999,0.0121863,0.0275803,0.029823500000000003,0.012773,0.015117700000000001,0.038497699999999996,0.0242316,0.0106725,0.0466065,0.0148077,0.0162891,0.00660435,0.440867,0.07506030000000001,0.07569189999999999
92,0.00871323,0.038218,0.0152584,0.426112,0.0349642,0.00213951,0.017389500000000002,0.014865399999999999,0.00204831,0.033676,0.026645699999999998,0.05751749999999999,0.0257909,0.0240471,0.014244499999999998,0.11546300000000001,0.0547365,0.00313515,0.0593304,0.025704700000000004
93,0.022572799999999997,0.00421836,0.0410033,0.00387488,0.0714955,0.00568815,0.030848200000000003,0.00613347,0.292812,0.0277625,0.0159979,0.030489,0.00616989,0.029496299999999996,0.223759,0.0128575,0.0634365,0.05205980000000001,0.00922779,0.050097
94,0.0354983,0.00069811,0.116407,0.216815,0.00407026,0.00448811,0.00429499,0.019441,0.020453,0.00120912,0.0160044,0.00379961,0.38616100000000003,0.0572437,0.0103201,0.049876300000000005,0.0351154,0.00342689,0.0118501,0.00282646
95,0.027482099999999995,0.00380662,0.07539639999999999,0.0515944,0.0233896,0.0656337,0.0211383,0.011470000000000001,0.00903755,0.0199555,0.028918400000000004,0.315813,0.0198588,0.05236230000000001,0.0120589,0.10647899999999999,0.090577,0.0142054,0.037106400000000005,0.0137161
96,0.17493399999999998,0.00330327,0.034564599999999994,0.044341000000000005,0.00712571,0.0243857,0.010137899999999998,0.0270255,0.0779522,0.00272989,0.0386345,0.049936900000000006,0.343115,0.0164562,0.0227318,0.0895397,0.00532409,0.0050049,0.0152862,0.00747145
97,0.17282,0.00110362,0.10820999999999999,0.09036210000000001,0.024222999999999998,0.0517403,0.015938,0.015402100000000002,0.035635599999999996,0.00923827,0.019191299999999998,0.0568669,0.043451800000000006,0.07797539999999999,0.0229736,0.0656201,0.118815,0.0410989,0.00888982,0.020444099999999996
98,0.0362743,0.00655833,0.028312599999999997,0.0614419,0.042078199999999996,0.0418614,0.06421080000000001,0.010388600000000001,0.00548278,0.042308,0.055298599999999996,0.367208,0.017632,0.0406708,0.0236944,0.0312539,0.022784099999999998,0.0259351,0.0321623,0.0444434
99,0.025836400000000002,0.00252575,0.055192,0.00610914,0.041075099999999996,0.484598,0.0211414,0.021498,0.011034799999999999,0.0344024,0.04882430000000001,0.028348599999999998,0.0694342,0.037898900000000006,0.00202461,0.053422500000000005,0.0229766,0.007390899999999999,0.0137137,0.0125524
100,0.0123522,0.7205779999999999,0.037880000000000004,0.026119299999999998,0.00107419,0.0006781310000000001,0.0250763,0.0255264,0.00210664,0.0421968,0.0201109,0.0311988,0.00810948,0.0116683,0.000264335,0.00044111,0.0110422,0.0224332,0.000952669,0.000191434
101,0.0197922,0.000547176,0.00193976,0.017165,0.020575,0.039657300000000006,0.00137292,0.055090599999999997,0.0110114,0.0392208,0.0408719,0.00255048,0.00846607,0.0264724,0.00795526,0.00386459,0.0293209,0.109181,0.122397,0.44254899999999997
102,0.00645264,0.0177091,0.0429435,0.032325599999999996,0.028408499999999996,0.127976,0.00261908,0.024781900000000003,0.00770428,0.00126544,0.021497299999999997,0.0333315,0.5580609999999999,0.00364187,0.003009,0.0114384,0.00637599,0.0118066,0.044439599999999996,0.0142132
103,0.010490000000000001,0.000805905,0.00557012,0.00112383,0.0482394,0.627599,0.00921929,0.017793599999999996,0.00410475,0.040324599999999995,0.0377606,0.0310488,0.07689030000000001,0.0218114,0.000851242,0.00778833,0.0176405,0.00142408,0.00587607,0.0336386
104,0.163465,0.00125597,0.12559700000000001,0.0499008,0.0244304,0.0602712,0.029311700000000003,0.021167099999999998,0.031394099999999994,0.00817875,0.013123500000000001,0.0871056,0.00891541,0.0575456,0.0193048,0.084511,0.131369,0.0478543,0.00519096,0.0301079
105,0.050061699999999994,0.00150198,0.054650300000000006,0.0381306,0.388371,0.059721800000000005,0.0156365,0.0292952,0.027166000000000003,0.09954760000000001,0.08137130000000001,0.0340185,0.00333279,0.0331082,0.0180571,0.00372446,0.0241809,0.0130487,0.0123056,0.0127702
106,0.12668,0.00459298,0.00920673,0.0578804,0.025480000000000003,0.0336863,0.0178896,0.069745,0.0384666,0.03484980000000001,0.033074900000000004,0.245245,0.09111419999999999,0.0310207,0.027441000000000004,0.0652137,0.028921299999999997,0.0215562,0.029114299999999996,0.00882218
107,0.00786525,0.0165785,0.415654,0.177275,0.05975980000000001,0.0071063,0.00752817,0.00481102,0.00320018,0.047568,0.029673400000000003,0.10763800000000001,0.0227003,0.0118175,0.00790572,0.00827881,0.024652700000000003,0.00147839,0.0366952,0.00181322
108,0.0163071,0.00046843599999999997,0.00444003,0.00794177,0.0294623,0.0294611,0.00502392,0.07267810000000001,0.0159346,0.0248748,0.026400299999999998,0.00483003,0.00630723,0.0350797,0.00807657,0.0157536,0.0472916,0.244211,0.0794597,0.325997
109,0.00836702,0.0433674,0.013015700000000002,0.428679,0.0362655,0.00193048,0.0170803,0.016606,0.0019156,0.0347825,0.0269931,0.0564269,0.0222644,0.023217500000000002,0.0145607,0.114574,0.053772400000000005,0.0033786000000000003,0.0571961,0.0256064
110,0.00811905,0.0398458,0.014616,0.42557700000000004,0.034150099999999996,0.00171539,0.0169462,0.0146262,0.001888,0.0341443,0.0269399,0.055945,0.0278938,0.0239738,0.0141965,0.115032,0.0554577,0.00300649,0.0583049,0.0276221
111,0.0320815,0.0813654,0.0709954,0.04336369999999999,0.018673500000000003,0.052694000000000005,0.00689844,0.0316526,0.01646,0.477893,0.0320626,0.048431800000000004,0.00234269,0.00610068,0.00887205,0.0034573,0.021763099999999997,0.00760784,0.00639023,0.030894
112,0.0652145,0.00362298,0.0319806,0.00369435,0.0689515,0.00362835,0.0308563,0.00661673,0.317959,0.026820599999999997,0.0140862,0.0229196,0.0137355,0.0168162,0.23246599999999998,0.015463,0.0174925,0.055379099999999994,0.00810177,0.0441953
113,0.187132,0.041189800000000006,0.0435793,0.127599,0.046460400000000006,0.010749799999999999,0.307035,0.033868300000000004,0.00575773,0.0163821,0.044476499999999995,0.011831900000000001,0.00624349,0.0206815,0.00936754,0.0371651,0.00894837,0.00485104,0.0333142,0.00336684
114,0.059287099999999995,0.0140375,0.0476917,0.0571809,0.082209,0.0582058,0.0465677,0.018694799999999998,0.0120734,0.287159,0.0783632,0.046664300000000006,0.00230942,0.07833689999999999,0.00528862,0.011784600000000001,0.0397635,0.0157185,0.0176475,0.0210166
115,0.0603999,0.019663800000000002,0.027554500000000003,0.0236702,0.0355634,0.0614163,0.00832417,0.239173,0.00600858,0.251263,0.120853,0.00505883,0.00221472,0.00786359,0.00401247,0.00399,0.00353326,0.05164880000000001,0.00849427,0.059294799999999995
116,0.0971142,0.00337255,0.0125353,0.00307971,0.023296200000000003,0.110116,0.065219,0.00986645,0.0191488,0.0151453,0.0321603,0.00586782,0.0141481,0.0544909,0.00154729,0.341304,0.11298299999999999,0.0343665,0.0179946,0.026244099999999996
117,0.0271274,0.00682651,0.0301851,0.185613,0.015932599999999998,0.00988162,0.07045119999999999,0.00761909,0.011223,0.00507225,0.0246388,0.0137244,0.00821348,0.0513685,0.0465212,0.386007,0.054864800000000005,0.0136385,0.019176099999999998,0.0119154
118,0.0117764,0.00167352,0.00417277,0.00172853,0.0178952,0.0700523,0.020619400000000003,0.163172,0.00898592,0.015058799999999999,0.00473582,0.00583008,0.00410676,0.0341923,0.00154012,0.0220977,0.0527401,0.347907,0.0265558,0.18516
119,0.0791359,0.00187185,0.23006999999999997,0.114446,0.0211502,0.04328869999999999,0.016093899999999998,0.0102874,0.030451799999999998,0.00337416,0.0145326,0.150451,0.00611268,0.0316647,0.0111337,0.07982539999999999,0.0941088,0.020337599999999997,0.026876,0.0147873
120,0.0519845,0.00675724,0.030444099999999998,0.07957180000000001,0.033411300000000005,0.013447200000000001,0.251265,0.0119745,0.0148459,0.011576999999999999,0.04035,0.012224700000000002,0.00872313,0.0741701,0.059638199999999995,0.21864,0.028506,0.0171248,0.027291900000000004,0.00805221
121,0.039975300000000005,0.00177342,0.0182387,0.0101979,0.492435,0.0119682,0.025814799999999995,0.0404227,0.022794599999999998,0.0316648,0.03358080000000001,0.030233600000000003,0.00521712,0.0371202,0.0213769,0.00514888,0.00812808,0.12293399999999999,0.025381599999999997,0.0155936
122,0.00998421,0.0243946,0.0282805,0.38143,0.0271462,0.00250593,0.012774200000000001,0.013112100000000002,0.00337131,0.0240954,0.0310817,0.0430035,0.026422,0.07255700000000001,0.0104318,0.17694000000000001,0.0563401,0.00372008,0.0346164,0.0177931
123,0.0789191,0.00182058,0.042121,0.032945999999999996,0.361993,0.0538464,0.0189513,0.11030799999999999,0.029682,0.087998,0.08420839999999999,0.0100792,0.00279575,0.014481,0.013944899999999998,0.0218252,0.00312643,0.00933907,0.013660399999999998,0.00795485
124,0.0077698,0.0163648,0.0457027,0.036680300000000006,0.0279623,0.117674,0.00163527,0.0220606,0.00859367,0.00130045,0.0231804,0.0348295,0.557368,0.00556168,0.00364276,0.0122164,0.00711322,0.011724600000000002,0.0454299,0.013189700000000002
125,0.057433000000000005,0.00270383,0.0365827,0.00558602,0.144404,0.00457058,0.0312868,0.006732899999999999,0.28171599999999997,0.035387,0.016972400000000002,0.0131843,0.0144684,0.0724043,0.13768699999999998,0.0258592,0.016073900000000002,0.0385787,0.00811299,0.0502564
126,0.0952727,0.012819999999999998,0.237242,0.164231,0.0331253,0.0322253,0.0141901,0.0081664,0.0211984,0.017156400000000002,0.015505600000000001,0.087938,0.0178545,0.0358764,0.0114277,0.045094300000000004,0.0935989,0.018739500000000003,0.026264,0.0120735
127,0.06229490000000001,0.00277475,0.017823,0.183025,0.00918918,0.0105591,0.0649179,0.00409982,0.00723568,0.00788495,0.022714599999999998,0.0258249,0.0171269,0.0461266,0.00450177,0.401982,0.0700112,0.0162489,0.0150536,0.010605700000000001
128,0.046274,0.00207809,0.0874765,0.195378,0.00806013,0.043368300000000005,0.0193398,0.00562331,0.0109385,0.00285959,0.00922444,0.059710900000000004,0.00880797,0.0673443,0.011463899999999999,0.273742,0.109385,0.015577700000000002,0.0116731,0.0116743
129,0.0100343,0.000354276,0.025852999999999998,0.0283198,0.0449818,0.00227835,0.0161169,0.024954300000000002,0.00293769,0.00181758,0.015604699999999999,0.016659900000000002,0.019708,0.0214088,0.000721553,0.00500974,0.0403759,0.0460386,0.603251,0.07357380000000001
130,0.037524699999999994,0.00110171,0.115428,0.198161,0.00405939,0.0125196,0.00515913,0.00650302,0.0248375,0.00208977,0.0160024,0.011997,0.31760900000000003,0.0834851,0.0124384,0.0608763,0.0651087,0.00664474,0.0139317,0.00452331
131,0.029848000000000003,0.00231855,0.0414374,0.010572499999999999,0.0267448,0.286105,0.0288157,0.00869007,0.0147857,0.015999100000000002,0.036738099999999996,0.21051199999999998,0.00617689,0.11475199999999999,0.00438677,0.067057,0.0301767,0.010375,0.0442435,0.010264
132,0.035131199999999994,0.0390166,0.171916,0.0365107,0.05375,0.00972896,0.354511,0.05841709999999999,0.0230795,0.011032700000000001,0.047545699999999996,0.00502589,0.00463771,0.0096822,0.00490073,0.035082999999999996,0.036706300000000004,0.0148493,0.046237400000000005,0.00223814
133,0.0427642,0.0159779,0.22634,0.21693400000000002,0.0351283,0.010429299999999999,0.0167794,0.00310342,0.019861,0.0304899,0.0162715,0.0359044,0.0457359,0.032247000000000005,0.010504600000000001,0.031868400000000005,0.163872,0.00722034,0.0313197,0.00724941
134,0.172932,0.00135776,0.0894164,0.047953300000000004,0.0379407,0.06372169999999999,0.0191151,0.0168002,0.0286277,0.00857779,0.011391799999999999,0.11536600000000001,0.00665805,0.0592194,0.0203599,0.08340139999999999,0.138141,0.0450196,0.00651276,0.0274877
135,0.0140653,0.00190481,0.0671698,0.168406,0.00996454,0.0113185,0.034719400000000004,0.00390479,0.00980714,0.00408046,0.013816299999999998,0.0661464,0.00762005,0.0477415,0.00635788,0.344075,0.142324,0.011326899999999999,0.0239192,0.011332700000000001
136,0.011061399999999999,0.000959216,0.00524995,0.00100896,0.0511469,0.628274,0.0103832,0.017047200000000002,0.00373544,0.0405421,0.0380487,0.028554900000000005,0.0796568,0.020925700000000002,0.000636236,0.00718012,0.0178201,0.0012223,0.00476485,0.0317824
137,0.035836,0.00249893,0.0029671999999999997,0.00346329,0.028254700000000004,0.102339,0.026716700000000003,0.0593951,0.0192107,0.00799184,0.00512081,0.014496,0.00769927,0.04890030000000001,0.00907853,0.0251448,0.0598788,0.38310700000000003,0.0304911,0.127409
138,0.00550968,0.00326096,0.037064599999999996,0.21775300000000003,0.00636932,0.0104366,0.025698400000000003,0.00314684,0.00345821,0.00305099,0.00453778,0.024972799999999996,0.021918299999999998,0.0578013,0.00614308,0.415545,0.11303599999999998,0.009981799999999999,0.0194794,0.0108371
139,0.240497,0.00263411,0.0576135,0.0378725,0.022665900000000003,0.0420626,0.041531099999999994,0.0120488,0.09620880000000001,0.010247399999999999,0.0653627,0.056859900000000005,0.0655423,0.035167800000000006,0.0243705,0.10041,0.048128199999999996,0.019369900000000002,0.00341097,0.0179959
140,0.364166,0.00442524,0.00390562,0.00492069,0.0111386,0.06683839999999999,0.122553,0.00919688,0.015300799999999998,0.00791612,0.041273699999999997,0.0140517,0.00700132,0.0314493,0.00773634,0.263129,0.00137347,0.00422893,0.0124524,0.00694292
141,0.0125,0.720406,0.0386462,0.0267705,0.00110052,0.0008394160000000001,0.0248447,0.0254088,0.0018715,0.0421536,0.0196511,0.0310314,0.0081687,0.0111183,0.00026209299999999997,0.000450133,0.011353700000000001,0.022313999999999997,0.000949882,0.00015908600000000001
142,0.160323,0.00314272,0.0447735,0.0498569,0.00457243,0.0264503,0.00714328,0.0248547,0.07621119999999999,0.0028616999999999996,0.036997800000000004,0.0487233,0.34842,0.0196225,0.020206900000000003,0.0934782,0.00708519,0.00459373,0.0142567,0.00642558
143,0.15766,0.0009673160000000001,0.012712399999999999,0.013887799999999999,0.026439499999999998,0.0472405,0.0704842,0.0552706,0.0304212,0.0784882,0.023912700000000002,0.0095564,0.00673809,0.014822799999999999,0.00869545,0.055238699999999995,0.0462673,0.184444,0.0209352,0.135818
144,0.181054,0.0008434139999999999,0.0960826,0.0466163,0.029700400000000002,0.08085319999999999,0.019476300000000002,0.0163035,0.029483699999999998,0.00571272,0.013345699999999999,0.0953079,0.0064459,0.066112,0.021013099999999996,0.0779245,0.129754,0.0454515,0.00515849,0.0333615
145,0.020207299999999997,0.00145204,0.012219200000000001,0.00398377,0.031324,0.517699,0.017682800000000002,0.0106794,0.0114052,0.018305500000000002,0.0355524,0.0788461,0.07816669999999999,0.045802999999999996,0.00133925,0.053637300000000006,0.012637899999999999,0.00621335,0.0288168,0.014029
146,0.13861199999999999,0.00196269,0.07080589999999999,0.037167,0.044810300000000004,0.153554,0.0126794,0.0121941,0.036746,0.0591889,0.111223,0.059899,0.0145422,0.047598900000000006,0.048299400000000006,0.0392067,0.0616885,0.0218099,0.00434883,0.0236636
147,0.106405,0.00348229,0.056203699999999995,0.06656669999999999,0.00521404,0.0237564,0.0114196,0.015206,0.11296199999999999,0.00337602,0.0391753,0.040389999999999995,0.306653,0.0252005,0.0198925,0.11678399999999999,0.014783899999999999,0.0110975,0.013891899999999999,0.00754015
148,0.0254968,0.00702964,0.029341200000000005,0.208927,0.00467494,0.0171797,0.0472965,0.00543196,0.0070894999999999994,0.0035466,0.0163884,0.0197342,0.00759901,0.049776999999999995,0.008188299999999999,0.436051,0.07099730000000001,0.011436,0.016546,0.00726907
149,0.0188663,0.000556345,0.057535199999999995,0.035674199999999996,0.533697,0.0440626,0.0313385,0.00315821,0.0198251,0.00196453,0.0243957,0.052928499999999996,0.0177817,0.0257995,0.0190304,0.00185568,0.0297801,0.00747214,0.0695256,0.00475282
150,0.0324556,0.000482251,0.00433619,0.0383631,0.268221,0.061683100000000005,0.00221099,0.00597529,0.0339958,0.00493045,0.050501599999999994,0.0035498000000000005,0.0106678,0.042145999999999996,0.022582400000000002,0.00843379,0.0385899,0.0137183,0.0833346,0.27382199999999995
151,0.125701,0.00509057,0.0249818,0.00772309,0.0547437,0.004515,0.0166476,0.00643458,0.09901660000000001,0.0247831,0.0131346,0.065454,0.015203399999999999,0.0108637,0.36586799999999997,0.0111536,0.0126175,0.100659,0.00998152,0.0254281
152,0.0417347,0.0551566,0.00191107,0.040594599999999995,0.065898,0.0426517,0.00284004,0.00228096,0.00185434,0.046002999999999995,0.037561300000000006,0.510541,0.0223982,0.0235113,0.030331,0.00493263,0.0068367,0.0234458,0.032909100000000004,0.00660794
153,0.0123137,0.013749100000000002,0.0176274,0.013228700000000001,0.0140719,0.0125131,0.0153726,0.0713768,0.012543899999999998,0.24853899999999998,0.20953200000000002,0.0278286,0.00372329,0.013915299999999999,0.00675026,0.00588388,0.00986361,0.160416,0.014959,0.115791
154,0.00441636,0.00721169,0.0065556,0.00551561,0.0116471,0.011723,0.0114364,0.20275,0.00538403,0.21391,0.08770750000000001,0.00549413,0.00103465,0.00569078,0.00246298,0.00532948,0.0126053,0.236103,0.014224299999999999,0.148797
