site,A,C,D,E,F,G,H,I,K,L,M,N,P,Q,R,S,T,V,W,Y
1,0.0518044,0.0265541,0.0429488,0.0334664,0.0498927,0.0592678,0.0188168,0.00575988,0.0248578,0.029708099999999998,0.42862700000000004,0.040722,0.023437799999999998,0.0440023,0.00279294,0.030379700000000003,0.00681791,0.00374765,0.04063030000000001,0.0357657
2,0.128056,0.013303799999999998,0.0180115,0.020649200000000003,0.0207866,0.0361427,0.0198362,0.0802175,0.00558713,0.148517,0.355564,0.0138197,0.00130279,0.0113814,0.00133097,0.0184411,0.00633878,0.00752885,0.0195442,0.073641
3,0.149177,0.00572034,0.0392367,0.00450053,0.014106200000000001,0.10419500000000001,0.030310200000000002,0.00964029,0.10570299999999999,0.00571032,0.0246399,0.019912,0.00424879,0.0248988,0.00503115,0.312749,0.08494910000000001,0.00691105,0.030916000000000003,0.017443900000000002
4,0.00903206,0.00849235,0.032634199999999995,0.0376677,0.24499,0.0615394,0.014112999999999999,0.030464799999999997,0.013267099999999999,0.158467,0.035442699999999994,0.013061700000000002,0.00343901,0.027681599999999997,0.00664443,0.0141994,0.209525,0.0142303,0.030839,0.0342693
5,0.0122845,0.019510299999999998,0.0206679,0.0454585,0.05563,0.0439807,0.030504900000000005,0.422041,0.0116426,0.039703699999999995,0.023799200000000003,0.023119900000000002,0.00828393,0.050077699999999996,0.00723652,0.00985259,0.0513288,0.0158215,0.0561909,0.0528648
6,0.035713199999999994,0.0300611,0.00858575,0.00589335,0.015685900000000003,0.0330634,0.0371462,0.22181199999999998,0.03347290000000001,0.14432999999999999,0.025508199999999998,0.012170100000000001,0.00342139,0.0658125,0.00810947,0.015330200000000002,0.0605881,0.15715,0.052183600000000004,0.0339638
7,0.0253794,0.02477,0.00762395,0.0159625,0.014680200000000003,0.0484481,0.0380836,0.281453,0.0170575,0.249059,0.020701400000000002,0.00839681,0.00227763,0.035728699999999995,0.0040403,0.00757478,0.032890800000000005,0.09161760000000001,0.0314147,0.0428399
8,0.256429,0.00725637,0.0117331,0.0181996,0.0121021,0.00827182,0.0455657,0.140933,0.013671100000000002,0.164546,0.0849094,0.00572905,0.00239386,0.0321693,0.00322171,0.0754637,0.015680600000000003,0.019686099999999998,0.0329092,0.0491291
9,0.032075099999999995,0.00102155,0.014121799999999999,0.0343588,0.371398,0.0671247,0.00954769,0.021089,0.0225082,0.149254,0.0244271,0.017375,0.00239917,0.0138846,0.00663376,0.00502722,0.0631699,0.00518969,0.021790900000000002,0.117604
10,0.205071,0.0190468,0.00765718,0.0161675,0.0104432,0.0246013,0.0417598,0.18268399999999999,0.0215394,0.233685,0.0647497,0.011237299999999999,0.00181341,0.0158161,0.00354828,0.0331353,0.0114675,0.029515899999999998,0.0217122,0.0443497
11,0.0118539,0.00386837,0.037799099999999995,0.0393672,0.230908,0.0649994,0.00970033,0.0486059,0.01395,0.24465900000000002,0.0479638,0.0141791,0.00214869,0.018502599999999998,0.00317883,0.00849598,0.141744,0.00770466,0.0227672,0.027604300000000002
12,0.019699400000000002,0.17548699999999998,0.00580334,0.00499037,0.00708747,0.011281900000000001,0.115369,0.0926424,0.02615,0.0286556,0.00993059,0.0053278,0.026329200000000004,0.027963299999999996,0.00831228,0.06655989999999999,0.0122551,0.33032399999999995,0.019300900000000003,0.00652977
13,0.214682,0.021137599999999996,0.0199226,0.0163547,0.018624599999999998,0.0270594,0.019328400000000003,0.028086400000000004,0.020902599999999997,0.0389227,0.00855252,0.050805199999999995,0.00299408,0.14671199999999998,0.007645100000000001,0.0681593,0.0637549,0.0127758,0.189532,0.0240484
14,0.050298,0.00383493,0.0449421,0.208467,0.042975,0.0590655,0.00528668,0.00790061,0.030212700000000002,0.010355,0.012754600000000001,0.18440299999999998,0.013772,0.0672682,0.00429908,0.09138239999999999,0.100351,0.00858182,0.0326694,0.0211817
15,0.027471199999999998,0.00283547,0.22437600000000002,0.024578400000000004,0.0429812,0.168992,0.00484294,0.00811356,0.0247321,0.00721822,0.0105985,0.14906,0.0644808,0.0866303,0.00117875,0.0528129,0.0233763,0.0330861,0.0189213,0.0237142
16,0.00836096,0.00201651,0.013513200000000001,0.042031099999999995,0.00670984,0.015084,0.00425938,0.00508581,0.0399588,0.00266313,0.00606013,0.177947,0.00357661,0.11046199999999999,0.00759553,0.23245300000000002,0.24134299999999997,0.0355288,0.034712,0.010638
17,0.14276,0.0138535,0.13106199999999998,0.023100700000000002,0.05526180000000001,0.0501723,0.0031118,0.0206724,0.0277437,0.00266625,0.0268219,0.053820900000000005,0.309471,0.0198163,0.00853807,0.00512785,0.0020379,0.00618802,0.0511642,0.0466096
18,0.00253892,0.09053589999999999,0.00599034,0.00319844,0.00613638,0.00514758,0.0236324,0.022237299999999998,0.022056,0.0079526,0.00288381,0.037352699999999996,0.00243241,0.0978347,0.00629622,0.0236078,0.261812,0.273431,0.0837199,0.021203200000000002
19,0.049219099999999995,0.035314099999999994,0.0103067,0.0443825,0.00853132,0.0571683,0.0720776,0.386508,0.00404934,0.22518000000000002,0.0074822000000000005,0.00508831,0.000925664,0.00547079,0.000957095,0.00500571,0.00316019,0.0130846,0.025159400000000002,0.040929
20,0.019116499999999998,0.703294,0.0169504,0.0129343,0.00119219,0.0011648,0.00724636,0.0212211,0.00510302,0.0405385,0.016158600000000002,0.0236083,0.00752959,0.0161314,0.00041005400000000003,0.00143625,0.0205637,0.0810938,0.00224841,0.00205895
21,0.10774600000000001,0.07034069999999999,0.0171048,0.0340081,0.0118829,0.039800699999999994,0.015769599999999998,0.0152911,0.00790039,0.318241,0.24595,0.0433764,0.000945749,0.005907,0.00150016,0.00502799,0.00428265,0.003997400000000001,0.0115588,0.0393686
22,0.014191800000000001,0.00136711,0.00554487,0.000615406,0.0593556,0.64255,0.0319417,0.0301538,0.010649500000000001,0.0295541,0.025724,0.035038099999999996,0.0229738,0.0211199,0.00067568,0.0106795,0.017372299999999997,0.0018667999999999998,0.00791679,0.0307096
23,0.0413087,0.0231977,0.00372614,0.034611800000000005,0.038168099999999996,0.050518,0.49937600000000004,0.084361,0.025086599999999997,0.021752900000000002,0.022179400000000002,0.00221159,0.00205617,0.00339006,0.00209051,0.0200338,0.0245282,0.044539300000000004,0.051057599999999995,0.00580689
24,0.0419615,0.0229023,0.00377742,0.034037300000000006,0.035249199999999994,0.0450209,0.499424,0.08612310000000001,0.0244443,0.0223432,0.0206928,0.00244368,0.0021901,0.00349376,0.00176629,0.0203174,0.02412,0.048196300000000004,0.0552481,0.00624801
25,0.489584,0.0320586,0.00415315,0.00317616,0.0604231,0.011801299999999999,0.025826799999999997,0.035119300000000006,0.0171956,0.0504076,0.05699969999999999,0.056288300000000006,0.00460631,0.036113400000000004,0.0320041,0.00886308,0.00117179,0.00115449,0.037815800000000004,0.0352375
26,0.00184275,0.144204,0.00461602,0.00265502,0.00811437,0.00298976,0.026267000000000002,0.019030000000000002,0.018514,0.00963589,0.0025188000000000003,0.026894400000000002,0.022503099999999998,0.0414839,0.0183943,0.0196398,0.07864960000000001,0.480392,0.0431988,0.0284566
27,0.13008,0.029854400000000003,0.0626474,0.193443,0.0452603,0.0134536,0.0126211,0.013455700000000001,0.03526869999999999,0.00289582,0.0197879,0.067258,0.212125,0.014978100000000001,0.00814878,0.00689324,0.0109872,0.0261177,0.052948199999999994,0.041775900000000005
28,0.0703567,0.0376634,0.00163337,0.0453907,0.0432934,0.0445681,0.00204737,0.00676478,0.0029975,0.05287290000000001,0.0281114,0.528291,0.0128549,0.0359969,0.0107074,0.00560677,0.00462975,0.0215277,0.0392256,0.0054600000000000004
29,0.0145757,0.0013247,0.00505683,0.0008926839999999999,0.0569847,0.652642,0.030970099999999997,0.0323975,0.010217799999999999,0.027615499999999998,0.026335300000000002,0.0335974,0.0218664,0.019111799999999998,0.000651317,0.00886099,0.0158263,0.00229497,0.00648551,0.0322927
30,0.00425929,0.0608015,0.0376063,0.030610000000000002,0.0471875,0.0354942,0.028226499999999998,0.00523727,0.00836754,0.0296485,0.00576537,0.0185997,0.00233744,0.0504409,0.00643547,0.0251694,0.424584,0.09598949999999999,0.04797,0.0352695
31,0.12347999999999999,0.00393425,0.019569299999999998,0.024266,0.0170845,0.031430900000000005,0.0216864,0.10953800000000001,0.00627338,0.11088599999999998,0.305152,0.016916900000000002,0.00137484,0.0162474,0.0012910999999999999,0.0363926,0.00589802,0.013966,0.023308900000000004,0.111304
32,0.00127992,0.15398299999999998,0.00413254,0.00264357,0.00669637,0.00294507,0.0249607,0.0165278,0.018093400000000003,0.00800039,0.00370511,0.0241257,0.0246271,0.0417086,0.0166083,0.020112400000000002,0.0793367,0.477998,0.042631699999999995,0.029883799999999995
33,0.051967599999999996,0.014875399999999999,0.02416,0.00248435,0.056501699999999995,0.0322317,0.0395651,0.0127066,0.47583500000000006,0.030445499999999997,0.0283679,0.00525286,0.0387624,0.0104136,0.0183939,0.025253499999999998,0.010772,0.0402845,0.0361142,0.045611900000000004
34,0.00344865,0.0582789,0.03637290000000001,0.0350206,0.0476442,0.039696300000000004,0.029738,0.00379589,0.00831967,0.0304603,0.00819662,0.015156600000000001,0.00295239,0.0480584,0.0062853,0.018800099999999997,0.42738699999999996,0.0940012,0.0529078,0.033479
35,0.049379,0.031383499999999995,0.0116091,0.0412962,0.0074123,0.0630898,0.0593126,0.336835,0.00660484,0.28197,0.0174499,0.00468474,0.000823653,0.00517166,0.00149508,0.004035,0.00422715,0.010161700000000001,0.0185328,0.0445256
36,0.00535467,0.016715099999999997,0.06264410000000001,0.038287,0.027786099999999998,0.024053,0.0149219,0.00524685,0.0243291,0.0161918,0.00670411,0.056605499999999996,0.004333399999999999,0.0756067,0.011406600000000001,0.15684700000000001,0.330581,0.057028800000000004,0.044393300000000004,0.0209643
37,0.0111556,0.0169749,0.638074,0.00619587,0.0352099,0.00313071,0.00144516,0.00678593,0.00285633,0.0105898,0.0188236,0.035492699999999995,0.0724189,0.0181708,0.004818600000000001,0.025027599999999997,0.024561799999999998,0.00265718,0.0572567,0.00835354
38,0.00842104,0.0160222,0.59464,0.00607679,0.021958099999999998,0.00665734,0.00142253,0.00483094,0.00484819,0.00908325,0.0175059,0.042732,0.04240580000000001,0.028801499999999997,0.00317112,0.0890845,0.0429351,0.00407781,0.0474675,0.00785872
39,0.052291599999999994,0.024008599999999998,0.0185525,0.011840799999999999,0.043374199999999995,0.0958413,0.09831160000000001,0.040171899999999997,0.0158554,0.00780348,0.0257173,0.0366705,0.00477746,0.268391,0.0207489,0.0324172,0.0676631,0.0792224,0.044491,0.011849700000000001
40,0.00129159,0.027787400000000004,0.00260936,0.00278133,0.00400499,0.00288533,0.032173,0.457683,0.00225004,0.00699155,0.00150033,0.00311685,0.0166162,0.0281889,0.00141813,0.00323692,0.00154369,0.145025,0.217887,0.041010500000000005
41,0.00425236,0.015472299999999998,0.00763986,0.5748449999999999,0.0682835,0.00651824,0.021809099999999998,0.0375184,0.0019272000000000002,0.0330535,0.0229297,0.041542,0.0147979,0.0180605,0.00743341,0.0295469,0.0225519,0.0026836,0.0397562,0.029378300000000003
42,0.00216743,0.15048,0.00367669,0.00261585,0.00583521,0.00299589,0.028006700000000002,0.0202734,0.018715400000000004,0.0085567,0.00257633,0.0239868,0.0221081,0.0435813,0.0174998,0.020307099999999998,0.0769845,0.48217,0.0425962,0.0248666
43,0.0022123,0.109723,0.00348306,0.00305482,0.00610305,0.00319682,0.0234452,0.00917303,0.0157537,0.00605475,0.00409927,0.0248102,0.00188386,0.07326669999999999,0.00693532,0.0186331,0.271136,0.31851,0.07782710000000001,0.0206979
44,0.06655230000000001,0.00421391,0.0335231,0.066605,0.0200594,0.0468087,0.0050182,0.00728158,0.0286166,0.00364928,0.0138002,0.23813499999999999,0.00652656,0.0927128,0.00682988,0.149624,0.144824,0.0133356,0.0383111,0.013572200000000001
45,0.48905299999999996,0.0291534,0.00207363,0.00475269,0.0614938,0.011918799999999998,0.0246048,0.03741219999999999,0.017098699999999998,0.0527148,0.05649969999999999,0.058495000000000005,0.00383595,0.0343727,0.028744400000000003,0.00945831,0.00123934,0.0007564589999999999,0.0395005,0.0368214
46,0.00502991,0.010688600000000001,0.01167,0.00555382,0.0251018,0.020159599999999996,0.00803824,0.00769678,0.104353,0.00477439,0.0419485,0.08662,0.00261682,0.209146,0.00831179,0.07837469999999999,0.234802,0.0655965,0.0532452,0.016272799999999997
47,0.00525292,0.0146797,0.00740834,0.580693,0.06451649999999999,0.00612512,0.0192702,0.0400304,0.00181299,0.0295193,0.0225917,0.0420201,0.013961099999999999,0.0200127,0.00834047,0.0305381,0.020919,0.00213588,0.038974199999999994,0.0311983
48,0.0447994,0.058735199999999994,0.022065500000000002,0.036444300000000006,0.013183000000000002,0.0373796,0.0168133,0.035047,0.0183241,0.51168,0.0367471,0.0585389,0.00137438,0.0058949,0.0023786,0.00289512,0.0177282,0.033067400000000004,0.00916694,0.0377372
49,0.00149864,0.14768499999999998,0.00311026,0.00399155,0.00628162,0.00288231,0.0254181,0.0165288,0.0202814,0.0144303,0.004456,0.027300599999999998,0.0206615,0.04235119999999999,0.0184195,0.0197531,0.079739,0.47416800000000003,0.042437300000000004,0.0286064
50,0.014581799999999999,0.014955000000000001,0.00983812,0.347555,0.06115509999999999,0.0102794,0.0037821999999999995,0.0367144,0.00235464,0.00804963,0.0311941,0.0564837,0.00672923,0.218831,0.00123423,0.048933199999999996,0.0330558,0.00595421,0.04966040000000001,0.0386579
51,0.0123363,0.0027225,0.0753995,0.0466489,0.00859957,0.00868019,0.00353438,0.00434886,0.023020500000000003,0.00204384,0.00821793,0.117296,0.00869602,0.05753200000000001,0.00375814,0.366937,0.19832,0.015068600000000001,0.0233583,0.0134822
52,0.020691499999999998,0.00202017,0.048589999999999994,0.0191389,0.00815185,0.052623800000000005,0.0101374,0.032518599999999995,0.05324580000000001,0.0050076,0.0107514,0.158218,0.0040365,0.214574,0.00855806,0.100449,0.143581,0.0460413,0.0529612,0.00870437
53,0.009670100000000001,0.012277,0.00675361,0.0304572,0.0135347,0.333748,0.160192,0.0200432,0.0114688,0.00138592,0.0286947,0.105066,0.0627485,0.025610200000000003,0.00590499,0.08663,0.014867600000000002,0.0366036,0.0252521,0.0090913
54,0.010779299999999999,0.00440798,0.0237975,0.0378558,0.197921,0.06715689999999999,0.0120637,0.105262,0.00552398,0.179147,0.104072,0.019661599999999998,0.00122774,0.0329895,0.00205883,0.00940866,0.114567,0.0144446,0.025421400000000004,0.032234399999999996
55,0.0354114,0.00406965,0.176929,0.00726596,0.058965199999999995,0.23355399999999998,0.00904456,0.0202303,0.020158099999999998,0.00341371,0.0210759,0.0643183,0.238263,0.0225576,0.00244521,0.0108249,0.00976659,0.00853686,0.015986700000000003,0.0371834
56,0.0269249,0.022406400000000003,0.00888449,0.368867,0.0484069,0.00532907,0.008812200000000001,0.00594783,0.12265799999999999,0.020511500000000002,0.015210900000000001,0.0736119,0.10411199999999998,0.00940411,0.024168900000000004,0.0104509,0.0427651,0.00694356,0.0482336,0.02635
57,0.04771330000000001,0.0332267,0.0090962,0.0444509,0.00720649,0.06283580000000001,0.06465030000000001,0.356883,0.00558179,0.268475,0.00733245,0.00613489,0.0008889519999999999,0.0049485,0.0012797000000000002,0.00348533,0.00377118,0.0114244,0.0169774,0.043636900000000006
58,0.0187761,0.7021609999999999,0.017431799999999997,0.0131336,0.00109283,0.00122184,0.00915365,0.0220382,0.00480552,0.040255900000000004,0.015009,0.022679400000000002,0.00760059,0.016606700000000002,0.000382471,0.0013004000000000002,0.020637799999999998,0.08170039999999999,0.00203749,0.00197538
59,0.0366565,0.00579485,0.192499,0.031623000000000005,0.0428546,0.0846067,0.00798787,0.00966177,0.016878900000000002,0.00212035,0.020492,0.116336,0.31061300000000003,0.015217099999999999,0.00607331,0.00886683,0.010001399999999999,0.0131149,0.0349949,0.0336069
60,0.0422874,0.00344312,0.00919499,0.062681,0.0178665,0.0113334,0.00665516,0.00565143,0.0128548,0.00961069,0.0249738,0.137193,0.0160096,0.0566102,0.00353265,0.399622,0.10946600000000001,0.0177481,0.033840800000000004,0.0194248
61,0.016335,0.012073700000000001,0.0994768,0.0340028,0.0246035,0.0462998,0.00405989,0.0285448,0.0397057,0.00132627,0.0237618,0.0343185,0.42523999999999995,0.013712700000000001,0.00755682,0.0367245,0.00773754,0.0471948,0.0460907,0.051234400000000006
62,0.0537264,0.00395365,0.007114499999999999,0.0343964,0.028343,0.06824880000000001,0.21908699999999998,0.09782880000000001,0.0247349,0.249656,0.032821499999999997,0.00598642,0.00209359,0.00790049,0.00177066,0.00667875,0.026610900000000003,0.0205833,0.0201599,0.0883044
63,0.06273730000000001,0.00563642,0.020803799999999997,0.00651676,0.052784300000000006,0.0089903,0.0155186,0.01341,0.134075,0.0134477,0.015655600000000002,0.0429112,0.0293118,0.10546199999999999,0.268841,0.0717337,0.0161327,0.042884500000000006,0.0355889,0.0375581
64,0.0194278,0.019036,0.00783942,0.027187700000000002,0.00999555,0.100879,0.0352166,0.260247,0.0137251,0.310176,0.026858499999999997,0.00952088,0.00127624,0.014619299999999998,0.002472,0.00581225,0.0134589,0.047783099999999995,0.0267476,0.0477208
65,0.0411797,0.00348957,0.00739481,0.0500588,0.0532155,0.10961300000000002,0.0212616,0.0913795,0.06966280000000001,0.018104,0.0223908,0.0482283,0.026617000000000002,0.220225,0.0827122,0.00934549,0.0215044,0.0250404,0.034318800000000003,0.0442585
66,0.027809399999999998,0.00512554,0.27278,0.0285418,0.050320699999999996,0.0772684,0.006702800000000001,0.010892,0.0246356,0.00851493,0.0201578,0.164733,0.026954500000000003,0.15216,0.0020632,0.034682099999999993,0.0240053,0.015268100000000001,0.0309351,0.016449099999999998
67,0.020453799999999998,0.703549,0.0171713,0.013145400000000002,0.00111916,0.00129693,0.00829465,0.021708,0.00536092,0.0400579,0.0151806,0.024218200000000002,0.00706415,0.0156156,0.00035905599999999996,0.0012594000000000001,0.0214766,0.0788848,0.00179312,0.00199114
68,0.00501957,0.019858400000000002,0.562982,0.00775524,0.025771699999999998,0.00532567,0.00349104,0.00341527,0.00517873,0.0153105,0.0130267,0.027527600000000003,0.0112138,0.0283305,0.00419824,0.0961909,0.107099,0.00679216,0.04535719999999999,0.00615595
69,0.0577485,0.0288387,0.0109192,0.037385,0.00768025,0.0605567,0.043830400000000005,0.29411,0.010198899999999999,0.315808,0.028295400000000002,0.00535109,0.0010755,0.00657677,0.00174975,0.00534336,0.004722,0.014765299999999999,0.0188476,0.046197800000000004
70,0.00146998,0.0201078,0.00248847,0.00303388,0.00423951,0.0034728000000000003,0.0320923,0.46951099999999996,0.00257544,0.00708843,0.00145441,0.00232766,0.0146437,0.027371,0.00153079,0.00344708,0.00140576,0.140438,0.219085,0.042216699999999996
71,0.027929500000000003,0.0086012,0.351412,0.0124243,0.0455379,0.0381278,0.00375336,0.0100345,0.0122477,0.017938299999999997,0.0252992,0.17435499999999998,0.096093,0.055938800000000004,0.00829834,0.0206178,0.014902200000000003,0.012203299999999999,0.0416039,0.0226815
72,0.185358,0.00271143,0.00551564,0.00274725,0.0698369,0.370086,0.033257199999999994,0.0356931,0.0164352,0.043981,0.0415906,0.053282,0.022743799999999998,0.0405691,0.00445462,0.005789,0.00332077,0.00191489,0.0182023,0.0425118
73,0.303777,0.0269249,0.00697388,0.00626708,0.0158931,0.0177168,0.0234053,0.0386923,0.00909039,0.154064,0.235619,0.0429969,0.00172259,0.0134816,0.00205804,0.0249005,0.00264585,0.00250653,0.0220915,0.0491736
74,0.0441348,0.06438540000000001,0.021327900000000004,0.0350962,0.0122367,0.041599699999999996,0.0205394,0.041550199999999995,0.0165175,0.5056069999999999,0.0245794,0.05774410000000001,0.00142576,0.00546483,0.00257843,0.00330374,0.0193253,0.0352466,0.00869296,0.038644599999999994
75,0.014149100000000001,0.00210701,0.00729136,0.0005926530000000001,0.058819500000000004,0.641402,0.0325166,0.030880200000000003,0.00951794,0.0281348,0.0259671,0.0364404,0.0230394,0.0220891,0.000531001,0.0126243,0.016016100000000002,0.00184193,0.00604685,0.029992200000000004
76,0.0125305,0.00241862,0.386314,0.00332058,0.00928048,0.0114301,0.00389272,0.00443118,0.0182648,0.00568387,0.0374345,0.00952755,0.034790100000000004,0.03691780000000001,0.0011749,0.322738,0.061595000000000004,0.00447828,0.028094400000000002,0.00568211
77,0.0201376,0.0167028,0.111851,0.030285700000000002,0.045478899999999996,0.0481835,0.00266522,0.0275237,0.0285707,0.00104003,0.018451099999999998,0.034824400000000005,0.466045,0.004464500000000001,0.0056207,0.00449598,0.00235165,0.0321028,0.0495356,0.0496694
78,0.025786200000000002,0.00298812,0.008617399999999999,0.00629774,0.0300712,0.48949499999999996,0.12773800000000002,0.0317568,0.0153914,0.0138789,0.030824,0.03352569999999999,0.022663299999999997,0.0772745,0.00426441,0.027453500000000002,0.0204077,0.00560089,0.0197334,0.00623149
79,0.021693599999999997,0.632236,0.0127376,0.0161861,0.00236199,0.00257377,0.0072682,0.030216900000000005,0.00973779,0.040959300000000004,0.019597,0.021841299999999998,0.010140999999999999,0.02271,0.000654842,0.00363122,0.024764500000000002,0.10818399999999999,0.00418416,0.00832068
80,0.00611196,0.021475599999999997,0.649175,0.00368938,0.0339993,0.00158917,0.00205742,0.013856899999999998,0.00812066,0.013857099999999999,0.0202123,0.0137779,0.0467303,0.0192403,0.00925289,0.047811900000000004,0.0288572,0.00229385,0.05375119999999999,0.00413964
81,0.087089,0.0135846,0.0100044,0.010362799999999998,0.0104681,0.0650797,0.199098,0.0249519,0.178472,0.0316422,0.0162425,0.012411,0.011448,0.013937999999999999,0.0649388,0.049756699999999994,0.0305944,0.11971099999999998,0.0412516,0.00895496
82,0.029186200000000002,0.00168924,0.0239245,0.042500800000000005,0.40254,0.0712931,0.013149600000000001,0.0228309,0.0211574,0.168683,0.0217842,0.0244697,0.00194882,0.0125371,0.00501879,0.00273863,0.06953250000000001,0.00418659,0.0159015,0.0449274
83,0.060708000000000005,0.0118146,0.0263678,0.0176854,0.0319946,0.0446705,0.014340799999999999,0.018638099999999998,0.033542,0.00625012,0.021084000000000002,0.18676099999999998,0.0041392,0.287667,0.00525655,0.0411017,0.074246,0.0460669,0.054464599999999995,0.0132011
84,0.02285,0.0016974,0.19261099999999998,0.0141631,0.0410217,0.231825,0.00399684,0.0176343,0.0138846,0.021586,0.0233016,0.10478,0.121708,0.0486106,0.00295033,0.0179825,0.016509700000000002,0.011681100000000002,0.018275599999999996,0.0729308
85,0.159909,0.021935299999999998,0.0177419,0.198685,0.0405263,0.0154024,0.0058832,0.00448124,0.06248530000000001,0.0229269,0.0156805,0.183002,0.0376069,0.0501513,0.00915478,0.027791500000000004,0.049033600000000004,0.00440022,0.0522452,0.0209574
86,0.030218400000000003,0.0159211,0.0120201,0.312103,0.0466255,0.0107131,0.00505045,0.00331256,0.11196500000000001,0.0239651,0.013675,0.122794,0.0471851,0.026512599999999997,0.0176576,0.0187915,0.100334,0.00767936,0.0512746,0.0222016
87,0.0226423,0.000536739,0.037663300000000004,0.0250672,0.0450591,0.00297872,0.0159087,0.0832591,0.00925627,0.00372089,0.013673300000000001,0.024068700000000002,0.0182838,0.028257900000000002,0.000812949,0.00726429,0.0188078,0.036021,0.578637,0.0280807
88,0.00582005,0.0229414,0.647063,0.00379284,0.0322996,0.00177437,0.00201971,0.013613499999999999,0.00870394,0.0148265,0.0192669,0.0127134,0.045593,0.018897900000000002,0.0117773,0.047979,0.0306651,0.00251222,0.0536795,0.00406057
89,0.0129714,0.0670199,0.00440235,0.006578699999999999,0.00321958,0.00995154,0.0148465,0.057053099999999995,0.0265449,0.288573,0.032324200000000004,0.0744028,0.00159384,0.03596459999999999,0.0044878,0.013200499999999999,0.0144637,0.268314,0.0260851,0.038002600000000004
90,0.034604199999999995,0.000385582,0.013619200000000001,0.0334983,0.5402279999999999,0.03925019999999999,0.00354692,0.010609799999999999,0.019878299999999998,0.00371143,0.0245117,0.010728299999999998,0.0173316,0.0209639,0.033101099999999994,0.00368092,0.014774500000000001,0.00701175,0.0491637,0.119401
91,0.00130342,0.0287863,0.00242406,0.00250457,0.00417043,0.00341608,0.0327541,0.45923,0.00202386,0.00642819,0.00135051,0.00293775,0.0159888,0.026831900000000002,0.00148263,0.00390359,0.00140841,0.145902,0.216453,0.0407005
92,0.00437103,0.0163238,0.00641604,0.570284,0.0654984,0.00598577,0.023425599999999998,0.040468800000000006,0.00130631,0.0308337,0.022564599999999997,0.044104500000000005,0.014464,0.0195379,0.00848425,0.029774000000000002,0.0216725,0.00249504,0.0409276,0.031062299999999998
93,0.0546332,0.0018986,0.025321200000000002,0.0141605,0.09326160000000001,0.00470802,0.00248423,0.00457206,0.0183774,0.0036344000000000003,0.00571537,0.0293476,0.00476865,0.00544474,0.6428649999999999,0.00625432,0.00850329,0.0214179,0.010609299999999999,0.0420224
94,0.0189997,0.00853919,0.0746428,0.0382423,0.015100299999999999,0.00637815,0.010021200000000001,0.015841,0.034655,0.00355626,0.0273416,0.00697834,0.397343,0.0427711,0.00465969,0.140684,0.0380251,0.0373116,0.04000069999999999,0.038909
95,0.00541297,0.00112094,0.00389597,0.00586556,0.00727214,0.00743708,0.00479591,0.00790047,0.07356499999999999,0.00236392,0.00851665,0.148971,0.000869665,0.17242000000000002,0.0103735,0.1568,0.266263,0.062434699999999996,0.0464155,0.00730714
96,0.49613199999999996,0.0325162,0.00271768,0.00379629,0.05862130000000001,0.0122634,0.027447700000000002,0.037202,0.0161608,0.0515991,0.053209400000000004,0.0546534,0.004557899999999999,0.034204000000000005,0.028503399999999998,0.00960111,0.00122903,0.000965013,0.0355814,0.039039199999999996
97,0.00619315,0.00275685,0.015647,0.00741767,0.302213,0.0101709,0.00953546,0.00804637,0.031443599999999995,0.00384438,0.0778283,0.0267171,0.026948000000000003,0.039832099999999995,0.025312599999999998,0.00970095,0.019984900000000003,0.1355,0.0470133,0.193895
98,0.0113632,0.00256901,0.424558,0.00255938,0.00861916,0.0112501,0.00424931,0.00511804,0.0168384,0.00585003,0.03748,0.00938065,0.0338751,0.03783619999999999,0.00119521,0.286579,0.060026300000000005,0.00407924,0.0308183,0.00575452
99,0.00663704,0.00763843,0.00433164,0.0381485,0.016528099999999997,0.017432,0.00635575,0.00778609,0.07306499999999999,0.014191299999999999,0.00965329,0.14668299999999998,0.00395962,0.153087,0.0120295,0.0831754,0.265892,0.07078939999999999,0.0508911,0.0117255
100,0.0192834,0.702795,0.0162572,0.0124493,0.00104917,0.00121982,0.00856068,0.0215987,0.00483281,0.0410904,0.0157039,0.023755900000000003,0.00662618,0.0167184,0.000390805,0.00148716,0.0205703,0.08149760000000002,0.00208505,0.00202785
101,0.039121699999999995,0.0008158989999999999,0.00369973,0.0324933,0.0305328,0.0412063,0.0012669,0.0690955,0.0246542,0.043718599999999996,0.034723699999999996,0.00694407,0.030654700000000003,0.027354200000000002,0.0200445,0.00485136,0.019230900000000002,0.034493199999999995,0.062434500000000004,0.47266400000000003
102,0.0190022,0.0160796,0.113723,0.0305936,0.045220800000000005,0.0468274,0.00337261,0.0276181,0.030632999999999997,0.000803696,0.017558700000000003,0.034004,0.46521999999999997,0.00391177,0.00593034,0.00479204,0.00249049,0.033157400000000004,0.0487015,0.0503599
103,0.03312,0.000387459,0.00372455,0.029400799999999998,0.498802,0.0415766,0.00116353,0.013169899999999998,0.0184708,0.00541441,0.0257481,0.00515817,0.015438999999999998,0.0219813,0.0351222,0.00432726,0.0139655,0.00950225,0.0454052,0.178121
104,0.00642111,0.0187676,0.6529550000000001,0.00359238,0.028612400000000003,0.00163774,0.00160557,0.0133672,0.00921543,0.015226400000000001,0.0208327,0.012990200000000002,0.0458812,0.0187688,0.0106728,0.051621,0.0294658,0.00181882,0.0521951,0.00435316
105,0.0015520999999999998,0.172574,0.00318089,0.00248339,0.00336012,0.00324246,0.0397815,0.078933,0.014230200000000002,0.010885200000000001,0.00293876,0.012942799999999999,0.0388228,0.038625,0.00586473,0.020666900000000002,0.0223903,0.456056,0.0467298,0.0247407
106,0.019271,0.016284899999999998,0.113227,0.029138099999999997,0.043123400000000006,0.04619330000000001,0.00378163,0.0262721,0.0310573,0.00105276,0.0192781,0.032987,0.47013,0.00425961,0.00608511,0.00508759,0.00260035,0.0339552,0.0488047,0.0474108
107,0.0100585,0.016317099999999998,0.645798,0.00512827,0.0322399,0.00204166,0.00138593,0.00654505,0.00336893,0.010956,0.017968099999999997,0.029976,0.067107,0.018294900000000003,0.00590166,0.035693300000000004,0.0262014,0.00246967,0.055201599999999997,0.00734734
108,0.038180599999999995,0.00048183,0.00366552,0.0316394,0.030098200000000002,0.041161500000000004,0.00145747,0.0701345,0.025289,0.0424786,0.0338951,0.00721807,0.031687099999999996,0.0260067,0.0222069,0.00448762,0.018462700000000002,0.0364265,0.0566275,0.47839499999999996
109,0.25610900000000003,0.0146387,0.015539700000000002,0.030010400000000003,0.0529922,0.0310226,0.00815469,0.0219268,0.0107486,0.0137203,0.0296235,0.108098,0.013828,0.255488,0.00284516,0.027209800000000003,0.00926199,0.00356785,0.067072,0.0281441
110,0.034561,0.0117956,0.092369,0.043787900000000005,0.00805277,0.017456299999999998,0.012687799999999999,0.00847724,0.026446299999999996,0.00496899,0.0306459,0.024886000000000002,0.014642500000000001,0.036831199999999994,0.00299016,0.48332200000000003,0.095953,0.013516399999999998,0.023537799999999998,0.013072499999999999
111,0.0458081,0.0713337,0.021062599999999997,0.0331952,0.00547881,0.037422699999999996,0.00817873,0.0176947,0.0181604,0.517018,0.04506690000000001,0.06329159999999999,0.00120349,0.00651484,0.00228237,0.00444218,0.017301,0.0352709,0.0115918,0.0376818
112,0.0529572,0.00238615,0.0273872,0.017264500000000002,0.09549169999999998,0.00394287,0.00394089,0.00463077,0.0156488,0.00388783,0.00527903,0.0280995,0.00491545,0.00371109,0.645262,0.00533227,0.00831099,0.021806799999999998,0.00631536,0.0434299
113,0.030520299999999997,0.011531999999999999,0.0874653,0.0441281,0.0067596999999999996,0.016120500000000003,0.0123349,0.00779057,0.0274117,0.00444531,0.0357565,0.0295748,0.0172227,0.041951999999999996,0.00252437,0.470316,0.10154500000000001,0.0140533,0.0269228,0.011624299999999999
114,0.048572699999999996,0.030890499999999998,0.0113525,0.0427962,0.00721429,0.058146,0.0653726,0.392818,0.00531079,0.22540100000000002,0.011387399999999999,0.00464515,0.000841038,0.0058812,0.00126641,0.00434688,0.00397787,0.0118328,0.0253489,0.0425981
115,0.0102104,0.07243089999999999,0.00649913,0.00524056,0.0048338,0.00832492,0.0123452,0.012358200000000001,0.0214,0.40043,0.00653531,0.10521099999999999,0.0014060000000000001,0.0139924,0.00379924,0.00426196,0.014672999999999999,0.245729,0.012728399999999999,0.0375901
116,0.489626,0.0317839,0.00313583,0.00366262,0.0624203,0.010522799999999999,0.0244021,0.03785669999999999,0.0163942,0.052443899999999995,0.0537797,0.057719799999999995,0.00360075,0.035090300000000005,0.0326548,0.00919944,0.00118743,0.000995513,0.039005,0.0345183
117,0.025291499999999998,0.00457726,0.012709100000000001,0.06059640000000001,0.00885468,0.0169083,0.00582338,0.00565443,0.0193433,0.00369594,0.0160335,0.15173599999999998,0.00722367,0.0612889,0.0041132,0.376456,0.15696,0.016128399999999998,0.0261341,0.0204716
118,0.0149953,0.00201195,0.014533299999999999,0.050140699999999996,0.0119287,0.0135378,0.00340144,0.00583506,0.032284600000000004,0.00187966,0.0100061,0.18545599999999998,0.00290987,0.09353819999999999,0.006442,0.281453,0.204335,0.024303400000000003,0.026561599999999998,0.0144466
119,0.014181000000000001,0.00182151,0.00486984,0.0005418980000000001,0.0606154,0.650159,0.0308339,0.0331228,0.00998097,0.028810900000000004,0.0239607,0.0358684,0.0211781,0.020630900000000004,0.00066953,0.00964782,0.015065799999999999,0.00194938,0.00552732,0.030564499999999998
120,0.0125455,0.00298935,0.026807099999999997,0.00334429,0.0151222,0.0195113,0.013053,0.00716948,0.104644,0.00630935,0.0206027,0.08827339999999999,0.00438821,0.111351,0.00950601,0.20833800000000002,0.247481,0.0450634,0.0406218,0.012879399999999997
121,0.029467,0.00140127,0.0275834,0.041687699999999994,0.36299699999999996,0.07009580000000001,0.0136019,0.024490099999999997,0.0214627,0.197326,0.0249911,0.0228862,0.001325,0.0116238,0.00444847,0.0032843000000000004,0.07471989999999999,0.00454027,0.0183148,0.0437532
122,0.00415094,0.0150162,0.00770867,0.576447,0.0630646,0.0068146,0.019358,0.039951099999999996,0.00147693,0.0317353,0.0218614,0.045183999999999995,0.014218100000000001,0.0197917,0.00926931,0.027710500000000002,0.0227293,0.00356449,0.038106400000000006,0.0318414
123,0.0340431,0.0007279319999999999,0.0300375,0.0406027,0.590159,0.0420051,0.0102492,0.0113365,0.016342600000000002,0.00194607,0.021950400000000002,0.0319317,0.0188231,0.023257299999999998,0.0285837,0.00217114,0.0111354,0.00236012,0.055198500000000005,0.0271384
124,0.0115294,0.00512653,0.018132,0.045045499999999995,0.18345899999999998,0.042298,0.0183429,0.245581,0.00565383,0.0401937,0.106644,0.07087710000000001,0.00971979,0.0442414,0.0043078000000000005,0.00905644,0.047698000000000004,0.00673388,0.0412963,0.044064
125,0.311402,0.023559200000000002,0.00556075,0.028085099999999998,0.049514499999999996,0.027023900000000003,0.0091758,0.00471083,0.010463799999999999,0.0362981,0.027969400000000002,0.259415,0.00617899,0.06406519999999999,0.0115794,0.018719,0.028018,0.00263189,0.0538281,0.0218019
126,0.00521969,0.0170055,0.00706681,0.577176,0.0655407,0.00639586,0.0199755,0.0403291,0.00203845,0.029839400000000002,0.022372200000000002,0.042636400000000005,0.012634600000000001,0.0194843,0.007651300000000001,0.028975400000000002,0.0219722,0.00231288,0.039863300000000004,0.0315108
127,0.0249387,0.00492346,0.116126,0.14488299999999998,0.0456662,0.107174,0.00437324,0.0169697,0.0160183,0.0107155,0.030860400000000003,0.09930399999999999,0.0100054,0.158689,0.00101853,0.10707699999999999,0.0431297,0.00898254,0.0238196,0.025327099999999998
128,0.00476752,0.00592733,0.00850651,0.00939113,0.011509299999999998,0.0135845,0.007271,0.00868728,0.0672071,0.00360725,0.0101892,0.13201500000000002,0.00287503,0.214002,0.00947381,0.09731039999999999,0.25199499999999997,0.0758102,0.057370000000000004,0.00850038
129,0.0231814,0.00061594,0.0372661,0.0232233,0.0466644,0.0030824999999999997,0.015537700000000002,0.08201599999999999,0.00988577,0.00354829,0.01406,0.0239777,0.0192174,0.0270973,0.000742099,0.00821002,0.0187595,0.034957800000000004,0.57598,0.0319765
130,0.00649992,0.00215448,0.00597745,0.03761880000000001,0.0109539,0.010187200000000002,0.00401929,0.00594482,0.0461936,0.00381865,0.00793345,0.162906,0.00270384,0.121972,0.00789131,0.206281,0.262367,0.044092400000000004,0.0403799,0.010106100000000002
131,0.027404599999999998,0.00393178,0.017319099999999997,0.00606937,0.0618297,0.44521700000000003,0.0276871,0.0102794,0.020081900000000003,0.0350976,0.025515200000000002,0.0319974,0.0128833,0.040607800000000006,0.00403545,0.021831,0.14299,0.011386499999999999,0.0188014,0.0350344
132,0.00192756,0.145343,0.00302181,0.00405043,0.00523378,0.00334157,0.027720799999999997,0.015391,0.0186546,0.01326,0.00463007,0.0260055,0.021789700000000002,0.041535199999999994,0.0206595,0.018571599999999997,0.07772489999999999,0.47671099999999994,0.0432631,0.0311659
133,0.048613300000000005,0.0108829,0.023715299999999998,0.013658199999999999,0.0544192,0.05559890000000001,0.0378558,0.00652345,0.274275,0.0295952,0.0612765,0.0136681,0.0090708,0.027705900000000002,0.00724522,0.0716232,0.151849,0.0166702,0.045233800000000005,0.040519599999999996
134,0.0114756,0.0565663,0.017365400000000003,0.0146607,0.0146024,0.0166926,0.00968115,0.05319019999999999,0.019690700000000002,0.026127499999999998,0.0201656,0.053871800000000004,0.00346749,0.266944,0.00425363,0.0254176,0.0818849,0.208875,0.069377,0.0256904
135,0.031476,0.00567526,0.24527,0.0252834,0.0464056,0.06802910000000001,0.00372684,0.009682399999999999,0.0194923,0.0142738,0.023143900000000002,0.22524699999999998,0.0510279,0.09408150000000001,0.00413631,0.045646,0.0202146,0.0160601,0.03265440000000001,0.0184737
136,0.0143716,0.00130302,0.00627778,0.000622677,0.0570205,0.643455,0.031145,0.0318804,0.010388,0.0300107,0.025592900000000002,0.0345447,0.023413099999999996,0.020181499999999998,0.0007296480000000001,0.0106565,0.0180329,0.0017122,0.00633079,0.0323313
137,0.0481319,0.00771389,0.0302014,0.00211352,0.0135374,0.0738743,0.028896699999999997,0.012799600000000001,0.126643,0.00813811,0.0274612,0.060506399999999995,0.00702369,0.0743239,0.020506200000000002,0.22492399999999999,0.15232,0.033852600000000004,0.034125800000000005,0.0129061
138,0.031024700000000002,0.0114444,0.09916710000000001,0.0443717,0.0062669,0.013231999999999999,0.0139482,0.00780421,0.0233172,0.00550695,0.0298798,0.023730900000000003,0.0199021,0.039524699999999996,0.00329059,0.47345,0.100993,0.016952900000000003,0.024684599999999998,0.011508200000000001
139,0.037894300000000006,0.0030574,0.0323004,0.00710599,0.0250606,0.27118400000000004,0.0185635,0.0130609,0.022081599999999996,0.0141795,0.0358657,0.0919574,0.028850099999999997,0.047994199999999994,0.00290695,0.22589499999999998,0.032568,0.00909821,0.023909,0.0564664
140,0.41125500000000004,0.0129179,0.00461992,0.013659899999999999,0.0224638,0.0180676,0.028762,0.045246499999999995,0.0236449,0.053459900000000005,0.06761339999999999,0.0564757,0.00355491,0.0528922,0.0191785,0.08394910000000001,0.00406367,0.00198021,0.043237300000000006,0.0329573
141,0.0195857,0.703951,0.015241999999999999,0.0122936,0.00105448,0.00118136,0.00740312,0.022044499999999998,0.00493953,0.0403981,0.0152606,0.0236284,0.00726336,0.0158345,0.000363611,0.00128998,0.0211165,0.0830646,0.00192862,0.00215633
142,0.0870297,0.0146816,0.0145941,0.0024284000000000003,0.023743900000000002,0.0227755,0.05460740000000001,0.10663800000000001,0.232102,0.158165,0.0311089,0.008067399999999999,0.014284200000000002,0.012806,0.0461937,0.0133548,0.012679000000000001,0.0770113,0.028925299999999998,0.0388041
143,0.052381500000000004,0.0021801999999999998,0.0210658,0.00311675,0.09837439999999999,0.00371039,0.00398978,0.00372316,0.0443078,0.00471607,0.00529435,0.025174900000000004,0.00957597,0.00771433,0.633993,0.00480758,0.00423572,0.0218983,0.010617399999999999,0.039122500000000004
144,0.192904,0.00499729,0.0115646,0.00405175,0.0614822,0.31351799999999996,0.041458499999999995,0.0341452,0.0132024,0.0396418,0.0376425,0.053234800000000006,0.027156599999999996,0.053246400000000006,0.0255089,0.010290100000000002,0.00560439,0.00629146,0.02271,0.0413502
145,0.0142513,0.00220449,0.0320142,0.0315142,0.00972817,0.434788,0.0547686,0.00848056,0.0102169,0.001508,0.024553,0.138716,0.060599099999999996,0.039263,0.00265093,0.0746888,0.0176274,0.00719527,0.0189435,0.016288999999999998
146,0.111507,0.00749414,0.0149327,0.00252923,0.00711598,0.029408499999999997,0.062386300000000006,0.0312594,0.336957,0.0245261,0.00517544,0.00721069,0.0230792,0.014880299999999999,0.104901,0.024221200000000002,0.0138509,0.127338,0.0385501,0.0126767
147,0.032622399999999996,0.0037294000000000003,0.168492,0.035700800000000005,0.0487636,0.0835307,0.00286687,0.00812247,0.058035699999999996,0.00769089,0.0180233,0.189399,0.0294416,0.105627,0.0058433,0.09548580000000001,0.0432307,0.019337599999999996,0.024868099999999997,0.0191886
148,0.0361186,0.00451239,0.175963,0.023983,0.0238532,0.08863589999999999,0.013517600000000001,0.0101627,0.043717,0.0162911,0.0494288,0.010332299999999999,0.0247992,0.0515375,0.0022035999999999996,0.324677,0.0423216,0.00973974,0.0328265,0.0153797
149,0.036675400000000004,0.0008099019999999999,0.0275677,0.039435500000000005,0.594787,0.0445099,0.00999046,0.0109276,0.0161463,0.00193828,0.023167,0.0325109,0.0195525,0.0231282,0.0288372,0.00164897,0.0106166,0.0027984999999999998,0.0490618,0.025890499999999997
150,0.0367608,0.00069269,0.0275752,0.0408142,0.591558,0.041007300000000003,0.0116261,0.0137566,0.0160621,0.00208728,0.020845500000000003,0.0295856,0.0192632,0.023648699999999998,0.0333202,0.00141181,0.0124615,0.00236191,0.049647000000000004,0.0255144
151,0.0132886,0.00237308,0.00964644,0.0584961,0.010968899999999998,0.008794100000000001,0.00440503,0.00465433,0.0241665,0.00322764,0.010790799999999998,0.16129100000000002,0.010265,0.0684067,0.00400915,0.34652,0.196485,0.018751300000000002,0.028692000000000002,0.014768700000000001
152,0.0560971,0.00246909,0.0254365,0.0187921,0.10402,0.004236800000000001,0.00361559,0.00509409,0.014671799999999999,0.0041477,0.00564507,0.030066100000000002,0.00504911,0.00380649,0.633502,0.00418873,0.00636585,0.021007400000000002,0.00904642,0.0427425
153,0.0423517,0.060425900000000005,0.0216763,0.033271800000000004,0.0161868,0.0458995,0.0171759,0.03831180000000001,0.0158375,0.5108050000000001,0.0278572,0.055864300000000006,0.00067346,0.00466197,0.00240624,0.003950199999999999,0.0184935,0.0347337,0.010853299999999998,0.03856369999999999
