site,A,C,D,E,F,G,H,I,K,L,M,N,P,Q,R,S,T,V,W,Y
1,0.0535727,0.057438499999999997,0.048358,0.038299900000000005,0.0131922,0.00973947,0.0289113,0.0359457,0.0358657,0.00519722,0.513368,0.00839353,0.0153646,0.023949599999999998,0.00395968,0.00756823,0.034482900000000004,0.039990899999999996,0.0116967,0.0147047
2,0.0755192,0.042612699999999996,0.0512649,0.046996300000000005,0.0109437,0.00583952,0.026019599999999997,0.054921300000000006,0.0393471,0.0245129,0.46551099999999995,0.00319391,0.0139352,0.025970499999999997,0.00392645,0.00398605,0.034400099999999996,0.0487309,0.0097631,0.0126052
3,0.11468199999999999,0.0038758000000000004,0.059028899999999995,0.0769325,0.00562671,0.033680800000000004,0.00817627,0.0239414,0.133787,0.00522583,0.00612714,0.0204375,0.208468,0.07509060000000001,0.06872310000000001,0.0471718,0.0607625,0.0366771,0.00419254,0.00739236
4,0.0232308,0.00329518,0.0070839,0.00396482,0.47269700000000003,0.00214241,0.00750239,0.142771,0.00983406,0.08562180000000001,0.0245166,0.00558448,0.00815419,0.00813115,0.0107547,0.00642259,0.0100425,0.11148699999999999,0.0122447,0.044519699999999995
5,0.0762059,0.0160072,0.00814835,0.0116148,0.033882499999999996,0.00997957,0.00958023,0.325679,0.00849315,0.196921,0.040177199999999996,0.012557200000000001,0.00144414,0.020644,0.00635036,0.00325255,0.021719099999999998,0.13892000000000002,0.0210807,0.037342900000000005
6,0.0710625,0.0088979,0.00950119,0.0130166,0.0787517,0.00782389,0.0342902,0.0749793,0.008037,0.144209,0.029269299999999998,0.0388107,0.00128416,0.00904216,0.0030960000000000002,0.0074754999999999995,0.0482361,0.194523,0.100786,0.116908
7,0.0231902,0.00496249,0.049340300000000004,0.0357888,0.126398,0.0843378,0.00306064,0.241102,0.00241893,0.271328,0.103027,0.00197464,0.000477221,0.00463631,0.00105391,0.0142434,0.00364541,0.00693168,0.010606200000000001,0.0114765
8,0.184394,0.0297624,0.0148845,0.028263599999999996,0.0437031,0.0138033,0.011037200000000002,0.120886,0.00987713,0.220729,0.101122,0.00578639,0.000970178,0.0156602,0.00336886,0.00874539,0.0576545,0.09006360000000001,0.00655887,0.0327295
9,0.12144200000000001,0.0492498,0.00812897,0.021831200000000002,0.04543730000000001,0.011859,0.00772799,0.134053,0.00842725,0.211356,0.144901,0.00322307,0.000754039,0.0110729,0.00185993,0.00574089,0.0443106,0.0767509,0.0392762,0.05259730000000001
10,0.155749,0.0312607,0.00980708,0.0245542,0.0414018,0.0147452,0.011039700000000001,0.131873,0.00990369,0.210681,0.12043399999999999,0.00392578,0.000535111,0.0146202,0.00211847,0.00743082,0.0617076,0.10494300000000001,0.00741138,0.035857099999999996
11,0.0332519,0.00145562,0.00851724,0.00402372,0.45326000000000005,0.00267469,0.00782317,0.131211,0.00558775,0.0841547,0.043214999999999996,0.00164632,0.00414552,0.00906515,0.00396354,0.013101,0.00626825,0.12583699999999998,0.00997292,0.0508264
12,0.151435,0.0217558,0.021621099999999997,0.0308297,0.044489,0.013822999999999998,0.014880200000000001,0.10603199999999999,0.00783281,0.16253099999999998,0.09885160000000001,0.0119598,0.000975492,0.0173541,0.00453306,0.0215293,0.0966605,0.11164600000000001,0.0256717,0.0355881
13,0.193676,0.15475799999999998,0.00558607,0.00675309,0.00464311,0.12677,0.0318066,0.00664164,0.04038680000000001,0.00705636,0.0168231,0.0091159,0.00304731,0.0491201,0.00100505,0.0752503,0.0902707,0.170015,0.00538446,0.00189054
14,0.05574,0.0340477,0.018853900000000003,0.010040899999999998,0.007011,0.08976519999999999,0.054536,0.029035200000000004,0.0123042,0.00269294,0.00543747,0.00746588,0.0012532,0.0315888,0.00255273,0.153024,0.172552,0.285619,0.010975299999999999,0.015503999999999999
15,0.0567384,0.00629432,0.08636369999999999,0.014512899999999999,0.021704499999999998,0.06918869999999999,0.0316718,0.0282731,0.11478900000000002,0.0126654,0.0118294,0.137426,0.00691079,0.113014,0.0676537,0.026792200000000002,0.103351,0.0111455,0.030736900000000004,0.048938800000000005
16,0.405403,0.00477086,0.00343593,0.00159667,0.00557034,0.253155,0.040683699999999996,0.00600353,0.011227299999999999,0.00457999,0.0303436,0.00695861,0.00259483,0.07876110000000001,0.000936402,0.12475699999999999,0.00176119,0.00357033,0.00427403,0.00961692
17,0.00459713,0.0515519,0.551693,0.00535283,0.0380176,0.00383747,0.00589737,0.038388099999999994,0.0240993,0.050898900000000004,0.035634,0.00143846,0.06063430000000001,0.0223568,0.036760400000000006,0.014412799999999998,0.027740800000000003,0.00372676,0.0209167,0.00204572
18,0.0381706,0.00580414,0.0305874,0.06905,0.08643669999999999,0.00277668,0.00545417,0.00754589,0.14412,0.00539698,0.00832445,0.0118986,0.105491,0.183791,0.135024,0.0210973,0.0719252,0.0171554,0.00368425,0.0462662
19,0.028112599999999998,0.016480900000000003,0.038373000000000004,0.0345931,0.00832203,0.039219800000000006,0.017312900000000003,0.619584,0.00366306,0.08266649999999999,0.00750706,0.00395909,0.00277508,0.015069899999999999,0.0066789,0.00282338,0.0019114000000000002,0.0250417,0.0100391,0.0358664
20,0.012437799999999999,0.696285,0.0303024,0.0220526,0.00299302,0.0007331260000000001,0.0217416,0.0110842,0.00228219,0.0207387,0.0606506,0.011445799999999999,0.00731124,0.0107831,0.000297429,0.00236404,0.0485958,0.0368273,0.0008222189999999999,0.00025172
21,0.0147162,0.00807144,0.0129315,0.00664132,0.0291858,0.0200726,0.028346499999999997,0.608581,0.00401374,0.0351032,0.00233716,0.0028591999999999997,0.0268024,0.0232095,0.010706499999999999,0.00669199,0.00126198,0.112764,0.018194400000000003,0.027509500000000003
22,0.0119808,0.00043306400000000004,0.000601139,0.000285645,0.0903282,0.709525,0.010695,0.020580599999999998,0.00224112,0.034823400000000004,0.037801,0.0465827,0.00343592,0.0065471,0.000128444,0.00101925,0.0021907,0.000373521,0.00230784,0.0181194
23,0.0322744,0.000552051,0.00163483,0.0245892,0.023793900000000003,0.035722199999999996,0.000639705,0.04836,0.0113595,0.0436987,0.0486968,0.00183723,0.00983199,0.0161846,0.0118546,0.00221626,0.013569399999999999,0.05035630000000001,0.10726,0.5155689999999999
24,0.06424969999999999,0.018801,0.026256599999999998,0.045719199999999995,0.020130099999999998,0.048961300000000006,0.355923,0.0160077,0.0112343,0.137299,0.0192637,0.00639946,0.0015456,0.13434400000000002,0.0024044,0.0123961,0.036094,0.022020400000000002,0.018737200000000002,0.0022129000000000003
25,0.323524,0.0121985,0.00528865,0.00347802,0.0049835,0.0436865,0.060592499999999994,0.0058042,0.0100421,0.00537992,0.015541,0.00355666,0.0033646,0.05435369999999999,0.00407365,0.403889,0.021931799999999998,0.00259918,0.00888822,0.0068238
26,0.007124800000000001,0.0204436,0.015092600000000001,0.0686227,0.0363087,0.0253373,0.0140686,0.00282419,0.0033092,0.026143,0.0330586,0.46583800000000003,0.0102231,0.037944099999999994,0.0246027,0.00876012,0.143488,0.0261356,0.025861400000000003,0.00481434
27,0.07364730000000001,0.023161,0.00233925,0.023137599999999998,0.0422036,0.135649,0.00175474,0.00117247,0.00078712,0.0158269,0.034084199999999995,0.554034,0.0077851,0.027744599999999998,0.010392100000000001,0.00769948,0.0052328,0.012198700000000002,0.0194678,0.00168197
28,0.0241341,0.013756799999999998,0.0403207,0.0635752,0.003721,0.04869930000000001,0.0834119,0.0229543,0.0299253,0.00185991,0.0302991,0.061397,0.00139303,0.0506138,0.016731700000000002,0.438191,0.0139373,0.0380023,0.012251799999999998,0.00482497
29,0.00124926,0.248574,0.0467492,0.0449048,0.00668949,0.00935557,0.033195499999999996,0.00148079,0.00210355,0.000820999,0.00378538,0.00628966,0.0009461989999999999,0.030503100000000002,0.00327559,0.050839499999999996,0.413995,0.07877,0.010639299999999999,0.00583389
30,0.00756107,0.07031330000000001,0.297379,0.289671,0.031209300000000002,0.00342828,0.010383100000000001,0.00414598,0.0032523000000000005,0.0206481,0.020172299999999997,0.0323912,0.0121695,0.0317149,0.00619386,0.0294193,0.09510199999999999,0.00351526,0.0275188,0.00381124
31,0.014509999999999999,0.011304600000000001,0.0488128,0.0153211,0.0375222,0.020807,0.0149952,0.00625657,0.156723,0.0136511,0.0115988,0.025422,0.00675205,0.194294,0.062489300000000005,0.0444865,0.24144699999999997,0.03737940000000001,0.010503799999999999,0.0257232
32,0.00314631,0.10623099999999999,0.00404345,0.00465612,0.00411273,0.0022544,0.0303909,0.00121433,0.028112400000000003,0.00193927,0.00389393,0.0330711,0.022857099999999998,0.0261348,0.0422899,0.0271139,0.075945,0.52162,0.0202884,0.040684899999999996
33,0.0163836,0.035173699999999995,0.561707,0.0145499,0.0637967,0.00327336,0.00263029,0.00528615,0.010305,0.048889499999999995,0.0285922,0.0811256,0.025132599999999998,0.0200611,0.0157826,0.00625561,0.0110582,0.0033311,0.0448392,0.00182666
34,0.00197487,0.24306599999999998,0.0449235,0.0447413,0.019522499999999998,0.0160165,0.036612099999999995,0.00154327,0.00166461,0.014593,0.00363078,0.0117153,0.00151139,0.0287931,0.00331314,0.0167165,0.406938,0.0704943,0.0168421,0.015387799999999998
35,0.010773,0.0107186,0.00590068,0.00442836,0.00555507,0.00410117,0.00342304,0.49540500000000004,0.00189629,0.21822399999999997,0.00253957,0.00339888,0.000531364,0.00500314,0.00757849,0.00181068,0.00213221,0.15703699999999998,0.00803129,0.0515129
36,0.057250300000000004,0.03513669999999999,0.034633300000000006,0.06970549999999999,0.0214811,0.024047299999999997,0.00935695,0.11600899999999999,0.00530799,0.23426100000000002,0.172938,0.00869484,0.0011214999999999999,0.022982,0.00289787,0.00749817,0.07523239999999999,0.035180300000000005,0.0181432,0.048122399999999996
37,0.00510492,0.03721819999999999,0.00511691,0.504065,0.0556284,0.0019004000000000002,0.055300199999999994,0.019434299999999998,0.000790698,0.0304233,0.0319759,0.0477211,0.014751499999999999,0.012080200000000001,0.018642500000000003,0.0194808,0.0287495,0.00257142,0.0581691,0.0508755
38,0.143826,0.00715632,0.0229188,0.013431299999999998,0.0171798,0.0131506,0.0100037,0.011323,0.184391,0.013420600000000001,0.0193704,0.18375,0.05424119999999999,0.0816957,0.052954499999999995,0.119272,0.0138512,0.0232149,0.00544809,0.00940133
39,0.043313300000000006,0.00876599,0.0431284,0.00438944,0.0327353,0.08992230000000001,0.00609307,0.00458582,0.00497852,0.0243335,0.0446115,0.56142,0.017424099999999998,0.0547191,0.00213906,0.0108899,0.016225899999999998,0.00622779,0.0153942,0.00870247
40,0.00305739,0.11240399999999999,0.00403571,0.00440915,0.00384577,0.00190936,0.032617099999999996,0.00171104,0.028361599999999997,0.00178365,0.00294797,0.035002899999999997,0.0228352,0.0254303,0.0449452,0.026160000000000003,0.07421180000000001,0.5171279999999999,0.019596799999999998,0.0376068
41,0.024694400000000002,0.0133303,0.0364877,0.0347844,0.0185875,0.056275599999999995,0.005956899999999999,0.00184875,0.00554723,0.00209211,0.0108971,0.00943176,0.42960600000000004,0.041098199999999994,0.010165500000000001,0.028793799999999998,0.21931199999999998,0.0147685,0.019663200000000002,0.016659
42,0.0034366999999999996,0.107964,0.0043684,0.00415854,0.00451861,0.00215837,0.0300074,0.00228461,0.028851599999999995,0.00211797,0.00214307,0.0305741,0.024253,0.0265829,0.045287400000000005,0.0243566,0.073259,0.520267,0.0215524,0.0418582
43,0.00182854,0.248889,0.043035699999999996,0.0426511,0.020156999999999998,0.0179515,0.036835900000000005,0.00141921,0.0018725000000000002,0.015036099999999998,0.00425386,0.00383447,0.0013369999999999999,0.0285085,0.0041558,0.0159829,0.407144,0.07396660000000001,0.0157932,0.0153469
44,0.07871089999999999,0.00696521,0.025247,0.0444834,0.019337,0.014833100000000002,0.344902,0.0126875,0.00582168,0.00847645,0.0175232,0.00501411,0.00174278,0.06360880000000001,0.00606621,0.284429,0.026108299999999997,0.021892099999999998,0.011248000000000001,0.000903936
45,0.251782,0.0111477,0.00386367,0.00507696,0.00226544,0.042823599999999996,0.0716903,0.00312412,0.00330169,0.00137035,0.00958153,0.00823899,0.0006475280000000001,0.045643199999999995,0.00346914,0.47123000000000004,0.052127,0.0015413,0.00732477,0.00375016
46,0.00591972,0.0326091,0.00768369,0.00658347,0.013403100000000001,0.00564895,0.0125758,0.0747934,0.0752801,0.012846200000000002,0.211456,0.00470123,0.00911203,0.158666,0.00476052,0.0150963,0.00242864,0.276014,0.027095799999999996,0.043325999999999996
47,0.00719725,0.0389903,0.324765,0.29752,0.04058730000000001,0.00182415,0.00438348,0.00716168,0.00662801,0.032908,0.029699200000000002,0.061982100000000005,0.0431768,0.0153295,0.00786358,0.0114071,0.0305829,0.00349268,0.030826799999999998,0.00367423
48,0.032407599999999995,0.0168815,0.04454980000000001,0.048450400000000005,0.027114,0.0643075,0.0056645,0.136576,0.00763124,0.521918,0.0262418,0.00677603,0.00116698,0.00520049,0.00465225,0.0055918,0.00329248,0.0111273,0.00613248,0.0243181
49,0.00440271,0.0115512,0.00401039,0.0154957,0.00710522,0.00388696,0.0118271,0.08285089999999999,0.00781742,0.31095300000000003,0.018971900000000003,0.0488075,0.0007403189999999999,0.00668999,0.0136808,0.00314009,0.014830000000000001,0.275924,0.0538321,0.10348299999999999
50,0.00737035,0.0445908,0.0150366,0.437828,0.0453838,0.00118905,0.16334500000000002,0.018956,0.00145852,0.0146688,0.0277165,0.0500663,0.00573101,0.0187732,0.0112165,0.028206799999999997,0.0376969,0.00357499,0.0377932,0.0293973
51,0.0416092,0.013991899999999998,0.130374,0.00701049,0.042783499999999995,0.00928423,0.013677700000000001,0.00918611,0.0772618,0.0223142,0.011338500000000001,0.179227,0.00807208,0.07026030000000001,0.0488442,0.0075128999999999994,0.26187699999999997,0.0123477,0.0174685,0.0155589
52,0.0152709,0.00410549,0.00419697,0.26108000000000003,0.00299441,0.0474575,0.011442200000000001,0.0162341,0.093091,0.00289753,0.00950748,0.104157,0.00212955,0.139871,0.0282774,0.11293199999999999,0.0938325,0.038973900000000006,0.00882774,0.00272084
53,0.081597,0.014738,0.00788747,0.0143845,0.0536621,0.0655783,0.413471,0.013661500000000002,0.181804,0.00481895,0.019878,0.021218900000000002,0.0021904,0.0155393,0.00987937,0.024425099999999998,0.00836757,0.029138400000000002,0.014024600000000002,0.00373502
54,0.00457928,0.017524,0.0214749,0.269929,0.044312800000000006,0.00629376,0.11463699999999999,0.00144821,0.00358618,0.014742600000000002,0.0231653,0.248282,0.00715483,0.0170373,0.00524009,0.0075899,0.14545,0.013255000000000001,0.0272566,0.00704163
55,0.0335463,0.00471159,0.0275793,0.021872700000000002,0.013502600000000002,0.425068,0.0139648,0.00528209,0.00806572,0.00709523,0.028902999999999998,0.0756997,0.135673,0.0486703,0.00250051,0.062164,0.059015899999999996,0.00535521,0.012465899999999999,0.00886335
56,0.13402999999999998,0.011337999999999999,0.0105959,0.00359205,0.00728902,0.00566951,0.0240356,0.00461373,0.11095999999999999,0.00394011,0.15964,0.00470667,0.0116443,0.013153899999999998,0.196696,0.094079,0.161826,0.0199,0.0105904,0.0117007
57,0.026895699999999998,0.00166356,0.00789258,0.07828339999999999,0.26433,0.0316896,0.00230144,0.0189048,0.014958500000000001,0.114514,0.049867400000000006,0.00932048,0.000746473,0.014150799999999998,0.00409482,0.00306563,0.0202158,0.0171733,0.12229200000000001,0.19764
58,0.012636399999999999,0.693763,0.0303027,0.0217919,0.00334207,0.000947954,0.021790200000000003,0.0126728,0.00290349,0.0200755,0.059364,0.0112036,0.00716409,0.011128,0.000346361,0.00233656,0.0498176,0.0371408,0.000917253,0.000355746
59,0.18673599999999999,0.00415719,0.090803,0.027802499999999997,0.00187861,0.0787165,0.010529700000000001,0.00976306,0.13108,0.021669499999999998,0.0187861,0.09935189999999999,0.05985369999999999,0.047631400000000004,0.0436142,0.113952,0.0323267,0.010622,0.0054914,0.00523533
60,0.31965,0.00421092,0.0215531,0.013736000000000002,0.00488777,0.00274212,0.00594511,0.00304586,0.0799895,0.00953505,0.0172817,0.0163667,0.191356,0.102527,0.038905300000000004,0.110713,0.0334617,0.00584345,0.00579865,0.012451100000000001
61,0.00572507,0.0229239,0.0806058,0.0337926,0.0378734,0.0114001,0.00171348,0.0418522,0.010122399999999998,0.000750767,0.023469999999999998,0.0196069,0.61295,0.002284,0.00999609,0.00920625,0.00216235,0.029764099999999995,0.0227457,0.0210547
62,0.029664999999999997,0.00903652,0.00870663,0.0128888,0.058039,0.00625509,0.0122308,0.186004,0.00841265,0.320735,0.0210274,0.027821199999999997,0.00133318,0.018483700000000002,0.00664877,0.00256831,0.011846700000000002,0.1765,0.0348722,0.046924900000000005
63,0.024939,0.00518906,0.119924,0.14740599999999998,0.018430000000000002,0.0035593000000000005,0.258175,0.112627,0.0161018,0.0253979,0.0120713,0.00818099,0.0109489,0.0492006,0.00937639,0.132975,0.0143822,0.012812299999999999,0.016880900000000004,0.00142264
64,0.028214499999999997,0.0261027,0.07568689999999999,0.0426288,0.00522715,0.054380700000000004,0.0037251,0.0123459,0.014638299999999998,0.60939,0.0171482,0.0380163,0.00200691,0.00347676,0.00377383,0.0016858,0.014910499999999998,0.00538348,0.00448804,0.036770300000000006
65,0.113945,0.0041276,0.056007799999999996,0.00257789,0.054781899999999994,0.33954,0.015373099999999999,0.00498646,0.037437,0.00896463,0.155567,0.0156621,0.00796613,0.0217143,0.118001,0.00309587,0.016975,0.00465174,0.00373012,0.0148947
66,0.00987334,0.0129306,0.560757,0.048530699999999996,0.0331679,0.024879,0.0037638000000000007,0.00132214,0.044043599999999995,0.03628819999999999,0.0110294,0.07122189999999999,0.0090272,0.00710977,0.00113108,0.044285000000000005,0.0572278,0.00370455,0.017435299999999997,0.00227216
67,0.0132012,0.699128,0.0291448,0.0212364,0.00308201,0.0006965989999999999,0.021478099999999996,0.0119045,0.00222275,0.0188142,0.058388999999999996,0.0120091,0.00706124,0.0115654,0.00034644699999999994,0.00243034,0.0494945,0.0367555,0.0007920189999999999,0.000248172
68,0.0130156,0.00616278,0.013558100000000002,0.0398895,0.00885688,0.00522605,0.013705600000000002,0.00481448,0.062070600000000004,0.0123281,0.0158134,0.04188119999999999,0.00990322,0.0619237,0.00768326,0.360473,0.257995,0.0413232,0.0148941,0.00848224
69,0.0106033,0.00130977,0.00387822,0.00224349,0.492963,0.00176719,0.00726492,0.148856,0.00460592,0.0436115,0.0188974,0.0016232,0.00367677,0.00624278,0.00434247,0.00370155,0.00672018,0.111424,0.087902,0.038366500000000005
70,0.18096800000000002,0.0196423,0.04314880000000001,0.349846,0.0499417,0.00528392,0.0446044,0.025885500000000002,0.00477655,0.0831178,0.03788540000000001,0.0192753,0.00722722,0.0240318,0.025577900000000004,0.0122078,0.011611,0.00231538,0.0309927,0.021660299999999997
71,0.112285,0.00216634,0.00221753,0.00138323,0.0622634,0.536482,0.017902200000000004,0.0163017,0.0068358,0.0354625,0.050481599999999995,0.0794928,0.00450077,0.0304805,0.000481107,0.012354500000000001,0.00217101,0.00232771,0.0055366999999999994,0.0188733
72,0.012412999999999999,0.0010653,0.011682,0.0112413,0.041805300000000004,0.00159793,0.011410700000000001,0.023746,0.00927362,0.0424353,0.023344900000000002,0.0157718,0.00072952,0.00826768,0.000560815,0.00297955,0.0145832,0.08387589999999999,0.616368,0.06684810000000001
73,0.0108076,0.00986358,0.00797898,0.007214,0.00279448,0.00573053,0.00295134,0.540116,0.00243186,0.198454,0.00310951,0.00218249,0.000484006,0.00609892,0.00879423,0.00214277,0.00166397,0.12573499999999999,0.006447100000000001,0.0549995
74,0.0045128,0.0028484,0.00408736,0.0311202,0.0128036,0.00523032,0.011674200000000001,0.024508000000000002,0.0116661,0.30404699999999996,0.0206549,0.0456272,0.00140055,0.00900962,0.0101695,0.0031916,0.026141900000000003,0.14716300000000002,0.0877991,0.23634499999999997
75,0.011706900000000001,0.000625412,0.00102452,0.000389532,0.0892158,0.705592,0.0117722,0.021028599999999998,0.00213571,0.0342412,0.0391394,0.045871800000000004,0.0034366999999999996,0.00714148,0.000184049,0.00260906,0.00252715,0.000471515,0.00213154,0.0187555
76,0.07067689999999999,0.022758700000000003,0.00229184,0.0237635,0.043221800000000005,0.136389,0.00213215,0.00132291,0.000908154,0.0171348,0.0345212,0.55488,0.00851279,0.027618200000000002,0.00942913,0.0073818,0.0055466000000000005,0.0114937,0.018425099999999996,0.00159181
77,0.00578998,0.0192895,0.08473710000000001,0.0336186,0.0343018,0.012274799999999999,0.00117515,0.0412422,0.009295200000000002,0.000937419,0.0235173,0.021058700000000003,0.620316,0.00278275,0.00937866,0.009546700000000002,0.00227313,0.027778300000000002,0.022068200000000003,0.018618400000000004
78,0.07825739999999999,0.00688653,0.00904024,0.196796,0.00345694,0.030036700000000003,0.024864400000000002,0.002834,0.055162800000000005,0.00671273,0.197683,0.0109929,0.00240682,0.163999,0.103531,0.08364339999999999,0.00497335,0.00501847,0.00843243,0.00527173
79,0.0110624,0.69748,0.0296851,0.0222133,0.00313567,0.000799899,0.0227182,0.0125427,0.00234777,0.018367599999999998,0.0612856,0.0109598,0.00720205,0.010699700000000001,0.000336795,0.00236166,0.048691399999999996,0.0370505,0.000833977,0.00022559700000000002
80,0.111383,0.012901499999999998,0.387644,0.126453,0.033464999999999995,0.043923699999999996,0.0148197,0.00946651,0.00946255,0.0531335,0.0319678,0.00769535,0.0116097,0.0441498,0.0140704,0.0174972,0.0442721,0.00525939,0.0165152,0.00430957
81,0.0291252,0.00351937,0.134223,0.14311400000000002,0.0207775,0.00212038,0.193657,0.0374779,0.0098108,0.06983560000000001,0.0148642,0.0431524,0.00230072,0.0157359,0.018452700000000002,0.1482,0.0818091,0.010742,0.014113999999999998,0.0069678
82,0.023525599999999997,0.00453994,0.049314,0.0371495,0.134241,0.0826708,0.00328897,0.232973,0.00263802,0.282377,0.09824110000000001,0.00255145,0.0005081819999999999,0.00457907,0.00115362,0.013741299999999998,0.00359864,0.00613675,0.00801912,0.00875318
83,0.0879185,0.0030256,0.10116499999999999,0.058222199999999995,0.00258809,0.189442,0.00723011,0.021207499999999997,0.0809054,0.0526716,0.011053499999999999,0.118932,0.019622999999999998,0.0319686,0.0538615,0.0687885,0.060451599999999994,0.019271200000000002,0.00420985,0.00746382
84,0.0717362,0.00776615,0.08258660000000001,0.00480108,0.0168108,0.21051599999999998,0.0226491,0.30377600000000005,0.0144732,0.00752771,0.012585500000000001,0.00631866,0.0183512,0.032958499999999995,0.0152057,0.00539383,0.00528643,0.138179,0.00872599,0.0143531
85,0.0870105,0.00361928,0.045306,0.0622534,0.0107183,0.00126622,0.00278767,0.011876600000000001,0.105271,0.00127643,0.00702744,0.0047107,0.300317,0.131272,0.101441,0.0361786,0.051610199999999995,0.0278056,0.00334392,0.00490812
86,0.0615362,0.00707523,0.0572688,0.34894000000000003,0.017758000000000003,0.062939,0.028825299999999998,0.0109949,0.00399339,0.00561059,0.0210861,0.03352569999999999,0.00315454,0.0695,0.00659814,0.20239100000000002,0.0234589,0.00947789,0.0129925,0.0128733
87,0.020589,0.000439255,0.0210953,0.017757299999999997,0.0618689,0.000938197,0.00742359,0.0158909,0.0036584000000000005,0.0103462,0.0183099,0.011171500000000001,0.00732029,0.006458499999999999,0.000313435,0.00219929,0.0080966,0.0236524,0.688211,0.0742597
88,0.0232231,0.0113525,0.0402371,0.062400199999999996,0.00250171,0.0481256,0.0829526,0.023314599999999998,0.031707,0.00231174,0.028757799999999997,0.0637918,0.00166137,0.0551624,0.0187274,0.437116,0.013706999999999999,0.0350454,0.014071799999999999,0.00383279
89,0.0330115,0.000515202,0.00180752,0.0255918,0.0200621,0.033099,0.0005764640000000001,0.0463776,0.0124261,0.0451698,0.046889099999999996,0.00194214,0.010568799999999998,0.015344700000000001,0.0111865,0.0023832,0.0131607,0.050373900000000006,0.112435,0.517079
90,0.0249622,0.014274200000000003,0.0307505,0.0323199,0.00985186,0.036872699999999994,0.0129658,0.594198,0.00369744,0.120609,0.010079600000000001,0.00373465,0.00112537,0.0113428,0.00629512,0.00295004,0.00175429,0.0336324,0.00480127,0.043782999999999996
91,0.018289700000000002,0.036124300000000005,0.00823677,0.00337074,0.035720499999999995,0.00510674,0.033065699999999996,0.167261,0.013003299999999999,0.00654803,0.0501277,0.00576347,0.016647299999999997,0.0451084,0.00411846,0.00598613,0.00159654,0.48907399999999995,0.0217843,0.0330668
92,0.00525871,0.0378003,0.00522092,0.513267,0.054450099999999994,0.00133656,0.054989800000000005,0.018268799999999998,0.0008933260000000001,0.030014999999999997,0.0295089,0.0461037,0.0143238,0.0123056,0.0185705,0.018352599999999997,0.028255799999999998,0.0023881999999999996,0.056608500000000006,0.0520822
93,0.014086000000000001,0.012567100000000001,0.236659,0.0119029,0.0521739,0.0050652,0.0362848,0.0033830999999999996,0.155946,0.0173102,0.0145344,0.00575586,0.048356,0.025988599999999997,0.261044,0.0107508,0.05203819999999999,0.0199134,0.00683557,0.00940534
94,0.016257900000000002,0.00705844,0.110628,0.0884791,0.0278745,0.00102668,0.00153303,0.045183,0.0113766,0.000897728,0.00885392,0.015860299999999997,0.571244,0.0084668,0.00999143,0.027977600000000002,0.00732318,0.00645849,0.018312799999999997,0.015196200000000002
95,0.0454098,0.00401494,0.0428043,0.1021,0.00395255,0.014909200000000001,0.011079899999999998,0.00297592,0.00963599,0.00579484,0.019936900000000004,0.33179000000000003,0.00971904,0.051768100000000004,0.013550399999999999,0.23009200000000002,0.0717918,0.00776678,0.013802100000000001,0.00710505
96,0.393511,0.0116359,0.013585299999999998,0.0124175,0.0094035,0.0139483,0.011304799999999999,0.017429300000000002,0.05418869999999999,0.00462906,0.0318804,0.0446417,0.20656,0.039048599999999996,0.0245013,0.07438969999999999,0.00687801,0.00286536,0.013428200000000001,0.0137537
97,0.0925211,0.00355801,0.052745600000000004,0.07027219999999999,0.00424176,0.000890427,0.00161308,0.0158779,0.112648,0.000608213,0.0227938,0.00402375,0.29190900000000003,0.100279,0.0816251,0.0320195,0.06669560000000001,0.0372851,0.00326249,0.00513061
98,0.0176527,0.0134739,0.0317238,0.25511799999999996,0.034062800000000004,0.0062044,0.15559,0.00473114,0.0041263,0.0162221,0.0322404,0.283576,0.00678325,0.0139017,0.0049787,0.00626705,0.051961400000000005,0.0155875,0.0272603,0.0185385
99,0.036432099999999995,0.00661427,0.0558263,0.00827993,0.0330384,0.435939,0.0489801,0.0226799,0.0788735,0.045,0.0381731,0.010173100000000001,0.0239725,0.0354239,0.00350813,0.0606859,0.0228545,0.00808728,0.0071467,0.018311400000000002
100,0.012468600000000002,0.6944739999999999,0.028825,0.022116900000000002,0.0030447,0.000880648,0.021280599999999997,0.011926299999999999,0.00234485,0.0196267,0.06122469999999999,0.0112117,0.007558199999999999,0.0106705,0.000346603,0.00239936,0.0506751,0.0377402,0.00094643,0.00023925
101,0.0228817,0.00036790900000000003,0.00126288,0.0303842,0.21252100000000002,0.029599700000000003,0.000781162,0.0130021,0.0274848,0.009639299999999998,0.0267957,0.00268767,0.00578087,0.0254774,0.0229789,0.0047558999999999995,0.00755929,0.00920033,0.118094,0.428745
102,0.00596478,0.0188615,0.0856503,0.034362000000000004,0.038641800000000004,0.012544,0.00184632,0.0396639,0.00985729,0.0008348580000000001,0.020859400000000004,0.020061199999999998,0.615607,0.0021412,0.00982649,0.00957497,0.00231951,0.027715499999999997,0.0233466,0.0203216
103,0.012685799999999999,0.000541103,0.000953885,0.00045423400000000003,0.0883178,0.703562,0.0115188,0.0221024,0.00210466,0.0347241,0.0376526,0.0471259,0.00455802,0.00736574,0.000135659,0.00212494,0.00277202,0.00042727,0.00214919,0.0187235
104,0.0187156,0.00164048,0.15995,0.194408,0.00965328,0.00416733,0.0987098,0.0170773,0.0160178,0.0189905,0.0447009,0.129054,0.00454398,0.00738587,0.0150734,0.109411,0.09011469999999999,0.026468400000000003,0.0106086,0.0233079
105,0.015968200000000002,0.00232007,0.0095295,0.00737731,0.405563,0.00559912,0.011300200000000002,0.07748739999999998,0.014466899999999998,0.122768,0.034830900000000005,0.018104,0.00284718,0.00974646,0.00494532,0.00488779,0.0156272,0.142762,0.046844300000000005,0.047025199999999996
106,0.0342706,0.00803267,0.194801,0.34424499999999997,0.0141596,0.00113207,0.012151799999999999,0.0234616,0.0296055,0.012053200000000002,0.0250037,0.127661,0.0599025,0.0102461,0.0108044,0.0427074,0.0164448,0.00860635,0.0183183,0.00639215
107,0.0102932,0.0225535,0.259788,0.131481,0.0495531,0.00885873,0.00742987,0.00574848,0.00415734,0.0430453,0.0388528,0.265714,0.0505237,0.020413900000000002,0.0237618,0.00802639,0.0117168,0.00642152,0.0274291,0.00423177
108,0.0115971,0.00194803,0.00367516,0.09114910000000001,0.0317272,0.00301666,0.0132335,0.0236805,0.00843796,0.234123,0.010665299999999999,0.098662,0.00195867,0.00739189,0.00899117,0.0024607,0.0299024,0.129002,0.044284,0.24409299999999998
109,0.0150168,0.00775268,0.00435684,0.373528,0.0904793,0.119503,0.034515699999999996,0.054488800000000004,0.00211797,0.056579,0.0606565,0.029712099999999998,0.0229113,0.0189796,0.00273741,0.0130248,0.032914099999999995,0.00491119,0.0174046,0.0384098
110,0.00536528,0.0381885,0.00488803,0.510376,0.0555913,0.000952497,0.056327699999999994,0.0192181,0.00091437,0.029874599999999998,0.028970099999999995,0.0466532,0.0138901,0.012196700000000001,0.019453900000000003,0.0180431,0.0289075,0.00243998,0.056372000000000005,0.05137719999999999
111,0.026244099999999996,0.0261308,0.07442130000000001,0.042774099999999995,0.00765912,0.0575746,0.00467312,0.015412700000000001,0.014377100000000002,0.6088560000000001,0.012695399999999999,0.0373546,0.00237046,0.00355202,0.00396803,0.00201553,0.014231799999999998,0.0074497,0.00433939,0.0339
112,0.0375557,0.009713600000000001,0.0778327,0.00182645,0.042418199999999996,0.00326346,0.0417798,0.00204944,0.16204200000000002,0.00627244,0.00664003,0.00243471,0.0972827,0.00372953,0.38210700000000003,0.00346023,0.00643045,0.0795702,0.00322059,0.0303707
113,0.12234300000000001,0.00502616,0.0466575,0.128045,0.11404700000000001,0.0189898,0.328484,0.0128314,0.00483948,0.0425538,0.010900299999999998,0.0082574,0.00134343,0.017067,0.00775114,0.102012,0.00709672,0.00419523,0.015965,0.00159471
114,0.0378342,0.0103389,0.019156,0.0195989,0.0990852,0.0193068,0.05368869999999999,0.031047199999999997,0.0844384,0.266701,0.028383099999999994,0.0178805,0.00247267,0.0786379,0.00562699,0.00632687,0.0238946,0.125275,0.040893900000000004,0.0294135
115,0.0123817,0.00081173,0.00536556,0.0296899,0.370245,0.29006,0.00193585,0.054694799999999995,0.001381,0.0657465,0.122179,0.00140314,0.0005527490000000001,0.00467085,0.000721125,0.00172251,0.000491401,0.00824022,0.0122149,0.015491999999999999
116,0.20103900000000002,0.0115069,0.00515831,0.00255219,0.00406553,0.050624199999999994,0.06178240000000001,0.00528344,0.00678263,0.00277868,0.00934686,0.00411059,0.00287906,0.0404908,0.00198593,0.50151,0.0676102,0.0076533,0.00785013,0.00499053
117,0.07248660000000001,0.0162303,0.014498500000000001,0.00588998,0.010583,0.18269000000000002,0.04949919999999999,0.0338507,0.00821825,0.00670616,0.0194367,0.037601,0.00446449,0.0431687,0.027256400000000004,0.388524,0.039970099999999995,0.0137843,0.0103821,0.0147599
118,0.137759,0.0229836,0.0250827,0.00486243,0.021493900000000003,0.0968237,0.03834,0.11891900000000001,0.0102408,0.0158994,0.0119295,0.0205826,0.0092501,0.03951369999999999,0.00632992,0.0209075,0.042806800000000006,0.307313,0.0175108,0.031451400000000004
119,0.0613771,0.00272381,0.12629500000000002,0.133359,0.00371754,0.0248979,0.034880699999999994,0.00855847,0.0477627,0.00579449,0.0107186,0.21375,0.0372718,0.0142407,0.0673187,0.11164400000000001,0.070977,0.007090000000000001,0.00526151,0.0123611
120,0.0290407,0.00899111,0.040288300000000006,0.0724896,0.00791582,0.0120498,0.274523,0.0188654,0.00817532,0.0105553,0.0251532,0.016472099999999996,0.0048663000000000005,0.0881768,0.043268400000000005,0.28764,0.0159656,0.018921,0.0116154,0.0050271000000000005
121,0.012179,0.00061403,0.00322197,0.00196485,0.478563,0.00181544,0.00247375,0.119182,0.00347721,0.066458,0.038337699999999995,0.00176704,0.00313024,0.00380249,0.00344656,0.00504161,0.00458131,0.100226,0.0900079,0.0597092
122,0.011740899999999999,0.014866200000000001,0.0104029,0.339019,0.0442995,0.00202503,0.018785299999999998,0.0148344,0.00224492,0.0172737,0.0353833,0.06150359999999999,0.00908804,0.186604,0.0695305,0.057976099999999996,0.03598780000000001,0.00734044,0.0320369,0.029057200000000002
123,0.0175846,0.00109417,0.008332299999999999,0.030806200000000002,0.454582,0.07040489999999999,0.00377935,0.0905087,0.00560741,0.105429,0.0712128,0.00388391,0.00184512,0.00508758,0.00270375,0.00781107,0.00283302,0.0492345,0.0136105,0.0536491
124,0.0117139,0.00310692,0.0872398,0.039500099999999996,0.0520438,0.00191538,0.00154254,0.06558220000000001,0.00537934,0.000848494,0.00736759,0.00389013,0.641857,0.00527613,0.0059121,0.0227653,0.00382274,0.00429651,0.0229851,0.012955000000000001
125,0.190524,0.00360604,0.07679889999999999,0.025807999999999998,0.00402551,0.00318913,0.00477915,0.00693264,0.147102,0.00701637,0.014221899999999999,0.0360286,0.188729,0.0920972,0.066361,0.08444220000000001,0.0253588,0.0146341,0.00390713,0.00443825
126,0.0186849,0.00211948,0.18781099999999998,0.08253989999999999,0.08135629999999999,0.00493667,0.00134217,0.017278900000000003,0.00696386,0.00179384,0.022465799999999998,0.030371,0.393084,0.0128988,0.0151346,0.0201987,0.016721700000000003,0.00400892,0.026875299999999998,0.0534139
127,0.00980314,0.00281073,0.045547000000000004,0.163902,0.00482454,0.00479601,0.025194400000000002,0.00407009,0.0116376,0.0135251,0.00962506,0.0398877,0.00743309,0.11654300000000001,0.00635375,0.30380799999999997,0.201732,0.011943200000000001,0.011064200000000001,0.00549976
128,0.07105639999999999,0.00311305,0.0629011,0.138059,0.00122711,0.132144,0.00880817,0.0175271,0.09338250000000001,0.00882514,0.010083499999999999,0.10403,0.00878059,0.0791688,0.040337599999999994,0.09826760000000001,0.0814625,0.031309300000000005,0.0061503999999999994,0.00336701
129,0.020537599999999996,0.0016079,0.030014099999999995,0.0255243,0.13335,0.00129463,0.00996725,0.0196503,0.00562932,0.0118964,0.020185599999999998,0.0164405,0.00799068,0.00864276,0.00037632599999999996,0.00245856,0.010832799999999998,0.021760299999999996,0.571523,0.0803177
130,0.0350394,0.00582253,0.0380717,0.0155793,0.00345745,0.221471,0.00477148,0.00142383,0.0116156,0.00179034,0.019044099999999998,0.0361259,0.268812,0.0967802,0.00578264,0.0616446,0.149339,0.00619378,0.0123914,0.00484297
131,0.0657901,0.00496727,0.110476,0.015726300000000002,0.0200515,0.142279,0.0105744,0.00588777,0.0259507,0.00599298,0.0319215,0.361446,0.013329399999999998,0.0959027,0.00676989,0.0416505,0.017881900000000003,0.00744171,0.0055520000000000005,0.0104089
132,0.0381718,0.0159816,0.13585899999999998,0.0878951,0.025108000000000002,0.0407288,0.266331,0.0121581,0.0046318999999999996,0.00709816,0.016412299999999998,0.034479,0.00955479,0.00878078,0.00362888,0.026388400000000003,0.029789499999999997,0.215137,0.018724599999999997,0.00314093
133,0.0189682,0.00722652,0.11167,0.060900499999999996,0.0062027,0.093414,0.0635553,0.021860499999999998,0.0185963,0.0036731000000000003,0.00558635,0.018471,0.00315447,0.021785,0.00399274,0.120432,0.237657,0.157447,0.0117772,0.013629800000000001
134,0.0907803,0.00323497,0.00952542,0.00466036,0.0464185,0.0483448,0.0163061,0.00404652,0.011205,0.0445249,0.00836844,0.0785702,0.0007802589999999999,0.040684500000000005,0.0443349,0.035437199999999995,0.09872639999999999,0.00694564,0.277251,0.129854
135,0.0124121,0.00473123,0.374394,0.07180139999999999,0.00418383,0.056400599999999995,0.0117145,0.00294637,0.0310998,0.00355,0.0105544,0.0991413,0.00621755,0.0236302,0.00202481,0.139709,0.114952,0.013058700000000001,0.013431899999999998,0.00404692
136,0.0113339,0.000509991,0.000741115,0.000347559,0.0902109,0.7057359999999999,0.010467200000000001,0.0208245,0.00224232,0.0358259,0.0385703,0.0470353,0.00362993,0.007759899999999999,0.000133291,0.00157125,0.00267965,0.000509043,0.00220698,0.0176646
137,0.057207299999999996,0.0231359,0.0115414,0.00952466,0.0134536,0.089638,0.0486019,0.0170113,0.014398900000000001,0.0040178,0.00428929,0.0157232,0.00554726,0.036989,0.00635689,0.051547300000000004,0.244946,0.304135,0.018887099999999997,0.0230488
138,0.00604157,0.00596768,0.0515465,0.0836739,0.00884263,0.00635041,0.0273191,0.00317398,0.0123883,0.00557905,0.00578406,0.0126396,0.029134399999999998,0.0903529,0.00890727,0.34042100000000003,0.253952,0.0279041,0.011262600000000001,0.00875956
139,0.325548,0.00526398,0.0278125,0.00903111,0.00322384,0.0105724,0.029229900000000003,0.013036500000000001,0.20128,0.00823902,0.0560755,0.046306900000000005,0.06014919999999999,0.050306300000000005,0.027486700000000003,0.102924,0.00799121,0.00669485,0.00293495,0.00589285
140,0.408563,0.00826269,0.00493287,0.00408473,0.00603124,0.0780565,0.047988499999999996,0.0108757,0.027371299999999998,0.0103255,0.0311973,0.0433023,0.00626605,0.0595311,0.013927700000000001,0.216971,0.00305727,0.00230543,0.00830626,0.00864362
141,0.0138727,0.6940350000000001,0.029466500000000003,0.023539599999999997,0.00298768,0.000816688,0.0221693,0.0110731,0.00256408,0.019605200000000003,0.0609857,0.0117194,0.00654052,0.011503,0.000350475,0.00237972,0.0495414,0.0356838,0.0009266680000000001,0.00023914099999999998
142,0.305856,0.00405908,0.037938400000000004,0.00325669,0.00174983,0.00449857,0.00527905,0.00196307,0.10484500000000001,0.0131785,0.018855200000000003,0.0370367,0.169465,0.0970808,0.0370662,0.13105899999999998,0.0128785,0.00206834,0.00311325,0.00875298
143,0.0543307,0.0027579,0.143952,0.0229773,0.10585499999999999,0.00517142,0.0699438,0.0233998,0.0191454,0.0424092,0.019507,0.0320305,0.00477697,0.013422799999999999,0.010354799999999999,0.112606,0.0210877,0.0961196,0.041227999999999994,0.158924
144,0.0959478,0.0028726999999999997,0.0195081,0.00707332,0.0414408,0.071848,0.017853400000000002,0.00461107,0.0187774,0.0382927,0.012231299999999999,0.08677649999999999,0.00240568,0.0474767,0.049980300000000005,0.0389191,0.0964964,0.00758221,0.23366399999999998,0.106243
145,0.10675599999999999,0.00369885,0.00560582,0.00785937,0.0123021,0.458309,0.04985440000000001,0.00827236,0.00977651,0.015057599999999999,0.0334251,0.029795599999999995,0.0414671,0.055100300000000005,0.00126652,0.105429,0.027308600000000002,0.00561378,0.010430799999999999,0.0126707
146,0.11707100000000001,0.00122164,0.116691,0.0568501,0.00262424,0.208019,0.00696158,0.00902867,0.0756365,0.012841499999999999,0.0225373,0.11167300000000001,0.019214099999999998,0.0423039,0.0400076,0.0687567,0.05946,0.0175078,0.00533465,0.00625919
147,0.11973699999999998,0.00529571,0.064692,0.019911900000000003,0.00423924,0.0402368,0.0121593,0.00525682,0.0811279,0.00629194,0.021159900000000002,0.110062,0.178036,0.10303699999999999,0.019874700000000002,0.151052,0.025747100000000002,0.017070500000000002,0.00514928,0.00986294
148,0.13050799999999999,0.0194049,0.0138798,0.029276,0.00342476,0.07928049999999999,0.060307000000000006,0.008461,0.012043799999999999,0.00182819,0.014237200000000002,0.00820858,0.00183419,0.046344800000000005,0.00516327,0.49495,0.0417322,0.0142559,0.00927239,0.00558716
149,0.029537400000000002,0.000844351,0.0648835,0.0452313,0.529309,0.0714258,0.026162599999999998,0.00139713,0.018928999999999998,0.00040178400000000003,0.0299467,0.054423,0.012062999999999999,0.0200363,0.0240295,0.0008031339999999999,0.0149674,0.00239837,0.051069699999999996,0.00214075
150,0.017809400000000003,0.00023966799999999998,0.00124972,0.029218099999999997,0.31056100000000003,0.024181599999999998,0.00181596,0.00787709,0.0368352,0.00316421,0.015515000000000001,0.00241421,0.00691706,0.032842699999999996,0.0316186,0.00532814,0.00605129,0.00346261,0.061253800000000004,0.401644
151,0.06952280000000001,0.012189799999999999,0.056414099999999995,0.0119645,0.0444333,0.00244935,0.02678,0.00492738,0.0535031,0.0126426,0.0121536,0.016882400000000002,0.032022800000000004,0.00822104,0.528692,0.00501551,0.00945367,0.0492952,0.00976748,0.0336697
152,0.0465162,0.00572991,0.00604993,0.0619346,0.012458200000000001,0.00992989,0.053503499999999996,0.00405756,0.00296811,0.00774164,0.0323982,0.463471,0.00833108,0.0252894,0.00573673,0.18449400000000002,0.019114700000000002,0.029229599999999998,0.0186734,0.00237164
153,0.00790128,0.128297,0.011947399999999999,0.00790132,0.00856121,0.0123648,0.00901348,0.0464292,0.00541248,0.249482,0.305529,0.011563799999999999,0.0009306210000000001,0.00746944,0.00332215,0.0036749,0.00291804,0.0763807,0.0364569,0.0644454
154,0.0109437,0.00977384,0.00446559,0.0154046,0.0171673,0.00343218,0.0180534,0.08394789999999999,0.0056869,0.22076500000000002,0.0091253,0.133876,0.00126903,0.0107428,0.0478585,0.00470013,0.036936300000000005,0.267726,0.0159124,0.0822138
