site,A,C,D,E,F,G,H,I,K,L,M,N,P,Q,R,S,T,V,W,Y
1,0.0171532,0.0393236,0.0442904,0.021215099999999997,0.0282461,0.021098,0.017532,0.0131308,0.023156799999999998,0.00481862,0.446506,0.145037,0.00818887,0.030890499999999998,0.00231237,0.0105152,0.0257812,0.022500599999999996,0.0377255,0.0405789
2,0.057210699999999996,0.00525856,0.09667680000000001,0.0794207,0.00875026,0.00220895,0.00532057,0.0564784,0.031882,0.0558653,0.401363,0.00498031,0.00120063,0.0234892,0.00162395,0.00405867,0.040556199999999994,0.0267917,0.025669900000000002,0.0711938
3,0.174454,0.040087,0.0239769,0.0465717,0.00761231,0.012743899999999999,0.010162799999999998,0.025205,0.14896600000000002,0.0063335,0.00494646,0.00420078,0.0671663,0.102966,0.00577828,0.156324,0.0680936,0.042616900000000006,0.041860800000000004,0.00993288
4,0.00856055,0.00230074,0.0052004,0.00316711,0.459891,0.00181105,0.00508206,0.146083,0.00980622,0.158088,0.00995187,0.00134977,0.0211607,0.00311722,0.0115761,0.0015912,0.0312101,0.0916457,0.0119275,0.016479499999999998
5,0.0558996,0.0274872,0.0124029,0.00460272,0.100013,0.00795539,0.01199,0.269262,0.00972449,0.202733,0.0556351,0.00236513,0.00248758,0.00776837,0.00220785,0.00733831,0.0232828,0.147243,0.0106507,0.0389508
6,0.08123469999999999,0.0406215,0.00422683,0.00343891,0.0978036,0.0155238,0.0346441,0.115719,0.013340399999999999,0.160365,0.025961400000000003,0.0047841,0.00211398,0.028327999999999996,0.00160608,0.013764799999999999,0.0630529,0.20016199999999998,0.0167705,0.07653839999999999
7,0.0589066,0.0120661,0.014212899999999999,0.00181593,0.135777,0.00269374,0.00409023,0.259274,0.00502454,0.223111,0.10066900000000001,0.00105877,0.00112922,0.00568568,0.00116281,0.00870338,0.013018200000000002,0.100823,0.0123564,0.0384207
8,0.186476,0.0379595,0.00594842,0.0118134,0.0878808,0.00959721,0.014340100000000001,0.136774,0.00509049,0.229831,0.052768899999999994,0.00155843,0.00256936,0.00873806,0.00175195,0.0225573,0.041006,0.0985348,0.012436200000000001,0.0323677
9,0.121424,0.0562694,0.00374707,0.00360179,0.102073,0.012145,0.0127458,0.150248,0.00325483,0.20238,0.0833279,0.00401324,0.00325619,0.028713,0.00130685,0.0128465,0.0344861,0.102186,0.00826195,0.0537126
10,0.142871,0.040102,0.00420329,0.00504594,0.09086419999999999,0.010792200000000002,0.012493,0.15453699999999998,0.00482114,0.23104299999999997,0.07220399999999999,0.00261525,0.00226578,0.00911931,0.000966508,0.0157999,0.0414543,0.11116300000000001,0.0130099,0.0346298
11,0.09299860000000001,0.0233638,0.0053519,0.00267153,0.189236,0.00512346,0.0102703,0.172749,0.00530608,0.22272600000000004,0.056374099999999996,0.000537405,0.00316941,0.0044172,0.00137572,0.0129243,0.030751900000000002,0.12232699999999999,0.00759788,0.030728
12,0.11125,0.0644205,0.00341511,0.00263664,0.0813342,0.039053199999999996,0.0290758,0.102903,0.0141523,0.146274,0.0460142,0.00557238,0.00137037,0.0437041,0.00129737,0.0256269,0.0714925,0.163132,0.011112799999999999,0.036162599999999996
13,0.225992,0.125998,0.00719382,0.0155472,0.00724852,0.0627483,0.0200387,0.00757551,0.0553994,0.0245383,0.0135303,0.00224246,0.049137,0.07521839999999999,0.00410361,0.0568775,0.0799335,0.0530827,0.111142,0.00245248
14,0.0895522,0.00782112,0.00333183,0.0381859,0.00626354,0.0914692,0.0201419,0.0553747,0.0163199,0.00208867,0.00666991,0.07841039999999999,0.00123839,0.0465279,0.00823499,0.151296,0.11353699999999999,0.224237,0.027654,0.011645299999999999
15,0.0809575,0.00226209,0.09764339999999999,0.0343075,0.0132297,0.23027199999999998,0.044147399999999996,0.00899423,0.0803329,0.00581965,0.00634827,0.11424300000000001,0.012675299999999999,0.0622091,0.032557499999999996,0.053687900000000004,0.0585124,0.0319666,0.00465877,0.0251755
16,0.28118000000000004,0.00696253,0.00510359,0.00679235,0.00291694,0.268058,0.021303700000000002,0.0014076,0.00809492,0.00212776,0.0109507,0.0517825,0.00239258,0.07463919999999999,0.00239632,0.150768,0.04895,0.0151303,0.027661,0.0113819
17,0.035259399999999996,0.040995699999999996,0.465088,0.00478837,0.0583548,0.00306767,0.00217473,0.047723,0.0202356,0.00353542,0.025814,0.00801304,0.20214000000000001,0.0218577,0.0187436,0.00330326,0.00203404,0.00103918,0.0328889,0.00294342
18,0.00850716,0.0109937,0.0236139,0.0623855,0.033324900000000005,0.0208193,0.00963204,0.0225119,0.16705699999999998,0.00608313,0.00900794,0.0204459,0.00445541,0.19211199999999998,0.126553,0.0219326,0.129338,0.0980593,0.0128297,0.0203389
19,0.0255357,0.018042,0.033494699999999995,0.026479900000000004,0.018319,0.0330675,0.0154502,0.560196,0.00289461,0.131523,0.0199315,0.00419654,0.000948148,0.0115381,0.00375667,0.00330496,0.00110393,0.0323036,0.0230804,0.0348332
20,0.0408409,0.747602,0.021801499999999998,0.0155196,0.00188828,0.000939565,0.00772965,0.016722,0.00327662,0.033268400000000004,0.0425756,0.013999200000000002,0.01105,0.00824946,0.000177248,0.00105249,0.00707836,0.0244702,0.001135,0.000624411
21,0.0110292,0.0154755,0.0101248,0.00322315,0.0181608,0.00981785,0.0028055,0.502109,0.00202292,0.22300599999999998,0.0528241,0.00156398,0.000304918,0.0034743,0.00246799,0.00412342,0.00120404,0.08841030000000001,0.00931206,0.0385406
22,0.00164993,0.00042321800000000005,0.000446654,0.000170875,0.13205,0.68718,0.00269544,0.017992599999999997,0.0019149000000000002,0.029020799999999996,0.0320411,0.018953400000000002,0.00294782,0.00867826,0.000106136,0.000709958,0.00758493,0.000469054,0.0015343,0.053430200000000004
23,0.0930541,0.00105995,0.00275457,0.0177787,0.0544198,0.0623529,0.204503,0.0252698,0.0208876,0.00423066,0.038640499999999994,0.00138441,0.0021914,0.0028249000000000004,0.00656401,0.00693264,0.0243246,0.055295500000000004,0.070187,0.305344
24,0.0551048,0.0296431,0.0133127,0.0411319,0.010260799999999999,0.0231478,0.5293869999999999,0.00892217,0.00432761,0.07481,0.018536599999999997,0.00615268,0.00105028,0.07253810000000001,0.00372466,0.008975799999999999,0.0491228,0.0163332,0.0318498,0.00166832
25,0.42195200000000005,0.0103758,0.00271105,0.00308524,0.00276733,0.0185778,0.0212833,0.00457215,0.00509985,0.00293012,0.0148128,0.00276441,0.00039464199999999995,0.0137808,0.00566676,0.26362800000000003,0.010115299999999999,0.000711652,0.190406,0.00436512
26,0.00267906,0.024351599999999998,0.00788413,0.00947255,0.015001599999999999,0.00737842,0.00542807,0.00199094,0.00593499,0.00539265,0.00538189,0.25656100000000004,0.0186291,0.037449500000000004,0.013495600000000002,0.00406598,0.131953,0.400836,0.0396277,0.00648671
27,0.0950673,0.0089196,0.00168046,0.13813699999999998,0.00730166,0.00886764,0.00299902,0.0151482,0.0013228,0.0018159000000000003,0.0169696,0.5401600000000001,0.055045699999999996,0.0288805,0.00504783,0.015354399999999999,0.00236655,0.012139299999999999,0.039505599999999995,0.00327076
28,0.00293406,0.00534179,0.00625742,0.0760742,0.00107804,0.009742200000000001,0.0110589,0.00485109,0.0102139,0.000690785,0.04530719999999999,0.5733520000000001,0.00175437,0.0259316,0.071547,0.09206310000000001,0.00482134,0.0376337,0.0149506,0.00439633
29,0.00382497,0.00677212,0.0084655,0.00261901,0.032110599999999996,0.396915,0.043038,0.00301508,0.00380024,0.00407957,0.0149613,0.07108830000000001,0.00118947,0.026327299999999998,0.00231064,0.0397858,0.24660700000000002,0.0122634,0.021056599999999998,0.0597706
30,0.00589314,0.0431425,0.16750299999999999,0.195683,0.0776789,0.00308773,0.039687599999999996,0.00380926,0.0028111,0.0204973,0.011958700000000001,0.0141417,0.00591422,0.020403400000000002,0.00671487,0.011049600000000001,0.325523,0.00518473,0.0347593,0.00455651
31,0.00366222,0.00291893,0.029791200000000004,0.00331269,0.00836583,0.00564285,0.00374441,0.0801192,0.09473730000000001,0.0193222,0.178074,0.004705399999999999,0.0010064,0.138471,0.0200866,0.013968600000000001,0.125407,0.011141799999999999,0.015118600000000001,0.240404
32,0.00111555,0.0273565,0.00487406,0.00402499,0.00481861,0.00230305,0.040951800000000003,0.00214547,0.0149881,0.00199025,0.00240409,0.0845544,0.026212799999999998,0.0331853,0.0244923,0.0242357,0.0817767,0.545331,0.0503027,0.022936900000000003
33,0.010570200000000002,0.0197301,0.48257,0.00191952,0.040450099999999996,0.00241319,0.00544043,0.00526211,0.182602,0.0366439,0.01481,0.103612,0.026377099999999997,0.00827155,0.0116438,0.00512123,0.00433,0.00926065,0.025704200000000003,0.00326806
34,0.00162906,0.049725599999999995,0.045416399999999996,0.0547629,0.062440699999999995,0.027242400000000003,0.0593913,0.00242484,0.00144586,0.010985700000000001,0.00438215,0.0100961,0.00116821,0.031123,0.00478376,0.00606792,0.47709799999999997,0.0758082,0.0488596,0.025148300000000002
35,0.0061606000000000005,0.0161578,0.00726118,0.00433158,0.00753333,0.012859799999999998,0.00425155,0.46577700000000005,0.00254413,0.278531,0.021563299999999997,0.00367876,0.000393171,0.00381402,0.00313729,0.00627411,0.00161595,0.10842,0.00982743,0.035868699999999996
36,0.00432732,0.021372099999999998,0.046306400000000005,0.06934789999999999,0.0108574,0.031415,0.0213947,0.0836939,0.00507823,0.17105,0.13535899999999998,0.0192741,0.00121019,0.0300921,0.00514374,0.023933000000000003,0.247106,0.00696532,0.023533099999999998,0.042540499999999995
37,0.0105486,0.0216421,0.21006100000000003,0.44958400000000004,0.07305439999999999,0.0008985839999999999,0.00218932,0.00285377,0.00114593,0.0350005,0.0249858,0.041557,0.0237706,0.0170144,0.0103015,0.00324831,0.021971400000000002,0.00154024,0.0440183,0.00461345
38,0.00990111,0.00276141,0.161439,0.09717310000000001,0.00373702,0.0017828,0.0390848,0.0112542,0.123747,0.00194287,0.00413918,0.168774,0.00902474,0.0525303,0.0580276,0.146233,0.0943423,0.00461209,0.00781445,0.00167793
39,0.0417071,0.00793876,0.0436781,0.00676593,0.0320128,0.281045,0.0250775,0.00435719,0.0110626,0.00422076,0.0253411,0.37903000000000003,0.00209365,0.0710025,0.008002500000000001,0.00806899,0.017837400000000003,0.00615909,0.019005599999999997,0.00559289
40,0.00408971,0.029091900000000004,0.0142012,0.0395106,0.00338299,0.00336756,0.0699811,0.0909558,0.00155199,0.00473853,0.00321961,0.00856492,0.018467599999999997,0.0227907,0.00511305,0.0110352,0.00645457,0.587616,0.035259500000000006,0.040607
41,0.0115631,0.0161666,0.0189638,0.335714,0.0295375,0.00174823,0.00737294,0.00138829,0.00229426,0.00140376,0.00904859,0.00540956,0.333599,0.031124000000000002,0.00403936,0.010403299999999999,0.11714400000000001,0.00622831,0.030693900000000003,0.026157200000000002
42,0.00125556,0.0250148,0.00451717,0.00399266,0.00448625,0.0019592,0.042750800000000005,0.00315529,0.015441899999999998,0.00189253,0.00164803,0.08179260000000001,0.0238418,0.0333586,0.022893900000000002,0.025418700000000002,0.0859774,0.54886,0.0484233,0.0233196
43,0.00211789,0.029102,0.00753922,0.0128692,0.00971072,0.00575253,0.0611525,0.00757479,0.00241041,0.00507452,0.0042083,0.00448321,0.00133601,0.0337284,0.00546236,0.00524692,0.46018100000000006,0.24965900000000002,0.0583813,0.0340097
44,0.0439388,0.00586234,0.0165946,0.05366509999999999,0.018681,0.00577985,0.32935,0.00345291,0.00206007,0.00541308,0.0336769,0.111627,0.00196108,0.0443611,0.00102415,0.21097600000000002,0.0531239,0.0163119,0.04091090000000001,0.00122806
45,0.388817,0.00773193,0.00184505,0.00277721,0.0013756999999999999,0.024688099999999998,0.0219005,0.00152941,0.0047871,0.00210158,0.0109637,0.00486068,0.000269303,0.016536900000000004,0.00814891,0.237242,0.0150583,0.000754442,0.24557800000000002,0.003034
46,0.0018875,0.0427425,0.00532131,0.00857306,0.00529369,0.00571577,0.0159531,0.0374017,0.098937,0.0048099,0.198,0.00322355,0.00250598,0.19387100000000002,0.00730795,0.00798953,0.100967,0.183392,0.032896100000000005,0.043212099999999996
47,0.010383100000000001,0.022169499999999998,0.212148,0.449454,0.07369529999999999,0.000853986,0.00196455,0.0030179,0.0010107,0.0337994,0.0250709,0.0405949,0.0247602,0.0169059,0.010136,0.00294459,0.0224679,0.00145218,0.042638699999999995,0.00453168
48,0.003956800000000001,0.023088900000000002,0.0383626,0.0649631,0.00878233,0.025750099999999998,0.0095033,0.11792000000000001,0.00376465,0.418966,0.00366798,0.030606,0.0006442209999999999,0.0194174,0.00395625,0.00295423,0.08891089999999999,0.028747500000000002,0.0132207,0.0928165
49,0.00409396,0.11036900000000001,0.00447698,0.0047918,0.00132333,0.00320851,0.00440951,0.08127480000000001,0.00734446,0.19578900000000002,0.00458707,0.010709999999999999,0.000456071,0.00680856,0.00289931,0.00861544,0.013686799999999999,0.39571999999999996,0.00971228,0.129723
50,0.0096388,0.034318400000000006,0.00837021,0.363913,0.0428755,0.00183409,0.15568800000000002,0.0324173,0.00148534,0.0187857,0.0389207,0.0273488,0.0125016,0.11433099999999999,0.00670561,0.0406691,0.046654900000000006,0.00487582,0.0315123,0.00715398
51,0.013196600000000001,0.00297571,0.163323,0.0229475,0.00667616,0.00123139,0.0158516,0.00715968,0.056776599999999997,0.0032305,0.00409107,0.170079,0.00185361,0.0170095,0.0341847,0.24168299999999998,0.220256,0.00371283,0.011041,0.00272085
52,0.0494822,0.00188781,0.102504,0.153968,0.00742805,0.016593,0.0101284,0.020469,0.05760930000000001,0.013459700000000002,0.0082926,0.11072699999999999,0.000679475,0.119572,0.0244474,0.0766348,0.106499,0.059271800000000006,0.0514575,0.00889026
53,0.0544399,0.00693999,0.00549396,0.012471799999999998,0.0129076,0.0423085,0.386712,0.0083554,0.154223,0.00291954,0.0249804,0.0875312,0.032317900000000004,0.0180305,0.00684125,0.0739917,0.00658014,0.027647,0.028391200000000002,0.00691781
54,0.00308145,0.0192017,0.00974389,0.152645,0.0624659,0.020584799999999997,0.0915783,0.057413599999999995,0.00377471,0.0943903,0.0808301,0.1516,0.00149038,0.0147368,0.00453537,0.00555697,0.149383,0.049600599999999995,0.0224948,0.00489334
55,0.0366907,0.00350235,0.0937127,0.0229947,0.00647636,0.46576000000000006,0.0150885,0.010921,0.0105475,0.00143262,0.010416,0.075335,0.124945,0.013256100000000002,0.00328993,0.0534761,0.019326,0.0133231,0.00723519,0.0122714
56,0.0617259,0.016267,0.0104123,0.140539,0.00869411,0.00483084,0.0359257,0.00227855,0.189381,0.00807765,0.155878,0.00875985,0.00215988,0.014837799999999998,0.158646,0.0485631,0.0854066,0.0062151,0.0238271,0.017573099999999998
57,0.013518100000000002,0.0009914680000000001,0.00298395,0.0258237,0.280975,0.130064,0.0006222269999999999,0.0895912,0.00175957,0.08820039999999998,0.011306100000000001,0.00106179,0.00101225,0.00335972,0.000851852,0.00249092,0.00166847,0.00828782,0.23177399999999998,0.10365799999999999
58,0.0395885,0.746274,0.0242825,0.0162339,0.0020983,0.0009016839999999999,0.00749842,0.017175799999999998,0.00320756,0.0337601,0.0419405,0.0150995,0.0105584,0.00821534,0.000196574,0.000984844,0.00676044,0.023685499999999998,0.000941565,0.0005965440000000001
59,0.22047399999999998,0.00325676,0.0504574,0.00206885,0.00189352,0.00241058,0.00474747,0.00526745,0.114522,0.0239953,0.06719739999999999,0.06727860000000001,0.182277,0.0459525,0.058320500000000004,0.121002,0.0178655,0.00115661,0.00694514,0.00291132
60,0.244981,0.00293246,0.0388011,0.00378358,0.00588804,0.00207766,0.00515213,0.00451822,0.0970451,0.0211317,0.055975,0.0619668,0.181152,0.050882300000000005,0.05677859999999999,0.130609,0.022578,0.00196979,0.00780148,0.00397566
61,0.00431973,0.00170329,0.0519871,0.0656668,0.0218213,0.00491743,0.0123776,0.0242219,0.00534919,0.000485741,0.015625399999999998,0.00727374,0.656505,0.00353929,0.00784457,0.0186453,0.0204387,0.013030700000000001,0.030243700000000002,0.034003500000000006
62,0.028081400000000003,0.0101285,0.00738439,0.00433566,0.0964076,0.00834562,0.0516222,0.14752300000000002,0.059311800000000005,0.296437,0.0117218,0.00358165,0.00202411,0.0271434,0.00126009,0.00501234,0.0320887,0.13868699999999998,0.011990899999999999,0.056912199999999996
63,0.00668345,0.00627445,0.31396399999999997,0.13617,0.014508100000000001,0.00157125,0.195182,0.0653365,0.018597799999999998,0.00583745,0.0126374,0.00335121,0.00548461,0.07507430000000001,0.0460314,0.0563979,0.00300246,0.0072676,0.0242661,0.00236084
64,0.0291067,0.018931,0.0236081,0.0341278,0.0191946,0.09699980000000001,0.00397246,0.039614800000000006,0.010240299999999999,0.590705,0.0255208,0.024916900000000002,0.0006658739999999999,0.00731023,0.00479085,0.00183636,0.00563082,0.0100889,0.00754932,0.045188900000000004
65,0.023728,0.00518251,0.0379848,0.0157828,0.038368400000000004,0.320675,0.026946499999999998,0.0438241,0.0516622,0.0335345,0.103782,0.0224922,0.013606100000000001,0.113496,0.0826342,0.00486589,0.0129743,0.015930700000000002,0.0191425,0.0133881
66,0.0157873,0.015295099999999999,0.398895,0.04104240000000001,0.0419541,0.0159207,0.011998700000000001,0.00468659,0.034738599999999994,0.0139454,0.0415168,0.097134,0.00804011,0.148172,0.0022486,0.0135944,0.0401733,0.010932700000000002,0.0383974,0.00552727
67,0.0402545,0.747356,0.0227548,0.0160755,0.00205499,0.000915543,0.00770808,0.0162811,0.00330464,0.0336048,0.0423462,0.0143417,0.0112411,0.009476799999999999,0.000164524,0.000923984,0.00628555,0.0232426,0.00106454,0.000602909
68,0.00523375,0.00791601,0.10883699999999999,0.0100348,0.00657508,0.045969300000000005,0.0925747,0.00320434,0.0404549,0.00597554,0.010571200000000001,0.0309442,0.00332521,0.0429026,0.0122851,0.39669899999999997,0.152887,0.00442916,0.014302200000000003,0.00487831
69,0.00871971,0.00224758,0.00510574,0.00347063,0.456733,0.00176247,0.00536685,0.145998,0.00992115,0.159844,0.0108874,0.0014024,0.022346400000000002,0.00449751,0.010856600000000001,0.00141565,0.029735400000000006,0.0915688,0.0118943,0.0162261
70,0.2194,0.0228121,0.0400285,0.29485300000000003,0.0141709,0.0039769,0.0278811,0.155673,0.00249655,0.0771299,0.012917600000000001,0.010645,0.00195532,0.01648,0.006997800000000001,0.00966471,0.00641472,0.029046499999999996,0.0252828,0.0221738
71,0.060872800000000005,0.00514327,0.08383710000000001,0.0080243,0.027435700000000004,0.44975299999999996,0.013274700000000002,0.00885128,0.00576793,0.023464500000000003,0.0331184,0.16514700000000002,0.034939599999999994,0.0350554,0.00128384,0.0124397,0.00874699,0.00341733,0.013370400000000001,0.00605641
72,0.111247,0.00389238,0.00432964,0.00654232,0.017965599999999998,0.0683341,0.0691215,0.002629,0.008579600000000001,0.0394319,0.151387,0.0270735,0.00389373,0.020951400000000002,0.000921011,0.0035176,0.0508727,0.047617900000000005,0.324289,0.0374028
73,0.115728,0.026283499999999998,0.0160332,0.034694699999999995,0.0262048,0.010827799999999999,0.00522543,0.326414,0.00775591,0.181403,0.10366600000000001,0.00423785,0.0007486760000000001,0.0165417,0.00300839,0.00691805,0.00340973,0.0627078,0.0163029,0.031888099999999996
74,0.00347271,0.0019280999999999999,0.00440267,0.0130225,0.00813422,0.00427944,0.00923846,0.0858048,0.0071063,0.280378,0.00300529,0.00623928,0.000659777,0.00691338,0.00224491,0.00151477,0.0312009,0.202429,0.00845732,0.31956799999999996
75,0.00200158,0.000653939,0.000964647,0.00018242,0.129215,0.6816949999999999,0.00360496,0.0164769,0.00210089,0.0279652,0.031209800000000003,0.026767000000000003,0.00274099,0.00961289,9.71244e-05,0.00140935,0.00795888,0.0004958159999999999,0.00230475,0.0525432
76,0.0169666,0.00758688,0.127379,0.0159959,0.0143032,0.018036,0.00354735,0.00450748,0.00577957,0.00419788,0.019373500000000002,0.305341,0.152834,0.0513052,0.00289816,0.09266680000000001,0.10203200000000001,0.0181467,0.0314201,0.00568289
77,0.00544027,0.0329236,0.101106,0.036775,0.0381101,0.0106557,0.00196396,0.044592,0.00741189,0.00127576,0.0254316,0.025397,0.584735,0.00186137,0.0048254,0.00560602,0.00259872,0.018968900000000004,0.0373363,0.0129851
78,0.07722430000000001,0.00320121,0.0118178,0.0951252,0.0739165,0.05983009999999999,0.0589768,0.00155888,0.0447538,0.00153608,0.146093,0.00415155,0.0498722,0.15223499999999998,0.0831582,0.0899751,0.00513523,0.00867182,0.00855667,0.024210299999999997
79,0.036865300000000004,0.670944,0.0197278,0.016473599999999998,0.00319562,0.00197087,0.00619306,0.0274089,0.00578629,0.0446081,0.0927082,0.0122428,0.00742539,0.011179099999999999,0.000435226,0.00131852,0.00881686,0.028302099999999997,0.00215044,0.00224751
80,0.0574754,0.0158358,0.541191,0.0497343,0.047427300000000006,0.030229400000000003,0.00666174,0.00919401,0.00415555,0.0446047,0.0493937,0.00107815,0.0186255,0.0327173,0.0174078,0.00654715,0.0270635,0.00238047,0.0345089,0.00376874
81,0.040231199999999995,0.00476973,0.10284700000000001,0.09877899999999999,0.00967686,0.0229172,0.174321,0.0281079,0.00272969,0.10141599999999999,0.010901600000000001,0.0185461,0.0229003,0.0754298,0.0246041,0.1004,0.0879745,0.0489999,0.0203774,0.00407081
82,0.020012099999999998,0.00371314,0.033439699999999996,0.033377300000000006,0.318598,0.06762080000000001,0.056406700000000004,0.0741817,0.00840343,0.251623,0.08766489999999999,0.00412068,0.000855855,0.0106038,0.00157051,0.00609964,0.00281385,0.00766406,0.00829455,0.0029366999999999996
83,0.0194236,0.00374726,0.0222673,0.0239999,0.00519141,0.124195,0.0121711,0.032446800000000005,0.0426647,0.213177,0.014301900000000001,0.0728842,0.0210459,0.22585500000000003,0.0337145,0.020749700000000003,0.0308072,0.0057298,0.073301,0.00232719
84,0.0524896,0.00488734,0.12934600000000002,0.053671800000000006,0.0167845,0.258823,0.00909603,0.10960299999999999,0.0106094,0.00947349,0.00332391,0.0344292,0.024845,0.0388673,0.0160615,0.011851500000000001,0.038090399999999996,0.0943334,0.015291399999999998,0.06812289999999999
85,0.0755746,0.00278569,0.015184600000000001,0.0884765,0.100336,0.0522102,0.0452917,0.00135676,0.0472452,0.000843621,0.12748099999999998,0.00413285,0.06245740000000001,0.151275,0.089061,0.08548860000000001,0.00543732,0.00629067,0.00650265,0.0325687
86,0.0466994,0.00274859,0.0280027,0.255617,0.00332127,0.0271935,0.00928753,0.000887773,0.0109918,0.00126068,0.03387659999999999,0.146046,0.000682926,0.124097,0.000921434,0.215126,0.07146110000000001,0.00162117,0.0154285,0.00472878
87,0.151249,0.00109392,0.0146113,0.019949500000000002,0.0070061,0.00467028,0.0310644,0.00818281,0.00754908,0.0015019999999999999,0.0158585,0.025249200000000003,0.00185329,0.023087599999999996,0.000726156,0.0747656,0.020168400000000003,0.00505578,0.5707909999999999,0.015566299999999998
88,0.0109325,0.0270283,0.429565,0.019755900000000003,0.0023037,0.00395416,0.017311,0.028463799999999997,0.028313099999999997,0.00247339,0.033662199999999996,0.00340164,0.00103078,0.0442142,0.0247414,0.269992,0.00867569,0.011886200000000001,0.0273445,0.00495057
89,0.00223402,0.00109233,0.00382792,0.0218071,0.00323292,0.00577088,0.00231142,0.0589688,0.00849411,0.24172600000000002,0.0119849,0.00651561,0.00131702,0.0116628,0.0131905,0.00433799,0.042018900000000005,0.17440999999999998,0.0116118,0.373485
90,0.0122,0.000945054,0.00295444,0.0318922,0.315062,0.17554,0.00159208,0.113889,0.000730545,0.0496679,0.00157752,0.00124107,0.00016507799999999998,0.013509799999999999,0.0004883730000000001,0.0017119,0.0006095359999999999,0.00122172,0.199633,0.075369
91,0.012872899999999998,0.015906,0.00659525,0.00441455,0.012648200000000002,0.012775100000000001,0.0426022,0.37585999999999997,0.00533013,0.00849651,0.017808900000000003,0.00354425,0.0111758,0.0334879,0.00327394,0.00566973,0.000741771,0.34752,0.0460573,0.0332195
92,0.00364184,0.038551300000000004,0.00273063,0.472742,0.0656178,0.000712265,0.026053700000000003,0.0264863,0.00040867,0.0364242,0.03317,0.060011699999999994,0.07043830000000001,0.00895092,0.0115278,0.0172843,0.0289733,0.00217638,0.0649067,0.0291918
93,0.0056560000000000004,0.00670223,0.18843800000000002,0.00637416,0.0352161,0.00472929,0.0188021,0.00265363,0.109224,0.00893026,0.0105692,0.00462021,0.0321308,0.00434905,0.465801,0.0095137,0.0359895,0.017049599999999998,0.012172399999999998,0.021078
94,0.021919900000000003,0.0005869240000000001,0.140529,0.09599099999999999,0.028276599999999995,0.000211577,0.00174428,0.023234,0.0134224,0.00142599,0.011643500000000001,0.0273236,0.46495200000000003,0.0225446,0.023439099999999997,0.0414825,0.0192166,0.0190734,0.0067389,0.0362439
95,0.0490542,0.00281535,0.028431400000000003,0.200721,0.00225649,0.0224075,0.00377193,0.00222072,0.0118399,0.00266824,0.0353241,0.17769200000000002,0.00217019,0.12886199999999998,0.00366367,0.21615399999999999,0.0828054,0.00305966,0.0193455,0.00473665
96,0.32122399999999995,0.0137657,0.00364608,0.00429389,0.00669423,0.310551,0.016744,0.0159376,0.0135344,0.00097796,0.0371146,0.055850300000000005,0.117806,0.00899311,0.00149809,0.045463800000000006,0.0012495999999999998,0.00130698,0.011440700000000002,0.0119081
97,0.024762299999999998,0.00091241,0.12825799999999998,0.10746199999999999,0.04241230000000001,0.00020784900000000002,0.000770893,0.028761500000000002,0.0174736,0.0011038,0.0182463,0.0369673,0.39561199999999996,0.029804,0.0237733,0.034901800000000004,0.0261942,0.0366104,0.009624899999999999,0.0361407
98,0.11028299999999999,0.0054615,0.190579,0.079769,0.019221099999999998,0.00383407,0.146172,0.00806599,0.00474851,0.0142221,0.0367676,0.180703,0.00570608,0.0127285,0.00227643,0.081581,0.017313099999999998,0.0132335,0.0476732,0.0196614
99,0.029168299999999998,0.00365244,0.0476085,0.00972088,0.0178567,0.26155100000000003,0.045304199999999996,0.016119799999999997,0.07928239999999999,0.0118025,0.0100441,0.0994057,0.0140729,0.046995499999999996,0.00786079,0.0339386,0.136254,0.0647841,0.00886939,0.0557085
100,0.0412335,0.746494,0.023002599999999998,0.016304399999999997,0.00208225,0.0009208110000000001,0.00762973,0.0164716,0.00352232,0.03356169999999999,0.0399199,0.014968200000000001,0.0117281,0.00878778,0.00022591400000000002,0.000960778,0.00707589,0.0235136,0.00100513,0.000592121
101,0.013249799999999999,0.00035828300000000004,0.00149986,0.0106326,0.110746,0.12021,0.0009785389999999998,0.0113339,0.0135856,0.00605799,0.0814763,0.00959916,0.00418858,0.0171764,0.012540700000000002,0.00270296,0.0252962,0.0127023,0.0406386,0.505026
102,0.00526613,0.0322523,0.10068400000000001,0.0385902,0.0378815,0.010131999999999999,0.00240446,0.0448848,0.00749362,0.00147654,0.0250389,0.024849,0.584166,0.00145648,0.00485379,0.00583898,0.00265858,0.020889500000000002,0.0366849,0.012498200000000001
103,0.00608866,0.000748582,0.00259334,0.000422354,0.190532,0.547154,0.00351986,0.021286199999999998,0.0046056000000000005,0.00839896,0.0431649,0.00512895,0.00458284,0.0121522,0.00109383,0.00192932,0.012635500000000001,0.00174057,0.00262325,0.129599
104,0.0650918,0.00208875,0.277597,0.166975,0.00516478,0.0105902,0.038489800000000005,0.0117688,0.0320606,0.00993613,0.00602205,0.099048,0.0027467,0.0482159,0.00555057,0.040054,0.05931619999999999,0.0331457,0.07495419999999998,0.011183499999999999
105,0.00764666,0.00387533,0.00876223,0.00596333,0.42935200000000007,0.00944118,0.0105469,0.0721812,0.0185787,0.132,0.00442581,0.0155335,0.00755149,0.023540900000000003,0.0146651,0.00171648,0.0568664,0.152557,0.012899299999999999,0.011895999999999999
106,0.024206400000000003,0.000834764,0.129746,0.10958699999999999,0.040607,0.000205165,0.00081717,0.0283652,0.015445600000000002,0.00112588,0.017225900000000002,0.036858,0.40715,0.026895099999999998,0.0225558,0.0351934,0.0244488,0.033801199999999997,0.00920693,0.0357241
107,0.00898254,0.0521991,0.33156199999999997,0.0372083,0.0549793,0.00339552,0.00314271,0.0041463,0.00108849,0.0325631,0.0610482,0.25316,0.042608,0.0373782,0.020105599999999998,0.004486199999999999,0.00469005,0.00701441,0.0362324,0.0040100000000000005
108,0.00770424,0.00218713,0.010155899999999999,0.147278,0.0242523,0.0248617,0.00234335,0.0116667,0.0052179999999999995,0.17538299999999998,0.0294935,0.06680180000000001,0.00297163,0.014455299999999999,0.00496517,0.00458933,0.0305421,0.059227499999999995,0.0264822,0.349421
109,0.0816489,0.00781822,0.0131259,0.370291,0.0446466,0.0777938,0.00671971,0.026220099999999996,0.0012534,0.013871000000000001,0.0296118,0.128202,0.015718799999999998,0.11116600000000001,0.00100841,0.025858,0.00289894,0.00330176,0.019997099999999997,0.018847700000000002
110,0.11873,0.029424000000000002,0.00885774,0.353671,0.026346699999999997,0.00550072,0.047830300000000006,0.0162976,0.00114469,0.0100592,0.027169099999999998,0.0135766,0.00532829,0.0423971,0.00556199,0.22325599999999998,0.011409200000000001,0.00337032,0.033807300000000005,0.016261
111,0.136462,0.07029550000000001,0.0379537,0.031198400000000005,0.00332629,0.0591976,0.00180733,0.00783501,0.010256,0.549555,0.00599958,0.03723169999999999,0.00027052799999999997,0.00314308,0.00259199,0.00109082,0.00813367,0.0025207,0.00418683,0.026944599999999996
112,0.0520715,0.00788427,0.079416,0.00135457,0.0413896,0.00445483,0.0754295,0.00185904,0.09654580000000001,0.00748553,0.00529768,0.00238701,0.0210991,0.00217624,0.539334,0.00561976,0.00716768,0.0196014,0.00484327,0.0245832
113,0.138902,0.0197013,0.0175649,0.132714,0.106795,0.00417583,0.167044,0.01427,0.00177571,0.0268498,0.0150029,0.013387200000000002,0.00093024,0.0711043,0.00129028,0.221423,0.012573,0.00477688,0.0268676,0.00285222
114,0.0120192,0.00680948,0.0124131,0.00634365,0.08842389999999999,0.00946912,0.049753399999999996,0.170749,0.08410010000000001,0.29692399999999997,0.017861000000000002,0.00510159,0.00126941,0.0481761,0.00165091,0.00399413,0.018694,0.103024,0.023302,0.0399215
115,0.00649447,0.00159037,0.00523285,0.00476385,0.43303,0.0086367,0.00397719,0.128753,0.00567303,0.154247,0.0705621,0.00111644,0.00894781,0.00834877,0.00581174,0.0019642,0.0149417,0.0704922,0.0427833,0.0226335
116,0.388459,0.00888226,0.00440128,0.00257151,0.00436888,0.033667,0.0176995,0.00318031,0.00270379,0.00390548,0.011795100000000001,0.00292066,0.000835342,0.00584139,0.00845396,0.29884499999999997,0.0174783,0.00186939,0.176897,0.00522417
117,0.043668599999999995,0.0153839,0.0293723,0.0225449,0.00764787,0.162332,0.031551499999999996,0.0307664,0.00932403,0.00480038,0.0178267,0.05242130000000001,0.00348474,0.0383847,0.0254325,0.388849,0.053822699999999994,0.0271298,0.0178655,0.0173916
118,0.105773,0.0100402,0.00602344,0.015375799999999998,0.0061875,0.0976068,0.016252100000000002,0.10528900000000001,0.00573194,0.00172352,0.00537565,0.0723451,0.00434815,0.038385,0.00417006,0.137733,0.060327,0.265606,0.028645999999999998,0.013060599999999999
119,0.10931099999999999,0.00124579,0.101569,0.043661900000000003,0.00874129,0.275949,0.0134243,0.00408355,0.0612924,0.00495584,0.00606617,0.111176,0.0165488,0.05164439999999999,0.0312426,0.0648424,0.0605595,0.015437000000000001,0.00186615,0.0163823
120,0.00428023,0.00893125,0.0641143,0.00933725,0.00408489,0.0585169,0.105771,0.00324959,0.0411168,0.00368129,0.00742138,0.017638099999999997,0.00419655,0.0687425,0.023259799999999997,0.429533,0.11811400000000001,0.00811608,0.0131762,0.00671859
121,0.00684258,0.0008711169999999999,0.00452269,0.0058497,0.420599,0.026863599999999998,0.00304037,0.13006900000000002,0.00440497,0.123518,0.0215792,0.00106681,0.00832564,0.00663585,0.00475655,0.00215151,0.0145857,0.0604634,0.1026,0.05125369999999999
122,0.00718453,0.014543500000000001,0.0982177,0.35541300000000003,0.036951599999999994,0.00168879,0.0161713,0.0139752,0.00150552,0.0092284,0.023675599999999998,0.00830582,0.00957225,0.228133,0.0482293,0.0438529,0.049286300000000005,0.00660357,0.019643200000000003,0.00781779
123,0.00914681,0.0006966030000000001,0.00362085,0.025759800000000003,0.360038,0.17539100000000002,0.0033575000000000002,0.0873883,0.00160468,0.061359699999999996,0.0123853,0.0027874,0.0008779030000000001,0.016533900000000004,0.000927125,0.00340102,0.00226937,0.00581179,0.157747,0.0688965
124,0.00548736,0.00271055,0.0317607,0.05650259999999999,0.0602934,0.00248999,0.00499805,0.0670207,0.00591071,0.000682737,0.025427599999999998,0.0099125,0.625708,0.00928619,0.0117286,0.0208538,0.0089403,0.00378685,0.0306632,0.0158357
125,0.22135900000000003,0.00309653,0.0513682,0.002049,0.00264892,0.00240904,0.00485572,0.00522617,0.115066,0.0236132,0.0661754,0.0669092,0.181231,0.04636130000000001,0.05806619999999999,0.12003699999999999,0.0182493,0.00116005,0.00715771,0.00296065
126,0.0206164,0.000970183,0.14166099999999998,0.25337,0.0490444,0.000628786,0.00193281,0.0154757,0.00904562,0.00138363,0.014949500000000001,0.029704599999999998,0.31130399999999997,0.0174084,0.0131743,0.0204851,0.027382999999999998,0.0146567,0.017236,0.0395699
127,0.0522048,0.00269982,0.0251195,0.19701,0.00333899,0.0263742,0.00886709,0.0008432410000000001,0.00659008,0.00176945,0.0376729,0.15418199999999999,0.00170599,0.142034,0.000376007,0.24207399999999998,0.07585349999999999,0.00133939,0.015068100000000001,0.00487692
128,0.0401199,0.00254357,0.036958,0.09477719999999999,0.00537763,0.057223,0.00985077,0.025832599999999997,0.08316439999999999,0.00983292,0.00763639,0.092578,0.00134573,0.12903299999999998,0.0481372,0.084517,0.147373,0.08923560000000001,0.0277496,0.00671434
129,0.014310499999999999,0.00176849,0.0043663,0.03346880000000001,0.242576,0.00104659,0.00580186,0.0662332,0.00418555,0.0419849,0.0191713,0.00174432,0.00136602,0.00745371,0.000319608,0.00367063,0.00389755,0.010585899999999999,0.40771199999999996,0.12833699999999998
130,0.0374766,0.00456203,0.148783,0.014848599999999998,0.00566145,0.0692652,0.00301087,0.0014663,0.0111532,0.00223827,0.014537799999999998,0.164457,0.1223,0.10269600000000001,0.00138374,0.12914,0.138737,0.00355446,0.0156984,0.00903106
131,0.0484857,0.00459746,0.06689260000000001,0.00934475,0.026374599999999998,0.34275700000000003,0.0188127,0.00198575,0.0141439,0.0026169,0.017255700000000002,0.286408,0.00579209,0.0704931,0.00736614,0.0194375,0.0300324,0.00445458,0.0144024,0.00834675
132,0.016229900000000002,0.027284500000000003,0.06937869999999999,0.055763599999999997,0.008198,0.0185697,0.19784100000000002,0.0849933,0.00264359,0.00567107,0.005950899999999999,0.019369099999999997,0.00593964,0.00800072,0.0025818,0.00678852,0.00310168,0.428439,0.0307325,0.00252244
133,0.0246409,0.00740442,0.0835409,0.0711612,0.00515399,0.114699,0.0213692,0.012808400000000001,0.108143,0.010969,0.00340172,0.0288851,0.00194887,0.0812163,0.0900421,0.053500599999999995,0.17646099999999998,0.08964939999999999,0.00856938,0.00643547
134,0.0602894,0.00784685,0.00312663,0.037529900000000005,0.04565,0.00639106,0.00845619,0.0176107,0.0207898,0.0500909,0.025646699999999998,0.0821662,0.00099813,0.151077,0.0365276,0.05991130000000001,0.132741,0.059116300000000004,0.138746,0.055287699999999995
135,0.0502576,0.0034093000000000005,0.21281799999999998,0.0342856,0.00587592,0.0756319,0.0057159,0.00194038,0.018027599999999998,0.00220922,0.00825694,0.179922,0.07623989999999999,0.0708487,0.00327967,0.125056,0.0967382,0.00433773,0.0159714,0.00917796
136,0.00287683,0.000678643,0.000829595,0.00021409,0.127893,0.682016,0.00397124,0.017034099999999996,0.0023045,0.028514400000000002,0.031193000000000002,0.0246456,0.00363853,0.00996168,8.6172e-05,0.00150293,0.00800466,0.000556502,0.00234096,0.0517377
137,0.0733385,0.014177,0.0178587,0.015119200000000001,0.0109046,0.11058399999999999,0.031304900000000004,0.012396899999999999,0.07461989999999999,0.00436587,0.00553326,0.0224928,0.00267095,0.0462998,0.030038099999999998,0.059256500000000004,0.231067,0.199544,0.0189628,0.0194643
138,0.00445362,0.0118882,0.0438221,0.0615812,0.0081297,0.00716798,0.0254862,0.00259286,0.0137986,0.00452158,0.00826077,0.00901747,0.0222677,0.0729163,0.0084551,0.359777,0.273302,0.029439599999999996,0.0242744,0.00884711
139,0.184898,0.0031994,0.00251491,0.013236000000000001,0.00360929,0.0852237,0.199123,0.00613723,0.207013,0.006010499999999999,0.036910000000000005,0.0470158,0.00618775,0.0321189,0.0127402,0.118998,0.00425181,0.00323386,0.00534692,0.0222309
140,0.409915,0.0093915,0.00189197,0.00187755,0.00222068,0.0186771,0.0217115,0.00366029,0.00611923,0.00283095,0.013206899999999999,0.00492005,0.00057906,0.0125703,0.00784374,0.253698,0.0109166,0.000523448,0.21332199999999998,0.00412413
141,0.0396643,0.748851,0.0232655,0.0165348,0.00221161,0.000852158,0.00721686,0.015818600000000002,0.00322008,0.0322054,0.04128830000000001,0.0152685,0.0116317,0.00903906,0.000207988,0.000927422,0.006790999999999999,0.023529599999999998,0.0009247389999999999,0.000550947
142,0.20855300000000002,0.00335082,0.0488666,0.00223664,0.00170688,0.011384700000000001,0.00465592,0.00667964,0.111706,0.0261672,0.076499,0.0617717,0.17838900000000002,0.0510716,0.057668,0.114774,0.015508700000000002,0.00116193,0.0148908,0.00295768
143,0.0444317,0.00207092,0.111777,0.00920541,0.0673897,0.00218336,0.0598106,0.00716129,0.0224193,0.026339099999999997,0.0163407,0.0198102,0.00302688,0.0197101,0.303221,0.059472199999999996,0.00794033,0.0613385,0.018038299999999997,0.13831400000000002
144,0.10048,0.00131409,0.0802777,0.0340631,0.0216574,0.262336,0.014240799999999998,0.00358587,0.0480203,0.00387899,0.0118558,0.12041600000000001,0.0132096,0.0530769,0.031119900000000002,0.0551336,0.0541332,0.013026499999999998,0.0027918,0.0753824
145,0.08136979999999999,0.0034863,0.0339879,0.0134204,0.00623067,0.507138,0.0156502,0.00921764,0.00683737,0.0030484,0.0185734,0.05828099999999999,0.09952260000000002,0.0209213,0.00237662,0.069422,0.0187498,0.00885636,0.012810399999999998,0.0101001
146,0.11034000000000001,0.00124618,0.0968549,0.0433023,0.00851908,0.269407,0.014079399999999999,0.00465691,0.0620668,0.00886549,0.00697768,0.10650499999999999,0.016513,0.0561211,0.03297340000000001,0.06290269999999999,0.059265599999999995,0.016634599999999996,0.00679611,0.015972200000000002
147,0.0796953,0.00315401,0.127681,0.013050899999999999,0.00376701,0.043836,0.00651178,0.00897189,0.058204700000000005,0.00697222,0.02868,0.151127,0.143178,0.0737544,0.018091299999999998,0.14516800000000002,0.0509747,0.0131786,0.0124083,0.011594
148,0.025900799999999998,0.017462900000000003,0.0783583,0.010681999999999999,0.00564918,0.0729089,0.0611472,0.00737988,0.023863099999999998,0.0049802,0.012950999999999999,0.0138142,0.0028396999999999997,0.051738900000000004,0.0105209,0.48149,0.0837747,0.00649073,0.0195248,0.00852298
149,0.0165425,0.0009626260000000001,0.094622,0.0538467,0.582734,0.037279900000000005,0.020158900000000004,0.000846262,0.010833,0.00068245,0.0215628,0.0410663,0.0183135,0.025533700000000003,0.0170202,0.00046697300000000003,0.014966899999999998,0.00118062,0.040443400000000004,0.0009371189999999999
150,0.013727000000000001,0.000263423,0.00119841,0.012697499999999999,0.32918000000000003,0.21193499999999998,0.00209973,0.00978017,0.0114755,0.0006982980000000001,0.05513919999999999,0.00481156,0.00520106,0.0117762,0.0111185,0.00166591,0.013633500000000002,0.00982936,0.0321575,0.261612
151,0.231933,0.00707958,0.011286200000000001,0.0101288,0.0183126,0.00176451,0.0173737,0.00828471,0.0323993,0.015858700000000003,0.027876599999999998,0.06485740000000001,0.00873237,0.013074299999999999,0.321329,0.11739300000000001,0.048340100000000004,0.0163697,0.00970008,0.0179051
152,0.00899417,0.00630999,0.00498724,0.24158400000000002,0.0187581,0.0020050000000000003,0.0558682,0.0037251999999999997,0.00393497,0.00658532,0.0197641,0.34470100000000004,0.00471256,0.00712562,0.12427,0.09588039999999999,0.0227451,0.0126109,0.013019399999999999,0.00241937
153,0.0138496,0.146398,0.013489700000000002,0.00822526,0.00272002,0.0227885,0.00767572,0.0386063,0.00969201,0.25577300000000003,0.327281,0.00831925,0.000850649,0.00691308,0.00392131,0.00822784,0.00129236,0.0945789,0.0116126,0.017784599999999998
154,0.00748646,0.0184583,0.00387971,0.00463972,0.020620799999999998,0.00299947,0.00861366,0.0573443,0.12129200000000001,0.0703924,0.00601722,0.346119,0.0238754,0.0157334,0.0840159,0.00256337,0.0245525,0.159608,0.013329399999999998,0.00845908
155,0.035624199999999995,0.0005833580000000001,0.0216797,0.027105900000000002,0.06080700000000001,0.00138319,0.0224648,0.025509099999999996,0.006653,0.00428037,0.0190047,0.0199475,0.0179242,0.016733900000000003,0.000274745,0.0143815,0.0174147,0.0225282,0.63003,0.0356698
156,0.0354004,0.00535464,0.0416664,0.0394223,0.1814,0.029501099999999995,0.017308,0.0753812,0.00688466,0.472998,0.0307844,0.024805400000000002,0.000601291,0.00575125,0.00211974,0.00298722,0.00357935,0.00558706,0.00792187,0.0105462
157,0.00789171,0.0266324,0.0203058,0.01225,0.0269416,0.00988281,0.0495794,0.157426,0.00775702,0.057448400000000004,0.00460963,0.0249557,0.00364977,0.026214499999999998,0.00559805,0.013075899999999998,0.266375,0.20867,0.0265135,0.044223
