site,A,C,D,E,F,G,H,I,K,L,M,N,P,Q,R,S,T,V,W,Y
1,0.041099800000000006,0.0263514,0.014307499999999999,0.0249044,0.0537153,0.07236260000000001,0.0107366,0.00706524,0.0118165,0.018550599999999997,0.388918,0.191649,0.022554499999999998,0.0327905,0.00521191,0.00766936,0.00927865,0.00443477,0.0321709,0.024412200000000002
2,0.00573056,0.00118426,0.00721808,0.011060200000000001,0.016809400000000002,0.054304399999999996,0.00385849,0.0340212,0.036682400000000004,0.09987810000000001,0.363823,0.011877799999999999,0.00574308,0.021608099999999998,0.00870356,0.00937539,0.0628106,0.0191213,0.0185489,0.20764200000000002
3,0.081107,0.00667054,0.140959,0.00541678,0.0259622,0.0314816,0.015334100000000002,0.00720156,0.129379,0.00253575,0.028391900000000005,0.07387389999999999,0.00211827,0.160528,0.00350219,0.176016,0.0487385,0.00471546,0.0288029,0.027265499999999998
4,0.0038426000000000003,0.0236381,0.013659899999999999,0.00772179,0.148457,0.00904683,0.00792254,0.22444699999999998,0.00547873,0.24720799999999998,0.0515327,0.00996031,0.00203907,0.0127346,0.00165193,0.00460783,0.086216,0.11574100000000001,0.0120682,0.0120251
5,0.00599032,0.228088,0.0122822,0.00341492,0.073009,0.0032578000000000004,0.00524546,0.21881199999999998,0.00445302,0.202059,0.0203048,0.00448367,0.000853091,0.00813754,0.00156976,0.00132868,0.04458259999999999,0.141395,0.0100107,0.010722
6,0.0200138,0.33264,0.00600494,0.00226167,0.038787199999999994,0.00330719,0.00815242,0.15711,0.00853328,0.160715,0.00904624,0.00731483,0.00160373,0.0118383,0.00160019,0.00289815,0.0338385,0.171468,0.00917758,0.0136895
7,0.00494981,0.0652322,0.0107597,0.00609758,0.147303,0.00530215,0.00809443,0.227598,0.00363394,0.259096,0.041011599999999995,0.00686497,0.000965395,0.00775124,0.00149893,0.00224214,0.06789860000000002,0.11450999999999999,0.00863552,0.0105545
8,0.22189,0.00839523,0.0107485,0.00607415,0.0211268,0.00435652,0.00918767,0.164995,0.0145761,0.25956399999999996,0.106704,0.00273185,0.006795000000000001,0.017554,0.00327005,0.0337195,0.00333997,0.05324450000000001,0.015623,0.0361046
9,0.163102,0.11478699999999999,0.019593700000000002,0.0114131,0.236738,0.025176900000000002,0.00998162,0.0111426,0.03161,0.0901682,0.00846727,0.0268846,0.00186586,0.023035800000000002,0.0050046000000000005,0.00810092,0.00690145,0.0581972,0.0276561,0.120173
10,0.177612,0.00717612,0.00442732,0.00369709,0.00728428,0.00367901,0.0038703,0.174426,0.00732072,0.295415,0.159823,0.00345195,0.00154728,0.0142144,0.00183415,0.00941067,0.000787425,0.0753823,0.011707899999999999,0.0369343
11,0.00587573,0.029979200000000004,0.0165891,0.020754400000000003,0.126693,0.0173179,0.00313955,0.175604,0.00731091,0.343395,0.0470506,0.00998773,0.00113889,0.00872758,0.00223673,0.0026676,0.07326,0.08076280000000001,0.011689299999999998,0.0158202
12,0.00713931,0.116052,0.010975799999999999,0.0037976999999999998,0.0173418,0.106472,0.127437,0.21414699999999998,0.0218648,0.00742642,0.00672079,0.00662201,0.0248198,0.0453284,0.00385111,0.0897774,0.00585428,0.130772,0.0391247,0.014475799999999999
13,0.135489,0.001334,0.00322746,0.024228,0.00344781,0.188356,0.07656589999999999,0.010928799999999999,0.05196219999999999,0.0243676,0.00175123,0.030229400000000003,0.0224704,0.155999,0.033779199999999995,0.04208680000000001,0.06814989999999999,0.0470651,0.0757906,0.00277203
14,0.09215419999999999,0.00473356,0.018681599999999996,0.130579,0.016738299999999998,0.055481100000000005,0.0219095,0.0109385,0.016288499999999997,0.010910799999999998,0.00335052,0.134116,0.00889764,0.0451789,0.010963299999999999,0.09231239999999999,0.153581,0.108101,0.0495625,0.015522200000000002
15,0.06569680000000001,0.00378251,0.17962999999999998,0.018309,0.0478648,0.103216,0.0447659,0.00707506,0.09409160000000001,0.00696267,0.00604537,0.16969700000000001,0.0267689,0.0924445,0.00525365,0.0558297,0.0245482,0.0242053,0.0142161,0.0095976
16,0.0783361,0.0020042000000000003,0.00658624,0.013809,0.00855386,0.387518,0.024036500000000002,0.00510286,0.025933499999999998,0.00957919,0.011605599999999999,0.150342,0.00941334,0.08653480000000001,0.010028,0.0510034,0.08295010000000001,0.013028999999999999,0.0192968,0.00433745
17,0.129382,0.0068414,0.347098,0.030484800000000003,0.0236864,0.0175461,0.00295826,0.0163202,0.014465,0.00161229,0.0281187,0.020095500000000002,0.23938600000000002,0.034271300000000005,0.015596899999999999,0.019702599999999997,0.0024391,0.00353118,0.0239544,0.0225102
18,0.00518898,0.0100817,0.0178687,0.00433317,0.036615800000000004,0.00522852,0.0388528,0.0444066,0.161301,0.051477800000000004,0.00963582,0.0408374,0.03375,0.0184239,0.0430961,0.0211362,0.165001,0.224827,0.0282702,0.0396671
19,0.0339436,0.032451799999999996,0.0432104,0.0463916,0.0450685,0.023132,0.0271303,0.492566,0.011587899999999998,0.0885206,0.00571168,0.00658678,0.00279357,0.0123817,0.00262069,0.00350102,0.00366297,0.026229000000000002,0.045087,0.0474225
20,0.04383069999999999,0.733587,0.00661005,0.00895206,0.00125383,0.00159711,0.00917278,0.0450902,0.00397378,0.053678,0.0112883,0.00966863,0.00201102,0.00757463,0.00037848,0.000749529,0.00555315,0.0520275,0.00156962,0.00143361
21,0.0334284,0.0114535,0.0386599,0.0163564,0.00464672,0.08462560000000001,0.00316042,0.00772216,0.0254727,0.378575,0.270513,0.0354017,0.00119831,0.00583853,0.00165626,0.00270002,0.00522725,0.00869697,0.00771082,0.0569562
22,0.00940446,0.0010768,0.0025808000000000003,0.000499626,0.107716,0.590675,0.0112794,0.012816399999999999,0.0118294,0.0338445,0.0359971,0.0476102,0.037336699999999994,0.028792099999999998,0.000547905,0.00570587,0.0181359,0.00213675,0.0044441,0.0375719
23,0.028868400000000002,0.030124500000000002,0.00672841,0.0513856,0.0780301,0.026481,0.550017,0.0388381,0.00853453,0.00918016,0.020617700000000003,0.00125386,0.00122168,0.0014392,0.00108499,0.014823,0.0450767,0.026485900000000003,0.056404499999999996,0.00340501
24,0.027567599999999998,0.0255641,0.00637984,0.0522852,0.0799964,0.0238852,0.552303,0.0385941,0.00775354,0.00935976,0.020746900000000002,0.0011853,0.00124832,0.00195724,0.00112142,0.015597,0.0449663,0.0266807,0.05902380000000001,0.00378449
25,0.532492,0.102771,0.00274288,0.00186278,0.0467834,0.005970399999999999,0.021877900000000002,0.026849099999999997,0.014302200000000003,0.026526499999999998,0.031972900000000005,0.0416803,0.00292886,0.0242098,0.0225989,0.015750999999999998,0.00141084,0.000900567,0.0569296,0.019438900000000002
26,0.00126292,0.0147832,0.00574985,0.00236658,0.00926244,0.00239737,0.0247958,0.00814473,0.023012099999999997,0.00901919,0.00176048,0.037427499999999995,0.018783900000000003,0.050416699999999995,0.0209501,0.0283033,0.0983612,0.573851,0.0398077,0.029544499999999998
27,0.209761,0.00817113,0.14544400000000002,0.0923332,0.0101725,0.00641931,0.00713226,0.0111867,0.00559341,0.00278174,0.020774900000000002,0.014613999999999999,0.262315,0.0145342,0.022625799999999998,0.0736146,0.00758916,0.013971299999999999,0.025119700000000002,0.045845
28,0.0477795,0.0195044,0.00218397,0.0352229,0.04158169999999999,0.0511478,0.0047242,0.00425201,0.00445135,0.0533341,0.045286099999999996,0.553455,0.0134843,0.047772699999999994,0.0237577,0.00278695,0.00566519,0.0175159,0.021856,0.00423881
29,0.00948017,0.000788605,0.00230141,0.00046623,0.111475,0.594259,0.0113305,0.0116288,0.0112138,0.0353077,0.035959500000000005,0.045088699999999995,0.039286699999999994,0.026662799999999997,0.000407705,0.00469379,0.0149406,0.00186673,0.00455872,0.038283199999999996
30,0.00328786,0.0141154,0.0316036,0.05492709999999999,0.0388815,0.026135000000000002,0.06922719999999999,0.00230584,0.00595734,0.0608769,0.00505526,0.0126424,0.00264784,0.0455381,0.00608744,0.017574799999999998,0.45237700000000003,0.0712492,0.0484321,0.031077999999999998
31,0.0258904,0.00411978,0.0375983,0.00264818,0.00917543,0.027264,0.014917099999999999,0.15174,0.13059400000000002,0.053656100000000005,0.35349,0.00582666,0.00228658,0.00517525,0.00724311,0.018769900000000003,0.00630882,0.00444828,0.0229087,0.11594000000000002
32,0.00108182,0.020605099999999998,0.00584424,0.00219609,0.00900036,0.0026166,0.0232093,0.00673303,0.022248,0.00934033,0.00222583,0.037733800000000005,0.0144936,0.0521778,0.019791800000000002,0.029269200000000002,0.10181699999999999,0.575228,0.0366846,0.0277031
33,0.044760900000000006,0.020668000000000002,0.0073809,0.00389586,0.0301798,0.0390026,0.00844152,0.0162127,0.403468,0.0408253,0.0105455,0.21666300000000002,0.0173005,0.0102553,0.018241099999999996,0.0160171,0.00891032,0.0416515,0.0305651,0.015015299999999999
34,0.00423022,0.0154361,0.0326985,0.0560937,0.036031400000000005,0.028070400000000002,0.0665172,0.00180959,0.00679788,0.0581977,0.00711901,0.010191500000000001,0.0028699999999999997,0.046444599999999996,0.00558212,0.0169391,0.44850100000000004,0.0736286,0.050808,0.0320332
35,0.0393506,0.08502219999999999,0.0215242,0.025924700000000002,0.026585200000000003,0.0428045,0.00531846,0.161018,0.0150036,0.402841,0.0450769,0.0111765,0.00729657,0.00898315,0.00234725,0.00414462,0.010034,0.039100699999999995,0.011276000000000001,0.0351717
36,0.00396992,0.00690665,0.0312997,0.045371499999999995,0.0305969,0.0213809,0.053914699999999996,0.00208104,0.00724174,0.0288022,0.00626784,0.017312099999999997,0.00269921,0.0471539,0.00543255,0.129724,0.418371,0.0791032,0.0411409,0.0212298
37,0.0197443,0.0163414,0.439071,0.1263,0.0392939,0.00303646,0.00299108,0.00633335,0.0036474000000000003,0.0331648,0.0210303,0.116433,0.0227576,0.022457599999999998,0.0438907,0.00628901,0.034856,0.00726303,0.028758299999999997,0.00634023
38,0.0342589,0.00578492,0.36951100000000003,0.112783,0.015982800000000002,0.00205933,0.00301219,0.00580957,0.00424105,0.0186986,0.0141566,0.0398931,0.14485499999999998,0.0152468,0.11731199999999999,0.044103199999999995,0.0154976,0.00527235,0.0180717,0.013450100000000001
39,0.0884392,0.00231603,0.023102900000000003,0.0164954,0.00572272,0.218744,0.09610969999999999,0.0143376,0.0496502,0.02213,0.00398491,0.041853800000000004,0.013755799999999999,0.208484,0.0255121,0.0330314,0.0509042,0.0482173,0.0349304,0.0022781
40,0.00247447,0.0239519,0.0110661,0.08954960000000001,0.0242645,0.00422965,0.0217451,0.33693,0.00250205,0.0119307,0.00525109,0.00886371,0.071411,0.0194218,0.019717500000000002,0.00553176,0.00332421,0.164008,0.10311500000000001,0.0707117
41,0.00346755,0.0140012,0.0146839,0.5532520000000001,0.0621305,0.00295869,0.027180700000000002,0.04846280000000001,0.00132095,0.0227956,0.018747200000000002,0.0330786,0.0112572,0.049160199999999994,0.016024200000000002,0.015863,0.034325,0.00274031,0.041075099999999996,0.0274751
42,0.00165511,0.0168678,0.00505952,0.00276204,0.00892329,0.00287458,0.0260373,0.00821906,0.0210282,0.00887187,0.00148446,0.037274,0.016650099999999998,0.0480418,0.0199742,0.027041900000000004,0.0977293,0.582673,0.038482300000000004,0.0283504
43,0.00265023,0.0164343,0.00620171,0.00622105,0.041601599999999996,0.00399191,0.0386899,0.029545099999999998,0.0259582,0.0528731,0.011610200000000001,0.019061099999999997,0.00449853,0.0324532,0.00724273,0.0126732,0.200826,0.415029,0.0366213,0.035817699999999994
44,0.048099800000000005,0.00360184,0.020403900000000003,0.0284145,0.0149835,0.14324,0.00998782,0.012062100000000001,0.016434999999999998,0.00499952,0.012835299999999997,0.377781,0.010853100000000001,0.0492315,0.00698104,0.08438689999999999,0.102573,0.020510900000000002,0.0241389,0.00848054
45,0.538103,0.10693699999999999,0.00164427,0.00283184,0.0428551,0.00619226,0.0235238,0.025504699999999998,0.015568,0.0258318,0.030505400000000002,0.043471499999999996,0.00275587,0.0228341,0.0211567,0.0150334,0.00147128,0.000833706,0.053921500000000004,0.019024400000000004
46,0.0040934,0.012169899999999999,0.0262772,0.00603858,0.0305952,0.0382241,0.010352799999999999,0.00252263,0.0649409,0.0188845,0.0108083,0.022654499999999998,0.00581183,0.20105499999999998,0.00436222,0.0217042,0.339485,0.115844,0.0380073,0.0261684
47,0.00304373,0.012898699999999999,0.0147276,0.550962,0.0595418,0.00283317,0.029435000000000003,0.0488279,0.00136449,0.0225569,0.020232,0.029877499999999998,0.0127256,0.0507255,0.015977500000000002,0.0168032,0.0352491,0.00248576,0.040675,0.0290579
48,0.00602813,0.0207906,0.0338587,0.037906,0.0121593,0.0252489,0.0349153,0.01522,0.0124779,0.322334,0.0088019,0.0305671,0.00298259,0.013565100000000002,0.00387262,0.00704407,0.29189,0.055822199999999995,0.0196178,0.0448985
49,0.00134147,0.0199026,0.00450199,0.0026624,0.00799141,0.00293078,0.0268959,0.00516896,0.022658900000000003,0.00954261,0.00166169,0.037706199999999995,0.016319,0.0500537,0.0215954,0.0261238,0.09817530000000001,0.578325,0.0396829,0.026759500000000002
50,0.00677065,0.0129194,0.00419565,0.528917,0.0442594,0.00147679,0.00267458,0.0412723,0.000736588,0.0047651,0.0212673,0.0352423,0.00334261,0.143125,0.00164378,0.0259818,0.048924699999999995,0.00234638,0.047327999999999995,0.0228102
51,0.013875499999999999,0.00453081,0.025882099999999998,0.05730930000000001,0.0141011,0.00619521,0.00479259,0.00700138,0.0221011,0.0113318,0.00799674,0.10306900000000001,0.00720685,0.035438599999999994,0.0389264,0.341091,0.2357,0.035909500000000004,0.014317400000000001,0.013224000000000001
52,0.0795509,0.0138441,0.10797000000000001,0.00779868,0.007355700000000001,0.08522819999999999,0.0251624,0.0186385,0.07377130000000001,0.00662814,0.00262861,0.161394,0.0051135,0.193972,0.0159845,0.08022699999999999,0.07227489999999999,0.0112366,0.0194205,0.0118009
53,0.0392153,0.00662793,0.00701001,0.025101,0.014836199999999999,0.0195559,0.161119,0.0232887,0.00953292,0.00279404,0.0255342,0.2824,0.08900010000000001,0.022531799999999998,0.00413147,0.137888,0.0298409,0.05558,0.0361018,0.00791077
54,0.00363086,0.024881599999999997,0.0108815,0.00441404,0.143479,0.00478472,0.0075794,0.21032800000000001,0.00358933,0.262231,0.0742965,0.00855995,0.000835074,0.0101999,0.00144528,0.00322821,0.0830029,0.116401,0.010604,0.0156269
55,0.0642598,0.00511683,0.246389,0.0341535,0.0680423,0.118861,0.0165907,0.00795206,0.055453999999999996,0.00337746,0.015166299999999999,0.0881574,0.168777,0.0378702,0.0109966,0.00652259,0.016267,0.00917699,0.016026699999999998,0.0108423
56,0.00965216,0.00813445,0.0125611,0.41776599999999997,0.048628500000000005,0.00584208,0.0212904,0.010598100000000001,0.148273,0.0208046,0.0123726,0.0149178,0.0235497,0.00770345,0.132741,0.011372499999999999,0.0197178,0.012803100000000001,0.0229112,0.038360000000000005
57,0.0412087,0.058917599999999994,0.0329142,0.0272476,0.0595471,0.037041500000000005,0.0145491,0.278826,0.013819499999999998,0.28138,0.0285931,0.0120488,0.00649379,0.00809711,0.00234179,0.00420404,0.011200299999999998,0.034617800000000004,0.0165767,0.0303755
58,0.043019999999999996,0.736081,0.00738362,0.00881111,0.00115022,0.00134486,0.00918371,0.0449854,0.00362042,0.053394500000000004,0.0101868,0.00993251,0.00178571,0.00689024,0.000410111,0.000664322,0.00625219,0.0518429,0.00162291,0.0014371
59,0.0119928,0.00256574,0.0987029,0.0147368,0.0218967,0.00658368,0.0113916,0.0185687,0.114531,0.00375821,0.00784232,0.0913792,0.315506,0.0268975,0.15002000000000001,0.0213547,0.019007,0.0389022,0.012500299999999999,0.0118624
60,0.113647,0.00272017,0.00934479,0.0244937,0.0218419,0.00376835,0.00662674,0.00928318,0.024695500000000002,0.02207,0.00966744,0.148864,0.0193938,0.0650956,0.0614123,0.29320799999999997,0.095375,0.0354712,0.021476099999999998,0.0115453
61,0.0174887,0.00334592,0.09606010000000001,0.0251627,0.0541327,0.0245766,0.04165630000000001,0.0150454,0.0129,0.00169689,0.013635299999999998,0.014297200000000001,0.405352,0.00878121,0.00866491,0.0437239,0.050245099999999994,0.033777999999999996,0.0365142,0.0929426
62,0.0130691,0.00286539,0.00508739,0.00314872,0.00521316,0.0127542,0.102599,0.028081900000000003,0.0865148,0.175096,0.012729899999999999,0.056310400000000004,0.00222208,0.006678,0.00496445,0.00427922,0.178767,0.202924,0.015393200000000001,0.08130169999999999
63,0.0168561,0.00241996,0.389412,0.00973473,0.0140178,0.00352658,0.00751809,0.00823328,0.0579009,0.00853686,0.0089518,0.0164371,0.17196199999999998,0.05376419999999999,0.115075,0.0635754,0.0172073,0.012837799999999998,0.0118403,0.0101936
64,0.0221072,0.0943855,0.013309,0.0187511,0.0225067,0.11293800000000001,0.00571901,0.117434,0.0303423,0.38522399999999996,0.044716900000000004,0.0100515,0.00420638,0.00888556,0.00252954,0.00298733,0.00811975,0.0440714,0.011414200000000001,0.040301300000000005
65,0.0942142,0.00122334,0.00406245,0.0281762,0.00736951,0.238652,0.0778212,0.022124900000000003,0.050147000000000004,0.0227124,0.00359687,0.030565,0.016664599999999998,0.175005,0.0403234,0.0317027,0.0563382,0.04575069999999999,0.0451375,0.00841313
66,0.061745600000000005,0.00431313,0.21198499999999998,0.0164802,0.0239475,0.0477027,0.0163696,0.00532808,0.0632914,0.00651569,0.00867898,0.208931,0.00919918,0.203818,0.008428299999999998,0.040235599999999996,0.0245852,0.00918624,0.018741400000000002,0.0105174
67,0.0436834,0.732769,0.00808933,0.00862024,0.00126221,0.00155454,0.00913399,0.0439528,0.00402707,0.054625099999999996,0.011367299999999999,0.0105975,0.00238527,0.00704376,0.00043405699999999995,0.000653836,0.005836399999999999,0.0508723,0.0016712,0.00142047
68,0.0109405,0.00483444,0.22809699999999997,0.00575332,0.0711469,0.07587569999999999,0.175095,0.00491242,0.013608700000000001,0.020805200000000003,0.0174067,0.0115676,0.0228493,0.0152786,0.00502949,0.0530529,0.199511,0.0105988,0.0449574,0.00867838
69,0.0315188,0.036064099999999995,0.0371295,0.041698400000000004,0.0107075,0.0490661,0.00845531,0.130851,0.0350129,0.34631100000000004,0.028975599999999997,0.0216958,0.111417,0.0122204,0.0073686,0.005065999999999999,0.00641746,0.0129999,0.0251827,0.041842199999999996
70,0.00843984,0.297596,0.0165153,0.0052349,0.0244032,0.00556852,0.00582028,0.256411,0.00467255,0.139067,0.0105028,0.00329867,0.00107088,0.011335,0.00166424,0.00213636,0.012397100000000001,0.141873,0.031811400000000004,0.0201822
71,0.080286,0.00589859,0.260312,0.00284533,0.0185549,0.164401,0.011381,0.00741519,0.0212239,0.018986000000000003,0.0223477,0.221347,0.026254800000000002,0.0701682,0.0021907,0.0264812,0.0151359,0.00431703,0.013436600000000002,0.00701669
72,0.119993,0.004205899999999999,0.00571378,0.00810271,0.0801553,0.257283,0.022706599999999997,0.00311598,0.010058899999999999,0.0240475,0.22588200000000003,0.0454705,0.0062353,0.0387599,0.00394889,0.0109867,0.0638043,0.00290803,0.023139,0.043483
73,0.180671,0.007219199999999999,0.00525602,0.00383222,0.00906795,0.00369276,0.00578735,0.17011400000000002,0.0067337000000000004,0.289917,0.162472,0.00375097,0.00147907,0.014597399999999998,0.00182538,0.00954518,0.0007616260000000001,0.0734283,0.011746,0.0381031
74,0.00753138,0.108852,0.0237671,0.022577200000000002,0.07471860000000001,0.0213209,0.00950893,0.2303,0.007876000000000001,0.290877,0.017255,0.0101975,0.00345086,0.00746236,0.00231522,0.00240028,0.0586633,0.07124889999999999,0.00952472,0.020152200000000002
75,0.00956171,0.00119401,0.00255228,0.000362994,0.104525,0.593618,0.0125133,0.0121833,0.0110855,0.0329196,0.03760019999999999,0.0471235,0.03910569999999999,0.0270969,0.00048229400000000003,0.00637397,0.0173788,0.00190807,0.00473057,0.0376841
76,0.014325399999999999,0.0024977,0.201049,0.0151166,0.07854019999999999,0.00413988,0.0367372,0.00288167,0.00982264,0.0040381,0.014802700000000002,0.00321899,0.317152,0.0172609,0.00417319,0.0844027,0.10363599999999999,0.010413500000000001,0.035392099999999996,0.0403994
77,0.00690957,0.00563094,0.036758400000000004,0.023394799999999997,0.08953639999999999,0.0782803,0.00173042,0.0487223,0.010323899999999999,0.000481672,0.0176704,0.019279499999999998,0.492221,0.00272156,0.00513387,0.002182,0.00220977,0.0337558,0.0646246,0.0584332
78,0.0994188,0.00158332,0.00305936,0.022465099999999998,0.00302597,0.21893,0.10714800000000001,0.0122367,0.046990199999999996,0.0276582,0.00165208,0.0224858,0.016374100000000003,0.20414100000000002,0.029502800000000003,0.029485700000000004,0.051520800000000005,0.0583465,0.0426736,0.00130217
79,0.05802380000000001,0.66377,0.00886226,0.00949635,0.00264575,0.00268425,0.00317517,0.0515986,0.00713843,0.0682979,0.0163846,0.0115654,0.00391464,0.012754600000000001,0.00045726400000000003,0.00118363,0.00906469,0.0609742,0.00256846,0.00544002
80,0.00713803,0.00741053,0.651522,0.00180228,0.0624033,0.0014800999999999998,0.00328934,0.0186748,0.0179224,0.022418900000000002,0.0477245,0.00248881,0.0312883,0.025737,0.0183258,0.0221137,0.014438299999999998,0.00230461,0.0388975,0.00262002
81,0.0999691,0.00161034,0.00306513,0.0226986,0.00162863,0.215696,0.106005,0.012434299999999999,0.0478211,0.0281004,0.00168354,0.0223996,0.016988299999999998,0.20103,0.030482099999999998,0.030182599999999997,0.052681500000000006,0.059498199999999994,0.0447938,0.00123129
82,0.0322614,0.00174253,0.010803499999999999,0.04374430000000001,0.459132,0.0410201,0.177533,0.0540934,0.00656111,0.0651393,0.0274274,0.00428312,0.000798827,0.00276678,0.00104741,0.0009601680000000001,0.0131339,0.0017591999999999998,0.0408504,0.014941899999999998
83,0.045207599999999994,0.0143612,0.00780806,0.00830405,0.016773,0.05996080000000001,0.0127223,0.00701103,0.014571200000000001,0.162981,0.0229977,0.377761,0.00191326,0.17331,0.00260894,0.00387731,0.0191219,0.018528,0.0196412,0.01054
84,0.024498,0.00221674,0.150228,0.180838,0.0425025,0.10500799999999999,0.00521203,0.00523611,0.017082299999999998,0.026873700000000004,0.0206425,0.047093199999999995,0.0165231,0.0192457,0.0296677,0.00451752,0.136131,0.00949513,0.0450494,0.11193900000000001
85,0.103305,0.011445,0.0592403,0.07895010000000001,0.22991999999999999,0.13791099999999998,0.0183049,0.00850251,0.046954199999999995,0.00936459,0.022769099999999997,0.0882167,0.025613599999999997,0.036853,0.00691131,0.014724100000000002,0.0414796,0.00767094,0.018777099999999998,0.0330864
86,0.015104499999999998,0.00319632,0.0297374,0.18047,0.012909299999999999,0.00708253,0.00371057,0.00834671,0.0444453,0.0117203,0.00538483,0.16449,0.00228572,0.0327041,0.012296099999999999,0.18929300000000002,0.22143000000000002,0.0244665,0.019743700000000003,0.0111839
87,0.225654,0.00285781,0.026945499999999997,0.0173412,0.019465299999999998,0.00856271,0.0190655,0.015947899999999997,0.025633099999999995,0.00451256,0.0205794,0.0320179,0.00530175,0.0320866,0.00113494,0.0705003,0.0141143,0.00552545,0.42557399999999995,0.0271802
88,0.00659646,0.00790644,0.6487189999999999,0.0026615,0.0654845,0.000970009,0.00385842,0.0200926,0.0171859,0.0235771,0.047926300000000005,0.00293349,0.0297238,0.025922399999999998,0.019821000000000002,0.0196565,0.0137566,0.0026241,0.037719300000000004,0.00286434
89,0.00208703,0.029916200000000004,0.00350127,0.00419214,0.0121426,0.00426819,0.038394199999999996,0.041665600000000004,0.034125699999999995,0.23386500000000002,0.0756797,0.0310053,0.00190883,0.022713999999999998,0.00299505,0.0036655,0.172077,0.222268,0.0161469,0.0473825
90,0.0279092,0.00188147,0.00824813,0.044115100000000004,0.476882,0.0327385,0.10304400000000001,0.100463,0.0032796999999999995,0.057022500000000004,0.017949400000000004,0.0023109000000000003,0.000441396,0.00359103,0.000644371,0.00109888,0.00196975,0.0023535,0.08496260000000001,0.0290942
91,0.00190009,0.029638099999999997,0.0144422,0.025647399999999997,0.012720700000000001,0.0121997,0.0211141,0.477307,0.00642129,0.012193299999999999,0.00312429,0.00374968,0.0420452,0.0344904,0.00824568,0.0051126,0.00173844,0.105492,0.10902200000000001,0.0733957
92,0.0040623000000000005,0.014655600000000001,0.015275299999999999,0.552288,0.053780499999999995,0.00341001,0.031404800000000004,0.0495344,0.00130934,0.022156799999999997,0.018642,0.0292612,0.0107735,0.0503162,0.0178114,0.0182423,0.034935,0.00289651,0.040779,0.0284656
93,0.03888080000000001,0.00282906,0.048170199999999996,0.0373939,0.0480195,0.00512613,0.00342973,0.010175100000000001,0.0164442,0.00911582,0.00514378,0.04726369999999999,0.008689200000000001,0.00283146,0.648146,0.00909474,0.00646232,0.025633499999999997,0.00559861,0.0215523
94,0.08227000000000001,0.00185188,0.231756,0.079364,0.00874979,0.00228433,0.00459796,0.00524198,0.00509685,0.00309021,0.014078299999999998,0.00612027,0.362115,0.00569142,0.055647699999999994,0.07186000000000001,0.00771414,0.0074976,0.0140624,0.030910000000000003
95,0.016116,0.00302535,0.015499200000000001,0.177297,0.011780500000000001,0.00441444,0.00417297,0.00929636,0.0412858,0.0132869,0.00584226,0.184097,0.00425973,0.0318413,0.0113558,0.187368,0.217797,0.0290998,0.0236303,0.00853419
96,0.354554,0.0223629,0.013256299999999999,0.00545676,0.00937051,0.187059,0.0211991,0.0166696,0.0229663,0.017659599999999998,0.03993030000000001,0.08247639999999999,0.00411552,0.0429106,0.00466939,0.101216,0.00541574,0.00192232,0.030542200000000002,0.0162476
97,0.00258197,0.0012397,0.00624341,0.006871300000000001,0.21784499999999998,0.0100439,0.00641802,0.13580599999999998,0.017052200000000003,0.0107661,0.0740688,0.0699697,0.037025800000000005,0.0446972,0.00448567,0.025045400000000002,0.0437306,0.129644,0.05175269999999999,0.10471300000000001
98,0.129781,0.00484895,0.364533,0.016255600000000002,0.028130400000000003,0.00668802,0.00684103,0.00856283,0.0429329,0.0152798,0.0465745,0.00456599,0.0797842,0.0357091,0.011458,0.130251,0.00640045,0.0039887,0.0411527,0.0162616
99,0.00331533,0.00207812,0.00316928,0.00442206,0.014629399999999999,0.00572865,0.0675452,0.0317376,0.0643471,0.134166,0.0165099,0.08902489999999999,0.00284201,0.0122204,0.00509661,0.0065932000000000004,0.219561,0.22176700000000002,0.016515799999999997,0.078731
100,0.0405466,0.732627,0.00732555,0.00883095,0.00124611,0.00154543,0.0100354,0.0449771,0.00439528,0.054307600000000004,0.0100184,0.0107353,0.00254089,0.00667608,0.00040266300000000004,0.000605235,0.00618153,0.0539683,0.00160544,0.00142954
101,0.020059599999999997,0.00114926,0.00372956,0.03957430000000001,0.00836755,0.033168699999999995,0.000567793,0.0850268,0.0182446,0.0520851,0.052949,0.00342813,0.035709500000000005,0.0256649,0.0120521,0.00426789,0.020246599999999997,0.04672,0.10505,0.431939
102,0.00695571,0.00426679,0.03414330000000001,0.0222604,0.0872187,0.0779442,0.00200267,0.05234400000000001,0.0100569,0.000489637,0.0172905,0.0183813,0.488622,0.00273657,0.00462902,0.00189586,0.00196994,0.0360846,0.0711233,0.0595842
103,0.0159042,0.00277251,0.00328857,0.00248683,0.380399,0.291217,0.0014818,0.0063535,0.00822297,0.0038546,0.0227697,0.0152703,0.068719,0.0184144,0.00187737,0.00157013,0.0108243,0.00448511,0.00889149,0.131197
104,0.106455,0.00576825,0.428321,0.00457245,0.0420865,0.00826902,0.00869939,0.014016800000000001,0.103453,0.0242426,0.0559307,0.00871059,0.0326829,0.0335934,0.00846897,0.04842659999999999,0.00835544,0.00359973,0.042142900000000004,0.0122043
105,0.00224803,0.00509964,0.00952616,0.00593409,0.207328,0.00653658,0.023786599999999998,0.0527048,0.0344471,0.00698684,0.00706258,0.0197769,0.0206058,0.043623,0.0137084,0.0125039,0.139072,0.319977,0.044518,0.0245553
106,0.00304572,0.00644137,0.026890300000000002,0.00523783,0.026645599999999995,0.00874951,0.00747961,0.10254100000000001,0.0225263,0.00103024,0.00782798,0.0308967,0.373006,0.0144817,0.0241852,0.00952028,0.0294973,0.178162,0.06677360000000002,0.055062
107,0.0170606,0.015591999999999998,0.420026,0.017387299999999998,0.047082099999999995,0.00930531,0.00330542,0.00592262,0.00625272,0.040488800000000005,0.0308022,0.22999299999999998,0.026317,0.050576199999999995,0.020493,0.00650376,0.00882666,0.00715298,0.0319488,0.00496404
108,0.013987999999999999,0.00268541,0.029002499999999997,0.248881,0.015619799999999998,0.0435572,0.00186184,0.06427050000000001,0.00516086,0.0485693,0.0241351,0.0106505,0.0250467,0.0180393,0.00674616,0.00610361,0.0369209,0.00989136,0.09211269999999999,0.296757
109,0.13561600000000001,0.0168606,0.00986153,0.270427,0.0458519,0.0150184,0.005934,0.0595746,0.00195627,0.010642299999999999,0.0518453,0.054335400000000006,0.015299200000000002,0.176387,0.00343958,0.030395099999999998,0.00359598,0.00255073,0.0509926,0.0394164
110,0.347407,0.0183011,0.0367858,0.0189299,0.00643678,0.035395300000000005,0.0161537,0.00764897,0.020021200000000003,0.00536431,0.027295999999999997,0.0177428,0.00868503,0.0461063,0.00736335,0.283171,0.012048399999999999,0.002705,0.06783310000000001,0.014603999999999999
111,0.0308309,0.035822,0.0380089,0.030337400000000004,0.00644535,0.053128800000000004,0.00379183,0.0103065,0.0259051,0.542121,0.049883300000000005,0.0443884,0.00150124,0.00844307,0.0029988000000000003,0.00433814,0.0389879,0.0127012,0.00991746,0.0501425
112,0.0404579,0.00441152,0.0465464,0.049468599999999995,0.0449236,0.00380712,0.00604987,0.011495100000000001,0.0126743,0.0120318,0.00620546,0.0526413,0.00853002,0.0049006,0.632963,0.00739672,0.00651455,0.023380900000000003,0.00439952,0.021202000000000002
113,0.037433,0.015765,0.0454229,0.0371314,0.00636944,0.021802099999999998,0.00588204,0.00924209,0.014071799999999999,0.022011199999999998,0.04813119999999999,0.0165379,0.00475115,0.265751,0.00415108,0.321739,0.062222,0.0155768,0.028651599999999996,0.017357
114,0.0376539,0.034943699999999994,0.044322,0.00514925,0.0203387,0.036624000000000004,0.0137321,0.329392,0.117708,0.12447899999999999,0.09119189999999999,0.00935731,0.00426898,0.010705899999999999,0.00443613,0.00932823,0.00615839,0.0209838,0.028729400000000006,0.0504967
115,0.00875337,0.44630299999999995,0.00472526,0.00195134,0.016953299999999998,0.00445421,0.00206781,0.12825599999999998,0.00319331,0.18996500000000002,0.0126383,0.00301459,0.0009369,0.00403359,0.000801605,0.00123392,0.0147816,0.142991,0.00631134,0.00663306
116,0.44005200000000005,0.0129263,0.013127000000000002,0.00753193,0.00607829,0.0174868,0.0178908,0.0131924,0.023647099999999997,0.0138993,0.0193445,0.043713699999999994,0.00942583,0.011773100000000002,0.17501,0.120077,0.00676328,0.00266003,0.0321413,0.0132596
117,0.07405139999999999,0.00761897,0.026002099999999997,0.07116669999999999,0.00363162,0.12020499999999999,0.00437441,0.00698702,0.00951664,0.00536131,0.0287171,0.09341239999999999,0.00248007,0.057629099999999996,0.00259084,0.357112,0.07624639999999999,0.010678299999999998,0.0193737,0.0228449
118,0.0188322,0.0047145,0.023585400000000003,0.0399121,0.0204607,0.0145016,0.0148197,0.123207,0.020423300000000002,0.00614484,0.010421600000000001,0.259437,0.0106321,0.0609345,0.00807767,0.19883199999999998,0.0965023,0.0236088,0.0260709,0.0188816
119,0.0215667,0.00126389,0.00582397,0.00210638,0.0339156,0.561561,0.00468828,0.00453063,0.0122895,0.00896944,0.0228113,0.150652,0.0180369,0.047313,0.000868747,0.0226028,0.06069019999999999,0.00328907,0.00699327,0.0100271
120,0.013258100000000002,0.0046659,0.0466588,0.009246700000000002,0.00675776,0.133183,0.0191219,0.00307431,0.0682077,0.0078083,0.0206188,0.040639,0.00588556,0.021977700000000003,0.00266848,0.381569,0.151151,0.00989565,0.0204509,0.033161500000000003
121,0.028188400000000002,0.0064261000000000006,0.019072099999999998,0.0396514,0.383182,0.0305119,0.07189060000000001,0.13727899999999998,0.00494054,0.143565,0.033782400000000004,0.00521692,0.000938759,0.00402293,0.00121632,0.00132917,0.014828200000000001,0.018336099999999998,0.0376553,0.017967
122,0.00604775,0.0119925,0.191066,0.432504,0.0617197,0.00616948,0.026514199999999998,0.045277099999999994,0.00234471,0.0351892,0.022832599999999998,0.00616693,0.029050700000000002,0.00853611,0.018437900000000004,0.0124938,0.028537299999999998,0.00279258,0.0386714,0.0136554
123,0.019777799999999998,0.00120981,0.0414568,0.0350407,0.5717720000000001,0.0708817,0.0206905,0.012622,0.0115623,0.00365977,0.0220811,0.026359699999999996,0.0309103,0.0232261,0.013744200000000002,0.00146696,0.013067500000000001,0.00379802,0.050635400000000004,0.026037599999999998
124,0.0126308,0.00527451,0.015103,0.026218099999999998,0.19126400000000002,0.024483099999999997,0.0137446,0.198026,0.017830099999999998,0.0619179,0.0951588,0.0708296,0.0171515,0.03731040000000001,0.00656512,0.0147525,0.0509814,0.0524435,0.0374117,0.0509031
125,0.250173,0.02462,0.0387804,0.0080071,0.0369901,0.049635000000000006,0.016417599999999997,0.00511988,0.175217,0.0242894,0.016904699999999998,0.13852799999999998,0.00761723,0.051152699999999995,0.0125851,0.0307389,0.0353235,0.00430971,0.052702099999999995,0.0208893
126,0.00417279,0.0131604,0.0172307,0.5498970000000001,0.0575457,0.00304307,0.0299923,0.0486059,0.00124962,0.0210669,0.021069900000000003,0.030621,0.013422700000000001,0.0520934,0.015511000000000002,0.0160814,0.03385,0.00259426,0.0410662,0.027725200000000002
127,0.13230899999999998,0.012961799999999999,0.043697,0.0851137,0.00985609,0.117532,0.00640094,0.014305799999999999,0.00696671,0.00416494,0.0382348,0.06027709999999999,0.00772975,0.11335999999999999,0.00197043,0.262287,0.019559299999999998,0.00227467,0.042442099999999996,0.0185573
128,0.00635841,0.011140299999999999,0.013266899999999998,0.054862400000000006,0.0262825,0.0518379,0.00872236,0.00724787,0.024790200000000002,0.014258000000000002,0.00828587,0.107759,0.0117289,0.210508,0.00530355,0.0241399,0.296835,0.0760696,0.0285173,0.0120853
129,0.0196732,0.00617097,0.00761633,0.0317044,0.0289193,0.00514788,0.0020621,0.0883995,0.00853523,0.00485809,0.017846,0.00473309,0.043647000000000005,0.0202043,0.000712857,0.00892827,0.0114887,0.0597835,0.408027,0.22154200000000002
130,0.0155387,0.00272719,0.0105244,0.0886285,0.012999700000000001,0.00768539,0.00383525,0.00730726,0.0179779,0.0112328,0.00733567,0.141692,0.00500936,0.0370009,0.0124002,0.30541599999999997,0.251104,0.0346723,0.017317,0.00959534
131,0.025826099999999998,0.00217541,0.00597504,0.00200186,0.046467,0.523217,0.0161703,0.00523208,0.0145912,0.017426300000000002,0.0328798,0.0859651,0.0139114,0.052499300000000006,0.00503285,0.0179388,0.0930964,0.00637506,0.0106343,0.0225847
132,0.00159007,0.043963800000000004,0.00388322,0.00533389,0.00806809,0.00386509,0.0136084,0.175055,0.00594572,0.012146500000000001,0.00140343,0.00785588,0.0791717,0.036407499999999995,0.00470669,0.00804849,0.0107667,0.39920100000000003,0.106924,0.07205460000000001
133,0.0463398,0.00683611,0.03571869999999999,0.025608,0.0382774,0.0215708,0.0202617,0.00714079,0.25111700000000003,0.025559900000000003,0.0218363,0.021496099999999997,0.0198988,0.0181395,0.21736799999999998,0.016912,0.12506099999999998,0.0228891,0.022559,0.035410199999999996
134,0.0101604,0.0144251,0.013110499999999999,0.029625099999999998,0.016307299999999997,0.0218246,0.012439,0.00768563,0.0184764,0.0307202,0.0369657,0.0319599,0.00847118,0.20743899999999998,0.00663198,0.0415355,0.22924699999999998,0.213666,0.0305005,0.018809299999999998
135,0.143523,0.00507561,0.23703400000000002,0.00746762,0.0142773,0.08315750000000001,0.010194,0.00531533,0.0308529,0.0119068,0.0182474,0.232424,0.014610499999999998,0.0938798,0.00702848,0.039080699999999996,0.0153185,0.0048958,0.0198077,0.00590356
136,0.00946161,0.0012132999999999998,0.0033200000000000005,0.00047011199999999996,0.107795,0.587025,0.0119619,0.0113958,0.012106200000000001,0.0344851,0.03559419999999999,0.0487509,0.0390362,0.028651299999999998,0.000530684,0.00611933,0.0189083,0.00217953,0.00490257,0.0360935
137,0.129019,0.00205989,0.0258539,0.0152078,0.0102019,0.17011700000000002,0.0579673,0.009523700000000001,0.0690652,0.017765,0.00339904,0.0494798,0.013782399999999998,0.150859,0.033800699999999996,0.0576231,0.101248,0.030172300000000003,0.0452448,0.00761041
138,0.00738748,0.00465262,0.031928899999999996,0.050994,0.00692854,0.0138754,0.0298156,0.00260601,0.013293700000000002,0.0078262,0.0100188,0.016766299999999998,0.00385956,0.042853699999999995,0.00346142,0.355193,0.306895,0.056517700000000004,0.0232991,0.011827500000000001
139,0.05653430000000001,0.00543558,0.023178599999999997,0.00688364,0.0214887,0.139013,0.00911889,0.00591923,0.09346549999999999,0.0146862,0.021674000000000002,0.0445339,0.00936919,0.0215426,0.00264222,0.369834,0.0545853,0.00907078,0.0227537,0.06827029999999999
140,0.567826,0.0183313,0.00460369,0.0048267,0.00807328,0.0119984,0.0137808,0.00481714,0.0125675,0.00729288,0.011253399999999998,0.034964,0.00475412,0.0232926,0.015699200000000003,0.11548699999999999,0.017433,0.00153963,0.110325,0.0111343
141,0.040910300000000004,0.739586,0.00661061,0.00874067,0.00111386,0.00144898,0.00948689,0.0442921,0.00344444,0.05285019999999999,0.010401299999999999,0.0105864,0.00218689,0.00677973,0.000347239,0.000634767,0.00631756,0.051228300000000004,0.00160894,0.00142445
142,0.0416386,0.0149835,0.033443099999999996,0.00442316,0.0737323,0.00708227,0.013218200000000001,0.06388590000000001,0.12050799999999999,0.112403,0.303492,0.013256299999999999,0.0112295,0.010876700000000001,0.0531477,0.00943499,0.0106225,0.0082616,0.0152382,0.07912260000000002
143,0.0446799,0.00354016,0.041312,0.0112642,0.0463003,0.0035178000000000006,0.00536935,0.00556428,0.0336199,0.0100009,0.00400369,0.0194315,0.0100312,0.00545224,0.6911189999999999,0.00576934,0.0046015,0.0255315,0.00569591,0.0231957
144,0.141424,0.00251294,0.042274900000000004,0.0184246,0.00743705,0.24890500000000002,0.0271218,0.0083962,0.035186,0.00748166,0.0194598,0.159851,0.00478634,0.10401700000000001,0.025575999999999998,0.06766989999999999,0.030517700000000002,0.0161013,0.0237364,0.00912003
145,0.0269058,0.00156056,0.00884671,0.00293648,0.00566799,0.558569,0.00678369,0.00507146,0.013686199999999999,0.00199132,0.0183673,0.178653,0.0259193,0.042729,0.00296382,0.0363921,0.0427459,0.00486104,0.00977582,0.00557311
146,0.10509500000000001,0.0014289,0.021662200000000003,0.0369091,0.009678200000000001,0.215842,0.0751966,0.0150113,0.0605645,0.021057,0.00228775,0.0306193,0.0189285,0.139501,0.0400375,0.038842800000000004,0.045523400000000006,0.0658174,0.0497017,0.00629587
147,0.05569630000000001,0.00374676,0.196378,0.00829169,0.0180965,0.0463358,0.0107723,0.00917616,0.0825952,0.00343705,0.005242899999999999,0.20355299999999998,0.00225122,0.138001,0.00908597,0.11486700000000001,0.0549077,0.00738779,0.0096568,0.020521099999999997
148,0.029267500000000002,0.00571727,0.09612860000000001,0.016538900000000002,0.00967457,0.08747189999999999,0.016755900000000004,0.00496826,0.027411400000000002,0.0078071,0.0267722,0.0100185,0.00538572,0.041918699999999996,0.00202086,0.44690699999999994,0.11111199999999999,0.00741895,0.019500200000000002,0.027205400000000005
149,0.0188283,0.000752853,0.047132099999999996,0.0383644,0.599477,0.059422300000000004,0.0230351,0.00727368,0.012286100000000001,0.00193576,0.0224463,0.0293428,0.0297192,0.022673500000000003,0.0156441,0.00102964,0.013473500000000001,0.00228523,0.0398707,0.015007
150,0.015359999999999999,0.000296823,0.002042,0.0116632,0.445619,0.185862,0.000871837,0.00527835,0.00666348,0.00102245,0.0206262,0.00978813,0.06411230000000001,0.020156200000000003,0.00966313,0.00215486,0.00825136,0.00305802,0.027004000000000004,0.16050699999999998
151,0.49562399999999995,0.0073375,0.013307900000000001,0.00725016,0.00927042,0.021424799999999997,0.00707432,0.00427712,0.011831399999999999,0.00704371,0.011312899999999999,0.0671236,0.00523487,0.0352447,0.00658075,0.138121,0.0369334,0.00238441,0.101525,0.0110982
152,0.0122873,0.00669966,0.0455664,0.314173,0.0433894,0.00319341,0.013786000000000001,0.0283161,0.00518045,0.0186604,0.013700299999999999,0.07506260000000001,0.015996700000000003,0.00908194,0.305374,0.00977532,0.0221235,0.013907,0.013415,0.0303118
153,0.027985000000000003,0.0126418,0.0355365,0.0151757,0.00443529,0.0868924,0.00382393,0.00707885,0.024471400000000004,0.356912,0.299494,0.0353095,0.000800832,0.00523867,0.00113513,0.00321111,0.00388485,0.00796092,0.00844703,0.05956569999999999
154,0.0426374,0.017555200000000003,0.00416489,0.00400972,0.0313303,0.049287199999999996,0.00630887,0.00951417,0.22582800000000003,0.042088099999999996,0.0161291,0.391241,0.0194486,0.0171257,0.0201673,0.00939216,0.00915544,0.0509411,0.023511700000000003,0.0101631
155,0.0326725,0.00148988,0.027792700000000004,0.027325400000000003,0.0659954,0.00266303,0.0208172,0.054242599999999995,0.00875532,0.00297046,0.0148279,0.014883500000000001,0.0309098,0.020891299999999998,0.000397842,0.00824552,0.0144889,0.0357509,0.553234,0.06164580000000001
