552	20
0.0171532	0.0393236	0.0442904	0.0212151	0.0282461	0.021098	0.017532	0.0131308	0.0231568	0.00481862	0.446506	0.145037	0.00818887	0.0308905	0.00231237	0.0105152	0.0257812	0.0225006	0.0377255	0.0405789	
0.0572107	0.00525856	0.0966768	0.0794207	0.00875026	0.00220895	0.00532057	0.0564784	0.031882	0.0558653	0.401363	0.00498031	0.00120063	0.0234892	0.00162395	0.00405867	0.0405562	0.0267917	0.0256699	0.0711938	
0.174454	0.040087	0.0239769	0.0465717	0.00761231	0.0127439	0.0101628	0.025205	0.148966	0.0063335	0.00494646	0.00420078	0.0671663	0.102966	0.00577828	0.156324	0.0680936	0.0426169	0.0418608	0.00993288	
0.00856055	0.00230074	0.0052004	0.00316711	0.459891	0.00181105	0.00508206	0.146083	0.00980622	0.158088	0.00995187	0.00134977	0.0211607	0.00311722	0.0115761	0.0015912	0.0312101	0.0916457	0.0119275	0.0164795	
0.0558996	0.0274872	0.0124029	0.00460272	0.100013	0.00795539	0.01199	0.269262	0.00972449	0.202733	0.0556351	0.00236513	0.00248758	0.00776837	0.00220785	0.00733831	0.0232828	0.147243	0.0106507	0.0389508	
0.0812347	0.0406215	0.00422683	0.00343891	0.0978036	0.0155238	0.0346441	0.115719	0.0133404	0.160365	0.0259614	0.0047841	0.00211398	0.028328	0.00160608	0.0137648	0.0630529	0.200162	0.0167705	0.0765384	
0.0589066	0.0120661	0.0142129	0.00181593	0.135777	0.00269374	0.00409023	0.259274	0.00502454	0.223111	0.100669	0.00105877	0.00112922	0.00568568	0.00116281	0.00870338	0.0130182	0.100823	0.0123564	0.0384207	
0.186476	0.0379595	0.00594842	0.0118134	0.0878808	0.00959721	0.0143401	0.136774	0.00509049	0.229831	0.0527689	0.00155843	0.00256936	0.00873806	0.00175195	0.0225573	0.041006	0.0985348	0.0124362	0.0323677	
0.121424	0.0562694	0.00374707	0.00360179	0.102073	0.012145	0.0127458	0.150248	0.00325483	0.20238	0.0833279	0.00401324	0.00325619	0.028713	0.00130685	0.0128465	0.0344861	0.102186	0.00826195	0.0537126	
0.142871	0.040102	0.00420329	0.00504594	0.0908642	0.0107922	0.012493	0.154537	0.00482114	0.231043	0.072204	0.00261525	0.00226578	0.00911931	0.000966508	0.0157999	0.0414543	0.111163	0.0130099	0.0346298	
0.0929986	0.0233638	0.0053519	0.00267153	0.189236	0.00512346	0.0102703	0.172749	0.00530608	0.222726	0.0563741	0.000537405	0.00316941	0.0044172	0.00137572	0.0129243	0.0307519	0.122327	0.00759788	0.030728	
0.11125	0.0644205	0.00341511	0.00263664	0.0813342	0.0390532	0.0290758	0.102903	0.0141523	0.146274	0.0460142	0.00557238	0.00137037	0.0437041	0.00129737	0.0256269	0.0714925	0.163132	0.0111128	0.0361626	
0.225992	0.125998	0.00719382	0.0155472	0.00724852	0.0627483	0.0200387	0.00757551	0.0553994	0.0245383	0.0135303	0.00224246	0.049137	0.0752184	0.00410361	0.0568775	0.0799335	0.0530827	0.111142	0.00245248	
0.0895522	0.00782112	0.00333183	0.0381859	0.00626354	0.0914692	0.0201419	0.0553747	0.0163199	0.00208867	0.00666991	0.0784104	0.00123839	0.0465279	0.00823499	0.151296	0.113537	0.224237	0.027654	0.0116453	
0.0809575	0.00226209	0.0976434	0.0343075	0.0132297	0.230272	0.0441474	0.00899423	0.0803329	0.00581965	0.00634827	0.114243	0.0126753	0.0622091	0.0325575	0.0536879	0.0585124	0.0319666	0.00465877	0.0251755	
0.28118	0.00696253	0.00510359	0.00679235	0.00291694	0.268058	0.0213037	0.0014076	0.00809492	0.00212776	0.0109507	0.0517825	0.00239258	0.0746392	0.00239632	0.150768	0.04895	0.0151303	0.027661	0.0113819	
0.0352594	0.0409957	0.465088	0.00478837	0.0583548	0.00306767	0.00217473	0.047723	0.0202356	0.00353542	0.025814	0.00801304	0.20214	0.0218577	0.0187436	0.00330326	0.00203404	0.00103918	0.0328889	0.00294342	
0.00850716	0.0109937	0.0236139	0.0623855	0.0333249	0.0208193	0.00963204	0.0225119	0.167057	0.00608313	0.00900794	0.0204459	0.00445541	0.192112	0.126553	0.0219326	0.129338	0.0980593	0.0128297	0.0203389	
0.0255357	0.018042	0.0334947	0.0264799	0.018319	0.0330675	0.0154502	0.560196	0.00289461	0.131523	0.0199315	0.00419654	0.000948148	0.0115381	0.00375667	0.00330496	0.00110393	0.0323036	0.0230804	0.0348332	
0.0408409	0.747602	0.0218015	0.0155196	0.00188828	0.000939565	0.00772965	0.016722	0.00327662	0.0332684	0.0425756	0.0139992	0.01105	0.00824946	0.000177248	0.00105249	0.00707836	0.0244702	0.001135	0.000624411	
0.0110292	0.0154755	0.0101248	0.00322315	0.0181608	0.00981785	0.0028055	0.502109	0.00202292	0.223006	0.0528241	0.00156398	0.000304918	0.0034743	0.00246799	0.00412342	0.00120404	0.0884103	0.00931206	0.0385406	
0.00164993	0.000423218	0.000446654	0.000170875	0.13205	0.68718	0.00269544	0.0179926	0.0019149	0.0290208	0.0320411	0.0189534	0.00294782	0.00867826	0.000106136	0.000709958	0.00758493	0.000469054	0.0015343	0.0534302	
0.0930541	0.00105995	0.00275457	0.0177787	0.0544198	0.0623529	0.204503	0.0252698	0.0208876	0.00423066	0.0386405	0.00138441	0.0021914	0.0028249	0.00656401	0.00693264	0.0243246	0.0552955	0.070187	0.305344	
0.0551048	0.0296431	0.0133127	0.0411319	0.0102608	0.0231478	0.529387	0.00892217	0.00432761	0.07481	0.0185366	0.00615268	0.00105028	0.0725381	0.00372466	0.0089758	0.0491228	0.0163332	0.0318498	0.00166832	
0.421952	0.0103758	0.00271105	0.00308524	0.00276733	0.0185778	0.0212833	0.00457215	0.00509985	0.00293012	0.0148128	0.00276441	0.000394642	0.0137808	0.00566676	0.263628	0.0101153	0.000711652	0.190406	0.00436512	
0.00267906	0.0243516	0.00788413	0.00947255	0.0150016	0.00737842	0.00542807	0.00199094	0.00593499	0.00539265	0.00538189	0.256561	0.0186291	0.0374495	0.0134956	0.00406598	0.131953	0.400836	0.0396277	0.00648671	
0.0950673	0.0089196	0.00168046	0.138137	0.00730166	0.00886764	0.00299902	0.0151482	0.0013228	0.0018159	0.0169696	0.54016	0.0550457	0.0288805	0.00504783	0.0153544	0.00236655	0.0121393	0.0395056	0.00327076	
0.00293406	0.00534179	0.00625742	0.0760742	0.00107804	0.0097422	0.0110589	0.00485109	0.0102139	0.000690785	0.0453072	0.573352	0.00175437	0.0259316	0.071547	0.0920631	0.00482134	0.0376337	0.0149506	0.00439633	
0.00382497	0.00677212	0.0084655	0.00261901	0.0321106	0.396915	0.043038	0.00301508	0.00380024	0.00407957	0.0149613	0.0710883	0.00118947	0.0263273	0.00231064	0.0397858	0.246607	0.0122634	0.0210566	0.0597706	
0.00589314	0.0431425	0.167503	0.195683	0.0776789	0.00308773	0.0396876	0.00380926	0.0028111	0.0204973	0.0119587	0.0141417	0.00591422	0.0204034	0.00671487	0.0110496	0.325523	0.00518473	0.0347593	0.00455651	
0.00366222	0.00291893	0.0297912	0.00331269	0.00836583	0.00564285	0.00374441	0.0801192	0.0947373	0.0193222	0.178074	0.0047054	0.0010064	0.138471	0.0200866	0.0139686	0.125407	0.0111418	0.0151186	0.240404	
0.00111555	0.0273565	0.00487406	0.00402499	0.00481861	0.00230305	0.0409518	0.00214547	0.0149881	0.00199025	0.00240409	0.0845544	0.0262128	0.0331853	0.0244923	0.0242357	0.0817767	0.545331	0.0503027	0.0229369	
0.0105702	0.0197301	0.48257	0.00191952	0.0404501	0.00241319	0.00544043	0.00526211	0.182602	0.0366439	0.01481	0.103612	0.0263771	0.00827155	0.0116438	0.00512123	0.00433	0.00926065	0.0257042	0.00326806	
0.00162906	0.0497256	0.0454164	0.0547629	0.0624407	0.0272424	0.0593913	0.00242484	0.00144586	0.0109857	0.00438215	0.0100961	0.00116821	0.031123	0.00478376	0.00606792	0.477098	0.0758082	0.0488596	0.0251483	
0.0061606	0.0161578	0.00726118	0.00433158	0.00753333	0.0128598	0.00425155	0.465777	0.00254413	0.278531	0.0215633	0.00367876	0.000393171	0.00381402	0.00313729	0.00627411	0.00161595	0.10842	0.00982743	0.0358687	
0.00432732	0.0213721	0.0463064	0.0693479	0.0108574	0.031415	0.0213947	0.0836939	0.00507823	0.17105	0.135359	0.0192741	0.00121019	0.0300921	0.00514374	0.023933	0.247106	0.00696532	0.0235331	0.0425405	
0.0105486	0.0216421	0.210061	0.449584	0.0730544	0.000898584	0.00218932	0.00285377	0.00114593	0.0350005	0.0249858	0.041557	0.0237706	0.0170144	0.0103015	0.00324831	0.0219714	0.00154024	0.0440183	0.00461345	
0.00990111	0.00276141	0.161439	0.0971731	0.00373702	0.0017828	0.0390848	0.0112542	0.123747	0.00194287	0.00413918	0.168774	0.00902474	0.0525303	0.0580276	0.146233	0.0943423	0.00461209	0.00781445	0.00167793	
0.0417071	0.00793876	0.0436781	0.00676593	0.0320128	0.281045	0.0250775	0.00435719	0.0110626	0.00422076	0.0253411	0.37903	0.00209365	0.0710025	0.0080025	0.00806899	0.0178374	0.00615909	0.0190056	0.00559289	
0.00408971	0.0290919	0.0142012	0.0395106	0.00338299	0.00336756	0.0699811	0.0909558	0.00155199	0.00473853	0.00321961	0.00856492	0.0184676	0.0227907	0.00511305	0.0110352	0.00645457	0.587616	0.0352595	0.040607	
0.0115631	0.0161666	0.0189638	0.335714	0.0295375	0.00174823	0.00737294	0.00138829	0.00229426	0.00140376	0.00904859	0.00540956	0.333599	0.031124	0.00403936	0.0104033	0.117144	0.00622831	0.0306939	0.0261572	
0.00125556	0.0250148	0.00451717	0.00399266	0.00448625	0.0019592	0.0427508	0.00315529	0.0154419	0.00189253	0.00164803	0.0817926	0.0238418	0.0333586	0.0228939	0.0254187	0.0859774	0.54886	0.0484233	0.0233196	
0.00211789	0.029102	0.00753922	0.0128692	0.00971072	0.00575253	0.0611525	0.00757479	0.00241041	0.00507452	0.0042083	0.00448321	0.00133601	0.0337284	0.00546236	0.00524692	0.460181	0.249659	0.0583813	0.0340097	
0.0439388	0.00586234	0.0165946	0.0536651	0.018681	0.00577985	0.32935	0.00345291	0.00206007	0.00541308	0.0336769	0.111627	0.00196108	0.0443611	0.00102415	0.210976	0.0531239	0.0163119	0.0409109	0.00122806	
0.388817	0.00773193	0.00184505	0.00277721	0.0013757	0.0246881	0.0219005	0.00152941	0.0047871	0.00210158	0.0109637	0.00486068	0.000269303	0.0165369	0.00814891	0.237242	0.0150583	0.000754442	0.245578	0.003034	
0.0018875	0.0427425	0.00532131	0.00857306	0.00529369	0.00571577	0.0159531	0.0374017	0.098937	0.0048099	0.198	0.00322355	0.00250598	0.193871	0.00730795	0.00798953	0.100967	0.183392	0.0328961	0.0432121	
0.0103831	0.0221695	0.212148	0.449454	0.0736953	0.000853986	0.00196455	0.0030179	0.0010107	0.0337994	0.0250709	0.0405949	0.0247602	0.0169059	0.010136	0.00294459	0.0224679	0.00145218	0.0426387	0.00453168	
0.0039568	0.0230889	0.0383626	0.0649631	0.00878233	0.0257501	0.0095033	0.11792	0.00376465	0.418966	0.00366798	0.030606	0.000644221	0.0194174	0.00395625	0.00295423	0.0889109	0.0287475	0.0132207	0.0928165	
0.00409396	0.110369	0.00447698	0.0047918	0.00132333	0.00320851	0.00440951	0.0812748	0.00734446	0.195789	0.00458707	0.01071	0.000456071	0.00680856	0.00289931	0.00861544	0.0136868	0.39572	0.00971228	0.129723	
0.0096388	0.0343184	0.00837021	0.363913	0.0428755	0.00183409	0.155688	0.0324173	0.00148534	0.0187857	0.0389207	0.0273488	0.0125016	0.114331	0.00670561	0.0406691	0.0466549	0.00487582	0.0315123	0.00715398	
0.0131966	0.00297571	0.163323	0.0229475	0.00667616	0.00123139	0.0158516	0.00715968	0.0567766	0.0032305	0.00409107	0.170079	0.00185361	0.0170095	0.0341847	0.241683	0.220256	0.00371283	0.011041	0.00272085	
0.0494822	0.00188781	0.102504	0.153968	0.00742805	0.016593	0.0101284	0.020469	0.0576093	0.0134597	0.0082926	0.110727	0.000679475	0.119572	0.0244474	0.0766348	0.106499	0.0592718	0.0514575	0.00889026	
0.0544399	0.00693999	0.00549396	0.0124718	0.0129076	0.0423085	0.386712	0.0083554	0.154223	0.00291954	0.0249804	0.0875312	0.0323179	0.0180305	0.00684125	0.0739917	0.00658014	0.027647	0.0283912	0.00691781	
0.00308145	0.0192017	0.00974389	0.152645	0.0624659	0.0205848	0.0915783	0.0574136	0.00377471	0.0943903	0.0808301	0.1516	0.00149038	0.0147368	0.00453537	0.00555697	0.149383	0.0496006	0.0224948	0.00489334	
0.0366907	0.00350235	0.0937127	0.0229947	0.00647636	0.46576	0.0150885	0.010921	0.0105475	0.00143262	0.010416	0.075335	0.124945	0.0132561	0.00328993	0.0534761	0.019326	0.0133231	0.00723519	0.0122714	
0.0617259	0.016267	0.0104123	0.140539	0.00869411	0.00483084	0.0359257	0.00227855	0.189381	0.00807765	0.155878	0.00875985	0.00215988	0.0148378	0.158646	0.0485631	0.0854066	0.0062151	0.0238271	0.0175731	
0.0135181	0.000991468	0.00298395	0.0258237	0.280975	0.130064	0.000622227	0.0895912	0.00175957	0.0882004	0.0113061	0.00106179	0.00101225	0.00335972	0.000851852	0.00249092	0.00166847	0.00828782	0.231774	0.103658	
0.0395885	0.746274	0.0242825	0.0162339	0.0020983	0.000901684	0.00749842	0.0171758	0.00320756	0.0337601	0.0419405	0.0150995	0.0105584	0.00821534	0.000196574	0.000984844	0.00676044	0.0236855	0.000941565	0.000596544	
0.220474	0.00325676	0.0504574	0.00206885	0.00189352	0.00241058	0.00474747	0.00526745	0.114522	0.0239953	0.0671974	0.0672786	0.182277	0.0459525	0.0583205	0.121002	0.0178655	0.00115661	0.00694514	0.00291132	
0.244981	0.00293246	0.0388011	0.00378358	0.00588804	0.00207766	0.00515213	0.00451822	0.0970451	0.0211317	0.055975	0.0619668	0.181152	0.0508823	0.0567786	0.130609	0.022578	0.00196979	0.00780148	0.00397566	
0.00431973	0.00170329	0.0519871	0.0656668	0.0218213	0.00491743	0.0123776	0.0242219	0.00534919	0.000485741	0.0156254	0.00727374	0.656505	0.00353929	0.00784457	0.0186453	0.0204387	0.0130307	0.0302437	0.0340035	
0.0280814	0.0101285	0.00738439	0.00433566	0.0964076	0.00834562	0.0516222	0.147523	0.0593118	0.296437	0.0117218	0.00358165	0.00202411	0.0271434	0.00126009	0.00501234	0.0320887	0.138687	0.0119909	0.0569122	
0.00668345	0.00627445	0.313964	0.13617	0.0145081	0.00157125	0.195182	0.0653365	0.0185978	0.00583745	0.0126374	0.00335121	0.00548461	0.0750743	0.0460314	0.0563979	0.00300246	0.0072676	0.0242661	0.00236084	
0.0291067	0.018931	0.0236081	0.0341278	0.0191946	0.0969998	0.00397246	0.0396148	0.0102403	0.590705	0.0255208	0.0249169	0.000665874	0.00731023	0.00479085	0.00183636	0.00563082	0.0100889	0.00754932	0.0451889	
0.023728	0.00518251	0.0379848	0.0157828	0.0383684	0.320675	0.0269465	0.0438241	0.0516622	0.0335345	0.103782	0.0224922	0.0136061	0.113496	0.0826342	0.00486589	0.0129743	0.0159307	0.0191425	0.0133881	
0.0157873	0.0152951	0.398895	0.0410424	0.0419541	0.0159207	0.0119987	0.00468659	0.0347386	0.0139454	0.0415168	0.097134	0.00804011	0.148172	0.0022486	0.0135944	0.0401733	0.0109327	0.0383974	0.00552727	
0.0402545	0.747356	0.0227548	0.0160755	0.00205499	0.000915543	0.00770808	0.0162811	0.00330464	0.0336048	0.0423462	0.0143417	0.0112411	0.0094768	0.000164524	0.000923984	0.00628555	0.0232426	0.00106454	0.000602909	
0.00523375	0.00791601	0.108837	0.0100348	0.00657508	0.0459693	0.0925747	0.00320434	0.0404549	0.00597554	0.0105712	0.0309442	0.00332521	0.0429026	0.0122851	0.396699	0.152887	0.00442916	0.0143022	0.00487831	
0.00871971	0.00224758	0.00510574	0.00347063	0.456733	0.00176247	0.00536685	0.145998	0.00992115	0.159844	0.0108874	0.0014024	0.0223464	0.00449751	0.0108566	0.00141565	0.0297354	0.0915688	0.0118943	0.0162261	
0.2194	0.0228121	0.0400285	0.294853	0.0141709	0.0039769	0.0278811	0.155673	0.00249655	0.0771299	0.0129176	0.010645	0.00195532	0.01648	0.0069978	0.00966471	0.00641472	0.0290465	0.0252828	0.0221738	
0.0608728	0.00514327	0.0838371	0.0080243	0.0274357	0.449753	0.0132747	0.00885128	0.00576793	0.0234645	0.0331184	0.165147	0.0349396	0.0350554	0.00128384	0.0124397	0.00874699	0.00341733	0.0133704	0.00605641	
0.111247	0.00389238	0.00432964	0.00654232	0.0179656	0.0683341	0.0691215	0.002629	0.0085796	0.0394319	0.151387	0.0270735	0.00389373	0.0209514	0.000921011	0.0035176	0.0508727	0.0476179	0.324289	0.0374028	
0.115728	0.0262835	0.0160332	0.0346947	0.0262048	0.0108278	0.00522543	0.326414	0.00775591	0.181403	0.103666	0.00423785	0.000748676	0.0165417	0.00300839	0.00691805	0.00340973	0.0627078	0.0163029	0.0318881	
0.00347271	0.0019281	0.00440267	0.0130225	0.00813422	0.00427944	0.00923846	0.0858048	0.0071063	0.280378	0.00300529	0.00623928	0.000659777	0.00691338	0.00224491	0.00151477	0.0312009	0.202429	0.00845732	0.319568	
0.00200158	0.000653939	0.000964647	0.00018242	0.129215	0.681695	0.00360496	0.0164769	0.00210089	0.0279652	0.0312098	0.026767	0.00274099	0.00961289	9.71244e-05	0.00140935	0.00795888	0.000495816	0.00230475	0.0525432	
0.0169666	0.00758688	0.127379	0.0159959	0.0143032	0.018036	0.00354735	0.00450748	0.00577957	0.00419788	0.0193735	0.305341	0.152834	0.0513052	0.00289816	0.0926668	0.102032	0.0181467	0.0314201	0.00568289	
0.00544027	0.0329236	0.101106	0.036775	0.0381101	0.0106557	0.00196396	0.044592	0.00741189	0.00127576	0.0254316	0.025397	0.584735	0.00186137	0.0048254	0.00560602	0.00259872	0.0189689	0.0373363	0.0129851	
0.0772243	0.00320121	0.0118178	0.0951252	0.0739165	0.0598301	0.0589768	0.00155888	0.0447538	0.00153608	0.146093	0.00415155	0.0498722	0.152235	0.0831582	0.0899751	0.00513523	0.00867182	0.00855667	0.0242103	
0.0368653	0.670944	0.0197278	0.0164736	0.00319562	0.00197087	0.00619306	0.0274089	0.00578629	0.0446081	0.0927082	0.0122428	0.00742539	0.0111791	0.000435226	0.00131852	0.00881686	0.0283021	0.00215044	0.00224751	
0.0574754	0.0158358	0.541191	0.0497343	0.0474273	0.0302294	0.00666174	0.00919401	0.00415555	0.0446047	0.0493937	0.00107815	0.0186255	0.0327173	0.0174078	0.00654715	0.0270635	0.00238047	0.0345089	0.00376874	
0.0402312	0.00476973	0.102847	0.098779	0.00967686	0.0229172	0.174321	0.0281079	0.00272969	0.101416	0.0109016	0.0185461	0.0229003	0.0754298	0.0246041	0.1004	0.0879745	0.0489999	0.0203774	0.00407081	
0.0200121	0.00371314	0.0334397	0.0333773	0.318598	0.0676208	0.0564067	0.0741817	0.00840343	0.251623	0.0876649	0.00412068	0.000855855	0.0106038	0.00157051	0.00609964	0.00281385	0.00766406	0.00829455	0.0029367	
0.0194236	0.00374726	0.0222673	0.0239999	0.00519141	0.124195	0.0121711	0.0324468	0.0426647	0.213177	0.0143019	0.0728842	0.0210459	0.225855	0.0337145	0.0207497	0.0308072	0.0057298	0.073301	0.00232719	
0.0524896	0.00488734	0.129346	0.0536718	0.0167845	0.258823	0.00909603	0.109603	0.0106094	0.00947349	0.00332391	0.0344292	0.024845	0.0388673	0.0160615	0.0118515	0.0380904	0.0943334	0.0152914	0.0681229	
0.0755746	0.00278569	0.0151846	0.0884765	0.100336	0.0522102	0.0452917	0.00135676	0.0472452	0.000843621	0.127481	0.00413285	0.0624574	0.151275	0.089061	0.0854886	0.00543732	0.00629067	0.00650265	0.0325687	
0.0466994	0.00274859	0.0280027	0.255617	0.00332127	0.0271935	0.00928753	0.000887773	0.0109918	0.00126068	0.0338766	0.146046	0.000682926	0.124097	0.000921434	0.215126	0.0714611	0.00162117	0.0154285	0.00472878	
0.151249	0.00109392	0.0146113	0.0199495	0.0070061	0.00467028	0.0310644	0.00818281	0.00754908	0.001502	0.0158585	0.0252492	0.00185329	0.0230876	0.000726156	0.0747656	0.0201684	0.00505578	0.570791	0.0155663	
0.0109325	0.0270283	0.429565	0.0197559	0.0023037	0.00395416	0.017311	0.0284638	0.0283131	0.00247339	0.0336622	0.00340164	0.00103078	0.0442142	0.0247414	0.269992	0.00867569	0.0118862	0.0273445	0.00495057	
0.00223402	0.00109233	0.00382792	0.0218071	0.00323292	0.00577088	0.00231142	0.0589688	0.00849411	0.241726	0.0119849	0.00651561	0.00131702	0.0116628	0.0131905	0.00433799	0.0420189	0.17441	0.0116118	0.373485	
0.0122	0.000945054	0.00295444	0.0318922	0.315062	0.17554	0.00159208	0.113889	0.000730545	0.0496679	0.00157752	0.00124107	0.000165078	0.0135098	0.000488373	0.0017119	0.000609536	0.00122172	0.199633	0.075369	
0.0128729	0.015906	0.00659525	0.00441455	0.0126482	0.0127751	0.0426022	0.37586	0.00533013	0.00849651	0.0178089	0.00354425	0.0111758	0.0334879	0.00327394	0.00566973	0.000741771	0.34752	0.0460573	0.0332195	
0.00364184	0.0385513	0.00273063	0.472742	0.0656178	0.000712265	0.0260537	0.0264863	0.00040867	0.0364242	0.03317	0.0600117	0.0704383	0.00895092	0.0115278	0.0172843	0.0289733	0.00217638	0.0649067	0.0291918	
0.005656	0.00670223	0.188438	0.00637416	0.0352161	0.00472929	0.0188021	0.00265363	0.109224	0.00893026	0.0105692	0.00462021	0.0321308	0.00434905	0.465801	0.0095137	0.0359895	0.0170496	0.0121724	0.021078	
0.0219199	0.000586924	0.140529	0.095991	0.0282766	0.000211577	0.00174428	0.023234	0.0134224	0.00142599	0.0116435	0.0273236	0.464952	0.0225446	0.0234391	0.0414825	0.0192166	0.0190734	0.0067389	0.0362439	
0.0490542	0.00281535	0.0284314	0.200721	0.00225649	0.0224075	0.00377193	0.00222072	0.0118399	0.00266824	0.0353241	0.177692	0.00217019	0.128862	0.00366367	0.216154	0.0828054	0.00305966	0.0193455	0.00473665	
0.321224	0.0137657	0.00364608	0.00429389	0.00669423	0.310551	0.016744	0.0159376	0.0135344	0.00097796	0.0371146	0.0558503	0.117806	0.00899311	0.00149809	0.0454638	0.0012496	0.00130698	0.0114407	0.0119081	
0.0247623	0.00091241	0.128258	0.107462	0.0424123	0.000207849	0.000770893	0.0287615	0.0174736	0.0011038	0.0182463	0.0369673	0.395612	0.029804	0.0237733	0.0349018	0.0261942	0.0366104	0.0096249	0.0361407	
0.110283	0.0054615	0.190579	0.079769	0.0192211	0.00383407	0.146172	0.00806599	0.00474851	0.0142221	0.0367676	0.180703	0.00570608	0.0127285	0.00227643	0.081581	0.0173131	0.0132335	0.0476732	0.0196614	
0.0291683	0.00365244	0.0476085	0.00972088	0.0178567	0.261551	0.0453042	0.0161198	0.0792824	0.0118025	0.0100441	0.0994057	0.0140729	0.0469955	0.00786079	0.0339386	0.136254	0.0647841	0.00886939	0.0557085	
0.0412335	0.746494	0.0230026	0.0163044	0.00208225	0.000920811	0.00762973	0.0164716	0.00352232	0.0335617	0.0399199	0.0149682	0.0117281	0.00878778	0.000225914	0.000960778	0.00707589	0.0235136	0.00100513	0.000592121	
0.0132498	0.000358283	0.00149986	0.0106326	0.110746	0.12021	0.000978539	0.0113339	0.0135856	0.00605799	0.0814763	0.00959916	0.00418858	0.0171764	0.0125407	0.00270296	0.0252962	0.0127023	0.0406386	0.505026	
0.00526613	0.0322523	0.100684	0.0385902	0.0378815	0.010132	0.00240446	0.0448848	0.00749362	0.00147654	0.0250389	0.024849	0.584166	0.00145648	0.00485379	0.00583898	0.00265858	0.0208895	0.0366849	0.0124982	
0.00608866	0.000748582	0.00259334	0.000422354	0.190532	0.547154	0.00351986	0.0212862	0.0046056	0.00839896	0.0431649	0.00512895	0.00458284	0.0121522	0.00109383	0.00192932	0.0126355	0.00174057	0.00262325	0.129599	
0.0650918	0.00208875	0.277597	0.166975	0.00516478	0.0105902	0.0384898	0.0117688	0.0320606	0.00993613	0.00602205	0.099048	0.0027467	0.0482159	0.00555057	0.040054	0.0593162	0.0331457	0.0749542	0.0111835	
0.00764666	0.00387533	0.00876223	0.00596333	0.429352	0.00944118	0.0105469	0.0721812	0.0185787	0.132	0.00442581	0.0155335	0.00755149	0.0235409	0.0146651	0.00171648	0.0568664	0.152557	0.0128993	0.011896	
0.0242064	0.000834764	0.129746	0.109587	0.040607	0.000205165	0.00081717	0.0283652	0.0154456	0.00112588	0.0172259	0.036858	0.40715	0.0268951	0.0225558	0.0351934	0.0244488	0.0338012	0.00920693	0.0357241	
0.00898254	0.0521991	0.331562	0.0372083	0.0549793	0.00339552	0.00314271	0.0041463	0.00108849	0.0325631	0.0610482	0.25316	0.042608	0.0373782	0.0201056	0.0044862	0.00469005	0.00701441	0.0362324	0.00401	
0.00770424	0.00218713	0.0101559	0.147278	0.0242523	0.0248617	0.00234335	0.0116667	0.005218	0.175383	0.0294935	0.0668018	0.00297163	0.0144553	0.00496517	0.00458933	0.0305421	0.0592275	0.0264822	0.349421	
0.0816489	0.00781822	0.0131259	0.370291	0.0446466	0.0777938	0.00671971	0.0262201	0.0012534	0.013871	0.0296118	0.128202	0.0157188	0.111166	0.00100841	0.025858	0.00289894	0.00330176	0.0199971	0.0188477	
0.11873	0.029424	0.00885774	0.353671	0.0263467	0.00550072	0.0478303	0.0162976	0.00114469	0.0100592	0.0271691	0.0135766	0.00532829	0.0423971	0.00556199	0.223256	0.0114092	0.00337032	0.0338073	0.016261	
0.136462	0.0702955	0.0379537	0.0311984	0.00332629	0.0591976	0.00180733	0.00783501	0.010256	0.549555	0.00599958	0.0372317	0.000270528	0.00314308	0.00259199	0.00109082	0.00813367	0.0025207	0.00418683	0.0269446	
0.0520715	0.00788427	0.079416	0.00135457	0.0413896	0.00445483	0.0754295	0.00185904	0.0965458	0.00748553	0.00529768	0.00238701	0.0210991	0.00217624	0.539334	0.00561976	0.00716768	0.0196014	0.00484327	0.0245832	
0.138902	0.0197013	0.0175649	0.132714	0.106795	0.00417583	0.167044	0.01427	0.00177571	0.0268498	0.0150029	0.0133872	0.00093024	0.0711043	0.00129028	0.221423	0.012573	0.00477688	0.0268676	0.00285222	
0.0120192	0.00680948	0.0124131	0.00634365	0.0884239	0.00946912	0.0497534	0.170749	0.0841001	0.296924	0.017861	0.00510159	0.00126941	0.0481761	0.00165091	0.00399413	0.018694	0.103024	0.023302	0.0399215	
0.00649447	0.00159037	0.00523285	0.00476385	0.43303	0.0086367	0.00397719	0.128753	0.00567303	0.154247	0.0705621	0.00111644	0.00894781	0.00834877	0.00581174	0.0019642	0.0149417	0.0704922	0.0427833	0.0226335	
0.388459	0.00888226	0.00440128	0.00257151	0.00436888	0.033667	0.0176995	0.00318031	0.00270379	0.00390548	0.0117951	0.00292066	0.000835342	0.00584139	0.00845396	0.298845	0.0174783	0.00186939	0.176897	0.00522417	
0.0436686	0.0153839	0.0293723	0.0225449	0.00764787	0.162332	0.0315515	0.0307664	0.00932403	0.00480038	0.0178267	0.0524213	0.00348474	0.0383847	0.0254325	0.388849	0.0538227	0.0271298	0.0178655	0.0173916	
0.105773	0.0100402	0.00602344	0.0153758	0.0061875	0.0976068	0.0162521	0.105289	0.00573194	0.00172352	0.00537565	0.0723451	0.00434815	0.038385	0.00417006	0.137733	0.060327	0.265606	0.028646	0.0130606	
0.109311	0.00124579	0.101569	0.0436619	0.00874129	0.275949	0.0134243	0.00408355	0.0612924	0.00495584	0.00606617	0.111176	0.0165488	0.0516444	0.0312426	0.0648424	0.0605595	0.015437	0.00186615	0.0163823	
0.00428023	0.00893125	0.0641143	0.00933725	0.00408489	0.0585169	0.105771	0.00324959	0.0411168	0.00368129	0.00742138	0.0176381	0.00419655	0.0687425	0.0232598	0.429533	0.118114	0.00811608	0.0131762	0.00671859	
0.00684258	0.000871117	0.00452269	0.0058497	0.420599	0.0268636	0.00304037	0.130069	0.00440497	0.123518	0.0215792	0.00106681	0.00832564	0.00663585	0.00475655	0.00215151	0.0145857	0.0604634	0.1026	0.0512537	
0.00718453	0.0145435	0.0982177	0.355413	0.0369516	0.00168879	0.0161713	0.0139752	0.00150552	0.0092284	0.0236756	0.00830582	0.00957225	0.228133	0.0482293	0.0438529	0.0492863	0.00660357	0.0196432	0.00781779	
0.00914681	0.000696603	0.00362085	0.0257598	0.360038	0.175391	0.0033575	0.0873883	0.00160468	0.0613597	0.0123853	0.0027874	0.000877903	0.0165339	0.000927125	0.00340102	0.00226937	0.00581179	0.157747	0.0688965	
0.00548736	0.00271055	0.0317607	0.0565026	0.0602934	0.00248999	0.00499805	0.0670207	0.00591071	0.000682737	0.0254276	0.0099125	0.625708	0.00928619	0.0117286	0.0208538	0.0089403	0.00378685	0.0306632	0.0158357	
0.221359	0.00309653	0.0513682	0.002049	0.00264892	0.00240904	0.00485572	0.00522617	0.115066	0.0236132	0.0661754	0.0669092	0.181231	0.0463613	0.0580662	0.120037	0.0182493	0.00116005	0.00715771	0.00296065	
0.0206164	0.000970183	0.141661	0.25337	0.0490444	0.000628786	0.00193281	0.0154757	0.00904562	0.00138363	0.0149495	0.0297046	0.311304	0.0174084	0.0131743	0.0204851	0.027383	0.0146567	0.017236	0.0395699	
0.0522048	0.00269982	0.0251195	0.19701	0.00333899	0.0263742	0.00886709	0.000843241	0.00659008	0.00176945	0.0376729	0.154182	0.00170599	0.142034	0.000376007	0.242074	0.0758535	0.00133939	0.0150681	0.00487692	
0.0401199	0.00254357	0.036958	0.0947772	0.00537763	0.057223	0.00985077	0.0258326	0.0831644	0.00983292	0.00763639	0.092578	0.00134573	0.129033	0.0481372	0.084517	0.147373	0.0892356	0.0277496	0.00671434	
0.0143105	0.00176849	0.0043663	0.0334688	0.242576	0.00104659	0.00580186	0.0662332	0.00418555	0.0419849	0.0191713	0.00174432	0.00136602	0.00745371	0.000319608	0.00367063	0.00389755	0.0105859	0.407712	0.128337	
0.0374766	0.00456203	0.148783	0.0148486	0.00566145	0.0692652	0.00301087	0.0014663	0.0111532	0.00223827	0.0145378	0.164457	0.1223	0.102696	0.00138374	0.12914	0.138737	0.00355446	0.0156984	0.00903106	
0.0484857	0.00459746	0.0668926	0.00934475	0.0263746	0.342757	0.0188127	0.00198575	0.0141439	0.0026169	0.0172557	0.286408	0.00579209	0.0704931	0.00736614	0.0194375	0.0300324	0.00445458	0.0144024	0.00834675	
0.0162299	0.0272845	0.0693787	0.0557636	0.008198	0.0185697	0.197841	0.0849933	0.00264359	0.00567107	0.0059509	0.0193691	0.00593964	0.00800072	0.0025818	0.00678852	0.00310168	0.428439	0.0307325	0.00252244	
0.0246409	0.00740442	0.0835409	0.0711612	0.00515399	0.114699	0.0213692	0.0128084	0.108143	0.010969	0.00340172	0.0288851	0.00194887	0.0812163	0.0900421	0.0535006	0.176461	0.0896494	0.00856938	0.00643547	
0.0602894	0.00784685	0.00312663	0.0375299	0.04565	0.00639106	0.00845619	0.0176107	0.0207898	0.0500909	0.0256467	0.0821662	0.00099813	0.151077	0.0365276	0.0599113	0.132741	0.0591163	0.138746	0.0552877	
0.0502576	0.0034093	0.212818	0.0342856	0.00587592	0.0756319	0.0057159	0.00194038	0.0180276	0.00220922	0.00825694	0.179922	0.0762399	0.0708487	0.00327967	0.125056	0.0967382	0.00433773	0.0159714	0.00917796	
0.00287683	0.000678643	0.000829595	0.00021409	0.127893	0.682016	0.00397124	0.0170341	0.0023045	0.0285144	0.031193	0.0246456	0.00363853	0.00996168	8.6172e-05	0.00150293	0.00800466	0.000556502	0.00234096	0.0517377	
0.0733385	0.014177	0.0178587	0.0151192	0.0109046	0.110584	0.0313049	0.0123969	0.0746199	0.00436587	0.00553326	0.0224928	0.00267095	0.0462998	0.0300381	0.0592565	0.231067	0.199544	0.0189628	0.0194643	
0.00445362	0.0118882	0.0438221	0.0615812	0.0081297	0.00716798	0.0254862	0.00259286	0.0137986	0.00452158	0.00826077	0.00901747	0.0222677	0.0729163	0.0084551	0.359777	0.273302	0.0294396	0.0242744	0.00884711	
0.184898	0.0031994	0.00251491	0.013236	0.00360929	0.0852237	0.199123	0.00613723	0.207013	0.0060105	0.03691	0.0470158	0.00618775	0.0321189	0.0127402	0.118998	0.00425181	0.00323386	0.00534692	0.0222309	
0.409915	0.0093915	0.00189197	0.00187755	0.00222068	0.0186771	0.0217115	0.00366029	0.00611923	0.00283095	0.0132069	0.00492005	0.00057906	0.0125703	0.00784374	0.253698	0.0109166	0.000523448	0.213322	0.00412413	
0.0396643	0.748851	0.0232655	0.0165348	0.00221161	0.000852158	0.00721686	0.0158186	0.00322008	0.0322054	0.0412883	0.0152685	0.0116317	0.00903906	0.000207988	0.000927422	0.006791	0.0235296	0.000924739	0.000550947	
0.208553	0.00335082	0.0488666	0.00223664	0.00170688	0.0113847	0.00465592	0.00667964	0.111706	0.0261672	0.076499	0.0617717	0.178389	0.0510716	0.057668	0.114774	0.0155087	0.00116193	0.0148908	0.00295768	
0.0444317	0.00207092	0.111777	0.00920541	0.0673897	0.00218336	0.0598106	0.00716129	0.0224193	0.0263391	0.0163407	0.0198102	0.00302688	0.0197101	0.303221	0.0594722	0.00794033	0.0613385	0.0180383	0.138314	
0.10048	0.00131409	0.0802777	0.0340631	0.0216574	0.262336	0.0142408	0.00358587	0.0480203	0.00387899	0.0118558	0.120416	0.0132096	0.0530769	0.0311199	0.0551336	0.0541332	0.0130265	0.0027918	0.0753824	
0.0813698	0.0034863	0.0339879	0.0134204	0.00623067	0.507138	0.0156502	0.00921764	0.00683737	0.0030484	0.0185734	0.058281	0.0995226	0.0209213	0.00237662	0.069422	0.0187498	0.00885636	0.0128104	0.0101001	
0.11034	0.00124618	0.0968549	0.0433023	0.00851908	0.269407	0.0140794	0.00465691	0.0620668	0.00886549	0.00697768	0.106505	0.016513	0.0561211	0.0329734	0.0629027	0.0592656	0.0166346	0.00679611	0.0159722	
0.0796953	0.00315401	0.127681	0.0130509	0.00376701	0.043836	0.00651178	0.00897189	0.0582047	0.00697222	0.02868	0.151127	0.143178	0.0737544	0.0180913	0.145168	0.0509747	0.0131786	0.0124083	0.011594	
0.0259008	0.0174629	0.0783583	0.010682	0.00564918	0.0729089	0.0611472	0.00737988	0.0238631	0.0049802	0.012951	0.0138142	0.0028397	0.0517389	0.0105209	0.48149	0.0837747	0.00649073	0.0195248	0.00852298	
0.0165425	0.000962626	0.094622	0.0538467	0.582734	0.0372799	0.0201589	0.000846262	0.010833	0.00068245	0.0215628	0.0410663	0.0183135	0.0255337	0.0170202	0.000466973	0.0149669	0.00118062	0.0404434	0.000937119	
0.013727	0.000263423	0.00119841	0.0126975	0.32918	0.211935	0.00209973	0.00978017	0.0114755	0.000698298	0.0551392	0.00481156	0.00520106	0.0117762	0.0111185	0.00166591	0.0136335	0.00982936	0.0321575	0.261612	
0.231933	0.00707958	0.0112862	0.0101288	0.0183126	0.00176451	0.0173737	0.00828471	0.0323993	0.0158587	0.0278766	0.0648574	0.00873237	0.0130743	0.321329	0.117393	0.0483401	0.0163697	0.00970008	0.0179051	
0.00899417	0.00630999	0.00498724	0.241584	0.0187581	0.002005	0.0558682	0.0037252	0.00393497	0.00658532	0.0197641	0.344701	0.00471256	0.00712562	0.12427	0.0958804	0.0227451	0.0126109	0.0130194	0.00241937	
0.0138496	0.146398	0.0134897	0.00822526	0.00272002	0.0227885	0.00767572	0.0386063	0.00969201	0.255773	0.327281	0.00831925	0.000850649	0.00691308	0.00392131	0.00822784	0.00129236	0.0945789	0.0116126	0.0177846	
0.00748646	0.0184583	0.00387971	0.00463972	0.0206208	0.00299947	0.00861366	0.0573443	0.121292	0.0703924	0.00601722	0.346119	0.0238754	0.0157334	0.0840159	0.00256337	0.0245525	0.159608	0.0133294	0.00845908	
0.0356242	0.000583358	0.0216797	0.0271059	0.060807	0.00138319	0.0224648	0.0255091	0.006653	0.00428037	0.0190047	0.0199475	0.0179242	0.0167339	0.000274745	0.0143815	0.0174147	0.0225282	0.63003	0.0356698	
0.0354004	0.00535464	0.0416664	0.0394223	0.1814	0.0295011	0.017308	0.0753812	0.00688466	0.472998	0.0307844	0.0248054	0.000601291	0.00575125	0.00211974	0.00298722	0.00357935	0.00558706	0.00792187	0.0105462	
0.00789171	0.0266324	0.0203058	0.01225	0.0269416	0.00988281	0.0495794	0.157426	0.00775702	0.0574484	0.00460963	0.0249557	0.00364977	0.0262145	0.00559805	0.0130759	0.266375	0.20867	0.0265135	0.044223	
0.10995	0.00549196	0.00368245	0.0199266	0.00507503	0.0655154	0.26989	0.00985937	0.222252	0.00617284	0.0215894	0.0539637	0.00733153	0.0452487	0.015435	0.105843	0.00323822	0.00525165	0.00991297	0.0143716	
0.0891272	0.00610516	0.00700598	0.0246356	0.00194928	0.0521983	0.115878	0.0306248	0.311264	0.0212223	0.0190914	0.0911366	0.00231333	0.0827495	0.0474114	0.0671979	0.00376274	0.00454363	0.0127141	0.00906943	
0.108706	0.00125696	0.101554	0.0435937	0.00857035	0.274292	0.0132831	0.00414679	0.0619319	0.00512737	0.00580783	0.111327	0.0170321	0.0517074	0.0312608	0.0656642	0.0611705	0.0153835	0.00188947	0.0162957	
0.069721	0.00270138	0.169345	0.0297697	0.00875104	0.147097	0.00642401	0.00224294	0.0365622	0.00233484	0.00586834	0.160183	0.0649595	0.0691115	0.0122049	0.105229	0.0792841	0.00772337	0.00585365	0.0146337	
0.10969	0.00123655	0.101649	0.043834	0.00867078	0.272661	0.0133277	0.00417131	0.0619481	0.00535051	0.00581625	0.110734	0.0165885	0.0526933	0.0314947	0.0650881	0.0609485	0.0155203	0.00229704	0.0162801	
0.00866049	0.000296507	0.00092614	0.00579541	0.146099	0.157965	0.000519593	0.0017954	0.00726897	0.00124635	0.0901089	0.0187576	0.00292334	0.00647962	0.0162344	0.00293447	0.0247387	0.00292908	0.0142059	0.490115	
0.0108604	0.00234663	0.122348	0.0531786	0.0208229	0.00351787	0.00624283	0.0264885	0.00957563	0.000697523	0.0162056	0.0133916	0.579096	0.00808128	0.0119663	0.0245953	0.0113707	0.0123167	0.0262086	0.0406896	
0.0423486	0.027193	0.0141516	0.00375305	0.120918	0.0878519	0.0173506	0.0457029	0.0390397	0.0654283	0.012138	0.0335175	0.000841444	0.140968	0.00292794	0.0140332	0.0772672	0.206971	0.0205418	0.0270565	
0.06387	0.0468319	0.00612709	0.0148632	0.0404204	0.0073694	0.00892032	0.105835	0.00460444	0.103056	0.143985	0.0485043	0.036551	0.238456	0.00771182	0.00206906	0.0258659	0.0572571	0.0147881	0.0229139	
0.00718687	0.00259547	0.140738	0.0744435	0.00270228	0.00580508	0.0342446	0.015658	0.109642	0.00251329	0.00429314	0.169026	0.00340865	0.0479918	0.0563917	0.166284	0.139932	0.00834279	0.00727303	0.0015288	
0.0903109	0.0128164	0.00501612	0.0104942	0.00420778	0.208386	0.0560471	0.0440874	0.0735166	0.0614432	0.0738261	0.101622	0.00291526	0.0590741	0.0624306	0.00129174	0.00140752	0.120734	0.00521382	0.0051588	
0.00938615	0.00811827	0.0518482	0.208782	0.00265668	0.00468274	0.0150806	0.00474412	0.00723388	0.00306117	0.00892528	0.00425167	0.00278866	0.226119	0.0176841	0.17004	0.198515	0.0351133	0.0165532	0.00441619	
0.00525233	0.000392923	0.00139636	0.00401535	0.134802	0.159176	0.00388076	0.00544378	0.0252394	0.0026633	0.130851	0.0101719	0.00299219	0.0136242	0.00884658	0.0031697	0.0261232	0.00426104	0.0318352	0.425863	
0.022158	0.0151414	0.00434726	0.00811585	0.00916817	0.00438867	0.00446008	0.0556029	0.0575364	0.0177027	0.00885585	0.265	0.133003	0.0333132	0.142492	0.00694107	0.0712502	0.116849	0.0173039	0.00637007	
0.0266844	0.0297843	0.00454301	0.16944	0.0469221	0.0115569	0.00357281	0.00605747	0.00496327	0.0284242	0.0440811	0.442675	0.0210257	0.0332507	0.0172775	0.00797676	0.0243353	0.0366367	0.0377169	0.00307555	
0.00265177	0.0274493	0.0432886	0.0140908	0.0360495	0.0237806	0.00491621	0.00211478	0.020366	0.00628565	0.0106811	0.327419	0.0805097	0.0328196	0.00778264	0.00522197	0.206722	0.100563	0.0336508	0.0136369	
0.0382521	0.00266135	0.101679	0.075301	0.00688831	0.162843	0.021606	0.00641357	0.102539	0.0178635	0.00343073	0.0605347	0.00558694	0.0785844	0.0802403	0.0723146	0.117115	0.0333624	0.00730952	0.00547443	
0.109051	0.0012865	0.102111	0.043885	0.00868065	0.273776	0.0133338	0.0043083	0.0619	0.00499086	0.00576553	0.110653	0.0167296	0.0522068	0.0313747	0.0650638	0.0610156	0.0157225	0.00184515	0.0163008	
0.0755262	0.00278569	0.0154732	0.0886764	0.100594	0.0522748	0.044849	0.00142055	0.0474941	0.000840277	0.127293	0.00412533	0.0621153	0.150907	0.0892554	0.0852656	0.0054202	0.00624558	0.00663229	0.0328062	
0.0277203	0.000979719	0.177766	0.0995467	0.0265869	0.000290978	0.00139344	0.0210634	0.0146697	0.00182141	0.0132922	0.029817	0.405284	0.0265705	0.0223415	0.0411079	0.0191168	0.0189957	0.00947628	0.0421591	
0.0741793	0.00776554	0.00481187	0.00664938	0.0021725	0.0684542	0.13321	0.0692719	0.0746648	0.0815629	0.128988	0.0297988	0.00217074	0.023755	0.0531577	0.00572476	0.00125906	0.211078	0.0123238	0.00900144	
0.0463764	0.0256138	0.0302704	0.0337834	0.015953	0.0655944	0.00328194	0.0402841	0.0107248	0.607687	0.0220751	0.0215694	0.00057444	0.00644897	0.00545521	0.00173693	0.00700952	0.00714524	0.00670003	0.0417155	
0.000753482	0.00077047	0.00355919	0.00587875	0.515857	0.0015096	0.00892617	0.0766038	0.016969	0.00374418	0.0271073	0.00160179	0.00274036	0.00866313	0.00387273	0.00606591	0.000442302	0.0751574	0.0638266	0.175951	
0.0204461	0.00720827	0.0212594	0.00170814	0.138186	0.00154721	0.00197543	0.257779	0.00462415	0.170259	0.128435	0.000979564	0.000926792	0.00565351	0.00130617	0.00572243	0.00423653	0.0884794	0.0766505	0.062618	
0.035902	0.000579034	0.0226517	0.0271561	0.0614282	0.00147326	0.0241279	0.0242659	0.00645743	0.00414538	0.0202636	0.0188594	0.0166256	0.016433	0.000288674	0.0141977	0.0189566	0.0223689	0.629081	0.0347387	
0.00167656	0.000409295	0.000436775	0.00018866	0.131583	0.687708	0.00306677	0.0173728	0.00219472	0.0289018	0.0317842	0.0206096	0.00297741	0.00876554	8.11399e-05	0.00086441	0.00692425	0.000540413	0.00167792	0.0522372	
0.00622651	0.0103867	0.00362062	0.00343089	0.0154914	0.0218137	0.0357738	0.438574	0.00515571	0.00989909	0.00670828	0.0017267	0.0138197	0.0344928	0.00333192	0.00469898	0.000660702	0.315352	0.0425542	0.0262827	
0.0583503	0.0299046	0.00714721	0.037815	0.0321482	0.0274119	0.484795	0.0248222	0.0140568	0.0327757	0.0420515	0.0319926	0.00244126	0.00647826	0.00201948	0.02777	0.0478993	0.0467481	0.042226	0.00114623	
0.0518356	0.0245087	0.007899	0.0334375	0.0295716	0.0235405	0.500981	0.0399072	0.0105462	0.00490867	0.0413816	0.00248781	0.000835889	0.00255812	0.00162696	0.0258963	0.0662476	0.0553394	0.074384	0.00210634	
0.00681554	0.00818638	0.0662792	0.0431378	0.0117931	0.014516	0.00386814	0.0370457	0.0102912	0.000753079	0.0226882	0.0227362	0.632798	0.00495629	0.0136384	0.0269018	0.00676168	0.0208557	0.0308555	0.0151222	
0.0506314	0.00617888	0.0934066	0.0146321	0.00373673	0.240949	0.00640468	0.06196	0.0143769	0.00163255	0.017999	0.070178	0.139459	0.0230211	0.00311078	0.104074	0.00784222	0.0893449	0.0195083	0.0315549	
0.0107345	0.00561667	0.19444	0.0181136	0.00744978	0.00504942	0.0187953	0.00460752	0.0380732	0.00396561	0.00715228	0.136396	0.00336182	0.0180588	0.0212195	0.271193	0.211383	0.00546628	0.015571	0.00335367	
0.0761784	0.00204888	0.249781	0.166819	0.00482475	0.0115921	0.0519742	0.0142273	0.0213762	0.0276577	0.00825438	0.08013	0.00273832	0.0465652	0.00743427	0.0422046	0.0758702	0.0381141	0.063452	0.00875799	
0.106919	0.00283009	0.115214	0.0476029	0.0154434	0.230891	0.0142597	0.00454806	0.0660816	0.00537833	0.0053983	0.103827	0.0135069	0.0709186	0.0288485	0.0596535	0.0662757	0.0171643	0.0109356	0.014303	
0.0130267	0.0217921	0.107344	0.482746	0.0366187	0.00223449	0.0195731	0.00305787	0.0221954	0.0124398	0.011816	0.0138447	0.0397138	0.0236243	0.00521364	0.0363613	0.10155	0.00858082	0.0296058	0.00866167	
0.18172	0.0327873	0.018838	0.00656652	0.0268419	0.0641618	0.0300091	0.0141517	0.02701	0.00495312	0.0258482	0.0145566	0.00405175	0.352328	0.00101876	0.0619525	0.0425772	0.0103168	0.0719562	0.0083551	
0.0551934	0.0178683	0.0559534	0.0140066	0.0353804	0.00717082	0.00896115	0.0322955	0.0380396	0.0125819	0.0179894	0.135373	0.00585126	0.121333	0.0776597	0.0212686	0.295827	0.0147861	0.020954	0.0115061	
0.0906184	0.00203264	0.167656	0.0773309	0.0181707	0.168919	0.0160691	0.00582626	0.0639871	0.00559665	0.00450225	0.109517	0.011398	0.0548834	0.0217246	0.0590769	0.0625453	0.0216278	0.0255184	0.0130002	
