552	20
0.0410998	0.0263514	0.0143075	0.0249044	0.0537153	0.0723626	0.0107366	0.00706524	0.0118165	0.0185506	0.388918	0.191649	0.0225545	0.0327905	0.00521191	0.00766936	0.00927865	0.00443477	0.0321709	0.0244122	
0.00573056	0.00118426	0.00721808	0.0110602	0.0168094	0.0543044	0.00385849	0.0340212	0.0366824	0.0998781	0.363823	0.0118778	0.00574308	0.0216081	0.00870356	0.00937539	0.0628106	0.0191213	0.0185489	0.207642	
0.081107	0.00667054	0.140959	0.00541678	0.0259622	0.0314816	0.0153341	0.00720156	0.129379	0.00253575	0.0283919	0.0738739	0.00211827	0.160528	0.00350219	0.176016	0.0487385	0.00471546	0.0288029	0.0272655	
0.0038426	0.0236381	0.0136599	0.00772179	0.148457	0.00904683	0.00792254	0.224447	0.00547873	0.247208	0.0515327	0.00996031	0.00203907	0.0127346	0.00165193	0.00460783	0.086216	0.115741	0.0120682	0.0120251	
0.00599032	0.228088	0.0122822	0.00341492	0.073009	0.0032578	0.00524546	0.218812	0.00445302	0.202059	0.0203048	0.00448367	0.000853091	0.00813754	0.00156976	0.00132868	0.0445826	0.141395	0.0100107	0.010722	
0.0200138	0.33264	0.00600494	0.00226167	0.0387872	0.00330719	0.00815242	0.15711	0.00853328	0.160715	0.00904624	0.00731483	0.00160373	0.0118383	0.00160019	0.00289815	0.0338385	0.171468	0.00917758	0.0136895	
0.00494981	0.0652322	0.0107597	0.00609758	0.147303	0.00530215	0.00809443	0.227598	0.00363394	0.259096	0.0410116	0.00686497	0.000965395	0.00775124	0.00149893	0.00224214	0.0678986	0.11451	0.00863552	0.0105545	
0.22189	0.00839523	0.0107485	0.00607415	0.0211268	0.00435652	0.00918767	0.164995	0.0145761	0.259564	0.106704	0.00273185	0.006795	0.017554	0.00327005	0.0337195	0.00333997	0.0532445	0.015623	0.0361046	
0.163102	0.114787	0.0195937	0.0114131	0.236738	0.0251769	0.00998162	0.0111426	0.03161	0.0901682	0.00846727	0.0268846	0.00186586	0.0230358	0.0050046	0.00810092	0.00690145	0.0581972	0.0276561	0.120173	
0.177612	0.00717612	0.00442732	0.00369709	0.00728428	0.00367901	0.0038703	0.174426	0.00732072	0.295415	0.159823	0.00345195	0.00154728	0.0142144	0.00183415	0.00941067	0.000787425	0.0753823	0.0117079	0.0369343	
0.00587573	0.0299792	0.0165891	0.0207544	0.126693	0.0173179	0.00313955	0.175604	0.00731091	0.343395	0.0470506	0.00998773	0.00113889	0.00872758	0.00223673	0.0026676	0.07326	0.0807628	0.0116893	0.0158202	
0.00713931	0.116052	0.0109758	0.0037977	0.0173418	0.106472	0.127437	0.214147	0.0218648	0.00742642	0.00672079	0.00662201	0.0248198	0.0453284	0.00385111	0.0897774	0.00585428	0.130772	0.0391247	0.0144758	
0.135489	0.001334	0.00322746	0.024228	0.00344781	0.188356	0.0765659	0.0109288	0.0519622	0.0243676	0.00175123	0.0302294	0.0224704	0.155999	0.0337792	0.0420868	0.0681499	0.0470651	0.0757906	0.00277203	
0.0921542	0.00473356	0.0186816	0.130579	0.0167383	0.0554811	0.0219095	0.0109385	0.0162885	0.0109108	0.00335052	0.134116	0.00889764	0.0451789	0.0109633	0.0923124	0.153581	0.108101	0.0495625	0.0155222	
0.0656968	0.00378251	0.17963	0.018309	0.0478648	0.103216	0.0447659	0.00707506	0.0940916	0.00696267	0.00604537	0.169697	0.0267689	0.0924445	0.00525365	0.0558297	0.0245482	0.0242053	0.0142161	0.0095976	
0.0783361	0.0020042	0.00658624	0.013809	0.00855386	0.387518	0.0240365	0.00510286	0.0259335	0.00957919	0.0116056	0.150342	0.00941334	0.0865348	0.010028	0.0510034	0.0829501	0.013029	0.0192968	0.00433745	
0.129382	0.0068414	0.347098	0.0304848	0.0236864	0.0175461	0.00295826	0.0163202	0.014465	0.00161229	0.0281187	0.0200955	0.239386	0.0342713	0.0155969	0.0197026	0.0024391	0.00353118	0.0239544	0.0225102	
0.00518898	0.0100817	0.0178687	0.00433317	0.0366158	0.00522852	0.0388528	0.0444066	0.161301	0.0514778	0.00963582	0.0408374	0.03375	0.0184239	0.0430961	0.0211362	0.165001	0.224827	0.0282702	0.0396671	
0.0339436	0.0324518	0.0432104	0.0463916	0.0450685	0.023132	0.0271303	0.492566	0.0115879	0.0885206	0.00571168	0.00658678	0.00279357	0.0123817	0.00262069	0.00350102	0.00366297	0.026229	0.045087	0.0474225	
0.0438307	0.733587	0.00661005	0.00895206	0.00125383	0.00159711	0.00917278	0.0450902	0.00397378	0.053678	0.0112883	0.00966863	0.00201102	0.00757463	0.00037848	0.000749529	0.00555315	0.0520275	0.00156962	0.00143361	
0.0334284	0.0114535	0.0386599	0.0163564	0.00464672	0.0846256	0.00316042	0.00772216	0.0254727	0.378575	0.270513	0.0354017	0.00119831	0.00583853	0.00165626	0.00270002	0.00522725	0.00869697	0.00771082	0.0569562	
0.00940446	0.0010768	0.0025808	0.000499626	0.107716	0.590675	0.0112794	0.0128164	0.0118294	0.0338445	0.0359971	0.0476102	0.0373367	0.0287921	0.000547905	0.00570587	0.0181359	0.00213675	0.0044441	0.0375719	
0.0288684	0.0301245	0.00672841	0.0513856	0.0780301	0.026481	0.550017	0.0388381	0.00853453	0.00918016	0.0206177	0.00125386	0.00122168	0.0014392	0.00108499	0.014823	0.0450767	0.0264859	0.0564045	0.00340501	
0.0275676	0.0255641	0.00637984	0.0522852	0.0799964	0.0238852	0.552303	0.0385941	0.00775354	0.00935976	0.0207469	0.0011853	0.00124832	0.00195724	0.00112142	0.015597	0.0449663	0.0266807	0.0590238	0.00378449	
0.532492	0.102771	0.00274288	0.00186278	0.0467834	0.0059704	0.0218779	0.0268491	0.0143022	0.0265265	0.0319729	0.0416803	0.00292886	0.0242098	0.0225989	0.015751	0.00141084	0.000900567	0.0569296	0.0194389	
0.00126292	0.0147832	0.00574985	0.00236658	0.00926244	0.00239737	0.0247958	0.00814473	0.0230121	0.00901919	0.00176048	0.0374275	0.0187839	0.0504167	0.0209501	0.0283033	0.0983612	0.573851	0.0398077	0.0295445	
0.209761	0.00817113	0.145444	0.0923332	0.0101725	0.00641931	0.00713226	0.0111867	0.00559341	0.00278174	0.0207749	0.014614	0.262315	0.0145342	0.0226258	0.0736146	0.00758916	0.0139713	0.0251197	0.045845	
0.0477795	0.0195044	0.00218397	0.0352229	0.0415817	0.0511478	0.0047242	0.00425201	0.00445135	0.0533341	0.0452861	0.553455	0.0134843	0.0477727	0.0237577	0.00278695	0.00566519	0.0175159	0.021856	0.00423881	
0.00948017	0.000788605	0.00230141	0.00046623	0.111475	0.594259	0.0113305	0.0116288	0.0112138	0.0353077	0.0359595	0.0450887	0.0392867	0.0266628	0.000407705	0.00469379	0.0149406	0.00186673	0.00455872	0.0382832	
0.00328786	0.0141154	0.0316036	0.0549271	0.0388815	0.026135	0.0692272	0.00230584	0.00595734	0.0608769	0.00505526	0.0126424	0.00264784	0.0455381	0.00608744	0.0175748	0.452377	0.0712492	0.0484321	0.031078	
0.0258904	0.00411978	0.0375983	0.00264818	0.00917543	0.027264	0.0149171	0.15174	0.130594	0.0536561	0.35349	0.00582666	0.00228658	0.00517525	0.00724311	0.0187699	0.00630882	0.00444828	0.0229087	0.11594	
0.00108182	0.0206051	0.00584424	0.00219609	0.00900036	0.0026166	0.0232093	0.00673303	0.022248	0.00934033	0.00222583	0.0377338	0.0144936	0.0521778	0.0197918	0.0292692	0.101817	0.575228	0.0366846	0.0277031	
0.0447609	0.020668	0.0073809	0.00389586	0.0301798	0.0390026	0.00844152	0.0162127	0.403468	0.0408253	0.0105455	0.216663	0.0173005	0.0102553	0.0182411	0.0160171	0.00891032	0.0416515	0.0305651	0.0150153	
0.00423022	0.0154361	0.0326985	0.0560937	0.0360314	0.0280704	0.0665172	0.00180959	0.00679788	0.0581977	0.00711901	0.0101915	0.00287	0.0464446	0.00558212	0.0169391	0.448501	0.0736286	0.050808	0.0320332	
0.0393506	0.0850222	0.0215242	0.0259247	0.0265852	0.0428045	0.00531846	0.161018	0.0150036	0.402841	0.0450769	0.0111765	0.00729657	0.00898315	0.00234725	0.00414462	0.010034	0.0391007	0.011276	0.0351717	
0.00396992	0.00690665	0.0312997	0.0453715	0.0305969	0.0213809	0.0539147	0.00208104	0.00724174	0.0288022	0.00626784	0.0173121	0.00269921	0.0471539	0.00543255	0.129724	0.418371	0.0791032	0.0411409	0.0212298	
0.0197443	0.0163414	0.439071	0.1263	0.0392939	0.00303646	0.00299108	0.00633335	0.0036474	0.0331648	0.0210303	0.116433	0.0227576	0.0224576	0.0438907	0.00628901	0.034856	0.00726303	0.0287583	0.00634023	
0.0342589	0.00578492	0.369511	0.112783	0.0159828	0.00205933	0.00301219	0.00580957	0.00424105	0.0186986	0.0141566	0.0398931	0.144855	0.0152468	0.117312	0.0441032	0.0154976	0.00527235	0.0180717	0.0134501	
0.0884392	0.00231603	0.0231029	0.0164954	0.00572272	0.218744	0.0961097	0.0143376	0.0496502	0.02213	0.00398491	0.0418538	0.0137558	0.208484	0.0255121	0.0330314	0.0509042	0.0482173	0.0349304	0.0022781	
0.00247447	0.0239519	0.0110661	0.0895496	0.0242645	0.00422965	0.0217451	0.33693	0.00250205	0.0119307	0.00525109	0.00886371	0.071411	0.0194218	0.0197175	0.00553176	0.00332421	0.164008	0.103115	0.0707117	
0.00346755	0.0140012	0.0146839	0.553252	0.0621305	0.00295869	0.0271807	0.0484628	0.00132095	0.0227956	0.0187472	0.0330786	0.0112572	0.0491602	0.0160242	0.015863	0.034325	0.00274031	0.0410751	0.0274751	
0.00165511	0.0168678	0.00505952	0.00276204	0.00892329	0.00287458	0.0260373	0.00821906	0.0210282	0.00887187	0.00148446	0.037274	0.0166501	0.0480418	0.0199742	0.0270419	0.0977293	0.582673	0.0384823	0.0283504	
0.00265023	0.0164343	0.00620171	0.00622105	0.0416016	0.00399191	0.0386899	0.0295451	0.0259582	0.0528731	0.0116102	0.0190611	0.00449853	0.0324532	0.00724273	0.0126732	0.200826	0.415029	0.0366213	0.0358177	
0.0480998	0.00360184	0.0204039	0.0284145	0.0149835	0.14324	0.00998782	0.0120621	0.016435	0.00499952	0.0128353	0.377781	0.0108531	0.0492315	0.00698104	0.0843869	0.102573	0.0205109	0.0241389	0.00848054	
0.538103	0.106937	0.00164427	0.00283184	0.0428551	0.00619226	0.0235238	0.0255047	0.015568	0.0258318	0.0305054	0.0434715	0.00275587	0.0228341	0.0211567	0.0150334	0.00147128	0.000833706	0.0539215	0.0190244	
0.0040934	0.0121699	0.0262772	0.00603858	0.0305952	0.0382241	0.0103528	0.00252263	0.0649409	0.0188845	0.0108083	0.0226545	0.00581183	0.201055	0.00436222	0.0217042	0.339485	0.115844	0.0380073	0.0261684	
0.00304373	0.0128987	0.0147276	0.550962	0.0595418	0.00283317	0.029435	0.0488279	0.00136449	0.0225569	0.020232	0.0298775	0.0127256	0.0507255	0.0159775	0.0168032	0.0352491	0.00248576	0.040675	0.0290579	
0.00602813	0.0207906	0.0338587	0.037906	0.0121593	0.0252489	0.0349153	0.01522	0.0124779	0.322334	0.0088019	0.0305671	0.00298259	0.0135651	0.00387262	0.00704407	0.29189	0.0558222	0.0196178	0.0448985	
0.00134147	0.0199026	0.00450199	0.0026624	0.00799141	0.00293078	0.0268959	0.00516896	0.0226589	0.00954261	0.00166169	0.0377062	0.016319	0.0500537	0.0215954	0.0261238	0.0981753	0.578325	0.0396829	0.0267595	
0.00677065	0.0129194	0.00419565	0.528917	0.0442594	0.00147679	0.00267458	0.0412723	0.000736588	0.0047651	0.0212673	0.0352423	0.00334261	0.143125	0.00164378	0.0259818	0.0489247	0.00234638	0.047328	0.0228102	
0.0138755	0.00453081	0.0258821	0.0573093	0.0141011	0.00619521	0.00479259	0.00700138	0.0221011	0.0113318	0.00799674	0.103069	0.00720685	0.0354386	0.0389264	0.341091	0.2357	0.0359095	0.0143174	0.013224	
0.0795509	0.0138441	0.10797	0.00779868	0.0073557	0.0852282	0.0251624	0.0186385	0.0737713	0.00662814	0.00262861	0.161394	0.0051135	0.193972	0.0159845	0.080227	0.0722749	0.0112366	0.0194205	0.0118009	
0.0392153	0.00662793	0.00701001	0.025101	0.0148362	0.0195559	0.161119	0.0232887	0.00953292	0.00279404	0.0255342	0.2824	0.0890001	0.0225318	0.00413147	0.137888	0.0298409	0.05558	0.0361018	0.00791077	
0.00363086	0.0248816	0.0108815	0.00441404	0.143479	0.00478472	0.0075794	0.210328	0.00358933	0.262231	0.0742965	0.00855995	0.000835074	0.0101999	0.00144528	0.00322821	0.0830029	0.116401	0.010604	0.0156269	
0.0642598	0.00511683	0.246389	0.0341535	0.0680423	0.118861	0.0165907	0.00795206	0.055454	0.00337746	0.0151663	0.0881574	0.168777	0.0378702	0.0109966	0.00652259	0.016267	0.00917699	0.0160267	0.0108423	
0.00965216	0.00813445	0.0125611	0.417766	0.0486285	0.00584208	0.0212904	0.0105981	0.148273	0.0208046	0.0123726	0.0149178	0.0235497	0.00770345	0.132741	0.0113725	0.0197178	0.0128031	0.0229112	0.03836	
0.0412087	0.0589176	0.0329142	0.0272476	0.0595471	0.0370415	0.0145491	0.278826	0.0138195	0.28138	0.0285931	0.0120488	0.00649379	0.00809711	0.00234179	0.00420404	0.0112003	0.0346178	0.0165767	0.0303755	
0.04302	0.736081	0.00738362	0.00881111	0.00115022	0.00134486	0.00918371	0.0449854	0.00362042	0.0533945	0.0101868	0.00993251	0.00178571	0.00689024	0.000410111	0.000664322	0.00625219	0.0518429	0.00162291	0.0014371	
0.0119928	0.00256574	0.0987029	0.0147368	0.0218967	0.00658368	0.0113916	0.0185687	0.114531	0.00375821	0.00784232	0.0913792	0.315506	0.0268975	0.15002	0.0213547	0.019007	0.0389022	0.0125003	0.0118624	
0.113647	0.00272017	0.00934479	0.0244937	0.0218419	0.00376835	0.00662674	0.00928318	0.0246955	0.02207	0.00966744	0.148864	0.0193938	0.0650956	0.0614123	0.293208	0.095375	0.0354712	0.0214761	0.0115453	
0.0174887	0.00334592	0.0960601	0.0251627	0.0541327	0.0245766	0.0416563	0.0150454	0.0129	0.00169689	0.0136353	0.0142972	0.405352	0.00878121	0.00866491	0.0437239	0.0502451	0.033778	0.0365142	0.0929426	
0.0130691	0.00286539	0.00508739	0.00314872	0.00521316	0.0127542	0.102599	0.0280819	0.0865148	0.175096	0.0127299	0.0563104	0.00222208	0.006678	0.00496445	0.00427922	0.178767	0.202924	0.0153932	0.0813017	
0.0168561	0.00241996	0.389412	0.00973473	0.0140178	0.00352658	0.00751809	0.00823328	0.0579009	0.00853686	0.0089518	0.0164371	0.171962	0.0537642	0.115075	0.0635754	0.0172073	0.0128378	0.0118403	0.0101936	
0.0221072	0.0943855	0.013309	0.0187511	0.0225067	0.112938	0.00571901	0.117434	0.0303423	0.385224	0.0447169	0.0100515	0.00420638	0.00888556	0.00252954	0.00298733	0.00811975	0.0440714	0.0114142	0.0403013	
0.0942142	0.00122334	0.00406245	0.0281762	0.00736951	0.238652	0.0778212	0.0221249	0.050147	0.0227124	0.00359687	0.030565	0.0166646	0.175005	0.0403234	0.0317027	0.0563382	0.0457507	0.0451375	0.00841313	
0.0617456	0.00431313	0.211985	0.0164802	0.0239475	0.0477027	0.0163696	0.00532808	0.0632914	0.00651569	0.00867898	0.208931	0.00919918	0.203818	0.0084283	0.0402356	0.0245852	0.00918624	0.0187414	0.0105174	
0.0436834	0.732769	0.00808933	0.00862024	0.00126221	0.00155454	0.00913399	0.0439528	0.00402707	0.0546251	0.0113673	0.0105975	0.00238527	0.00704376	0.000434057	0.000653836	0.0058364	0.0508723	0.0016712	0.00142047	
0.0109405	0.00483444	0.228097	0.00575332	0.0711469	0.0758757	0.175095	0.00491242	0.0136087	0.0208052	0.0174067	0.0115676	0.0228493	0.0152786	0.00502949	0.0530529	0.199511	0.0105988	0.0449574	0.00867838	
0.0315188	0.0360641	0.0371295	0.0416984	0.0107075	0.0490661	0.00845531	0.130851	0.0350129	0.346311	0.0289756	0.0216958	0.111417	0.0122204	0.0073686	0.005066	0.00641746	0.0129999	0.0251827	0.0418422	
0.00843984	0.297596	0.0165153	0.0052349	0.0244032	0.00556852	0.00582028	0.256411	0.00467255	0.139067	0.0105028	0.00329867	0.00107088	0.011335	0.00166424	0.00213636	0.0123971	0.141873	0.0318114	0.0201822	
0.080286	0.00589859	0.260312	0.00284533	0.0185549	0.164401	0.011381	0.00741519	0.0212239	0.018986	0.0223477	0.221347	0.0262548	0.0701682	0.0021907	0.0264812	0.0151359	0.00431703	0.0134366	0.00701669	
0.119993	0.0042059	0.00571378	0.00810271	0.0801553	0.257283	0.0227066	0.00311598	0.0100589	0.0240475	0.225882	0.0454705	0.0062353	0.0387599	0.00394889	0.0109867	0.0638043	0.00290803	0.023139	0.043483	
0.180671	0.0072192	0.00525602	0.00383222	0.00906795	0.00369276	0.00578735	0.170114	0.0067337	0.289917	0.162472	0.00375097	0.00147907	0.0145974	0.00182538	0.00954518	0.000761626	0.0734283	0.011746	0.0381031	
0.00753138	0.108852	0.0237671	0.0225772	0.0747186	0.0213209	0.00950893	0.2303	0.007876	0.290877	0.017255	0.0101975	0.00345086	0.00746236	0.00231522	0.00240028	0.0586633	0.0712489	0.00952472	0.0201522	
0.00956171	0.00119401	0.00255228	0.000362994	0.104525	0.593618	0.0125133	0.0121833	0.0110855	0.0329196	0.0376002	0.0471235	0.0391057	0.0270969	0.000482294	0.00637397	0.0173788	0.00190807	0.00473057	0.0376841	
0.0143254	0.0024977	0.201049	0.0151166	0.0785402	0.00413988	0.0367372	0.00288167	0.00982264	0.0040381	0.0148027	0.00321899	0.317152	0.0172609	0.00417319	0.0844027	0.103636	0.0104135	0.0353921	0.0403994	
0.00690957	0.00563094	0.0367584	0.0233948	0.0895364	0.0782803	0.00173042	0.0487223	0.0103239	0.000481672	0.0176704	0.0192795	0.492221	0.00272156	0.00513387	0.002182	0.00220977	0.0337558	0.0646246	0.0584332	
0.0994188	0.00158332	0.00305936	0.0224651	0.00302597	0.21893	0.107148	0.0122367	0.0469902	0.0276582	0.00165208	0.0224858	0.0163741	0.204141	0.0295028	0.0294857	0.0515208	0.0583465	0.0426736	0.00130217	
0.0580238	0.66377	0.00886226	0.00949635	0.00264575	0.00268425	0.00317517	0.0515986	0.00713843	0.0682979	0.0163846	0.0115654	0.00391464	0.0127546	0.000457264	0.00118363	0.00906469	0.0609742	0.00256846	0.00544002	
0.00713803	0.00741053	0.651522	0.00180228	0.0624033	0.0014801	0.00328934	0.0186748	0.0179224	0.0224189	0.0477245	0.00248881	0.0312883	0.025737	0.0183258	0.0221137	0.0144383	0.00230461	0.0388975	0.00262002	
0.0999691	0.00161034	0.00306513	0.0226986	0.00162863	0.215696	0.106005	0.0124343	0.0478211	0.0281004	0.00168354	0.0223996	0.0169883	0.20103	0.0304821	0.0301826	0.0526815	0.0594982	0.0447938	0.00123129	
0.0322614	0.00174253	0.0108035	0.0437443	0.459132	0.0410201	0.177533	0.0540934	0.00656111	0.0651393	0.0274274	0.00428312	0.000798827	0.00276678	0.00104741	0.000960168	0.0131339	0.0017592	0.0408504	0.0149419	
0.0452076	0.0143612	0.00780806	0.00830405	0.016773	0.0599608	0.0127223	0.00701103	0.0145712	0.162981	0.0229977	0.377761	0.00191326	0.17331	0.00260894	0.00387731	0.0191219	0.018528	0.0196412	0.01054	
0.024498	0.00221674	0.150228	0.180838	0.0425025	0.105008	0.00521203	0.00523611	0.0170823	0.0268737	0.0206425	0.0470932	0.0165231	0.0192457	0.0296677	0.00451752	0.136131	0.00949513	0.0450494	0.111939	
0.103305	0.011445	0.0592403	0.0789501	0.22992	0.137911	0.0183049	0.00850251	0.0469542	0.00936459	0.0227691	0.0882167	0.0256136	0.036853	0.00691131	0.0147241	0.0414796	0.00767094	0.0187771	0.0330864	
0.0151045	0.00319632	0.0297374	0.18047	0.0129093	0.00708253	0.00371057	0.00834671	0.0444453	0.0117203	0.00538483	0.16449	0.00228572	0.0327041	0.0122961	0.189293	0.22143	0.0244665	0.0197437	0.0111839	
0.225654	0.00285781	0.0269455	0.0173412	0.0194653	0.00856271	0.0190655	0.0159479	0.0256331	0.00451256	0.0205794	0.0320179	0.00530175	0.0320866	0.00113494	0.0705003	0.0141143	0.00552545	0.425574	0.0271802	
0.00659646	0.00790644	0.648719	0.0026615	0.0654845	0.000970009	0.00385842	0.0200926	0.0171859	0.0235771	0.0479263	0.00293349	0.0297238	0.0259224	0.019821	0.0196565	0.0137566	0.0026241	0.0377193	0.00286434	
0.00208703	0.0299162	0.00350127	0.00419214	0.0121426	0.00426819	0.0383942	0.0416656	0.0341257	0.233865	0.0756797	0.0310053	0.00190883	0.022714	0.00299505	0.0036655	0.172077	0.222268	0.0161469	0.0473825	
0.0279092	0.00188147	0.00824813	0.0441151	0.476882	0.0327385	0.103044	0.100463	0.0032797	0.0570225	0.0179494	0.0023109	0.000441396	0.00359103	0.000644371	0.00109888	0.00196975	0.0023535	0.0849626	0.0290942	
0.00190009	0.0296381	0.0144422	0.0256474	0.0127207	0.0121997	0.0211141	0.477307	0.00642129	0.0121933	0.00312429	0.00374968	0.0420452	0.0344904	0.00824568	0.0051126	0.00173844	0.105492	0.109022	0.0733957	
0.0040623	0.0146556	0.0152753	0.552288	0.0537805	0.00341001	0.0314048	0.0495344	0.00130934	0.0221568	0.018642	0.0292612	0.0107735	0.0503162	0.0178114	0.0182423	0.034935	0.00289651	0.040779	0.0284656	
0.0388808	0.00282906	0.0481702	0.0373939	0.0480195	0.00512613	0.00342973	0.0101751	0.0164442	0.00911582	0.00514378	0.0472637	0.0086892	0.00283146	0.648146	0.00909474	0.00646232	0.0256335	0.00559861	0.0215523	
0.08227	0.00185188	0.231756	0.079364	0.00874979	0.00228433	0.00459796	0.00524198	0.00509685	0.00309021	0.0140783	0.00612027	0.362115	0.00569142	0.0556477	0.07186	0.00771414	0.0074976	0.0140624	0.03091	
0.016116	0.00302535	0.0154992	0.177297	0.0117805	0.00441444	0.00417297	0.00929636	0.0412858	0.0132869	0.00584226	0.184097	0.00425973	0.0318413	0.0113558	0.187368	0.217797	0.0290998	0.0236303	0.00853419	
0.354554	0.0223629	0.0132563	0.00545676	0.00937051	0.187059	0.0211991	0.0166696	0.0229663	0.0176596	0.0399303	0.0824764	0.00411552	0.0429106	0.00466939	0.101216	0.00541574	0.00192232	0.0305422	0.0162476	
0.00258197	0.0012397	0.00624341	0.0068713	0.217845	0.0100439	0.00641802	0.135806	0.0170522	0.0107661	0.0740688	0.0699697	0.0370258	0.0446972	0.00448567	0.0250454	0.0437306	0.129644	0.0517527	0.104713	
0.129781	0.00484895	0.364533	0.0162556	0.0281304	0.00668802	0.00684103	0.00856283	0.0429329	0.0152798	0.0465745	0.00456599	0.0797842	0.0357091	0.011458	0.130251	0.00640045	0.0039887	0.0411527	0.0162616	
0.00331533	0.00207812	0.00316928	0.00442206	0.0146294	0.00572865	0.0675452	0.0317376	0.0643471	0.134166	0.0165099	0.0890249	0.00284201	0.0122204	0.00509661	0.0065932	0.219561	0.221767	0.0165158	0.078731	
0.0405466	0.732627	0.00732555	0.00883095	0.00124611	0.00154543	0.0100354	0.0449771	0.00439528	0.0543076	0.0100184	0.0107353	0.00254089	0.00667608	0.000402663	0.000605235	0.00618153	0.0539683	0.00160544	0.00142954	
0.0200596	0.00114926	0.00372956	0.0395743	0.00836755	0.0331687	0.000567793	0.0850268	0.0182446	0.0520851	0.052949	0.00342813	0.0357095	0.0256649	0.0120521	0.00426789	0.0202466	0.04672	0.10505	0.431939	
0.00695571	0.00426679	0.0341433	0.0222604	0.0872187	0.0779442	0.00200267	0.052344	0.0100569	0.000489637	0.0172905	0.0183813	0.488622	0.00273657	0.00462902	0.00189586	0.00196994	0.0360846	0.0711233	0.0595842	
0.0159042	0.00277251	0.00328857	0.00248683	0.380399	0.291217	0.0014818	0.0063535	0.00822297	0.0038546	0.0227697	0.0152703	0.068719	0.0184144	0.00187737	0.00157013	0.0108243	0.00448511	0.00889149	0.131197	
0.106455	0.00576825	0.428321	0.00457245	0.0420865	0.00826902	0.00869939	0.0140168	0.103453	0.0242426	0.0559307	0.00871059	0.0326829	0.0335934	0.00846897	0.0484266	0.00835544	0.00359973	0.0421429	0.0122043	
0.00224803	0.00509964	0.00952616	0.00593409	0.207328	0.00653658	0.0237866	0.0527048	0.0344471	0.00698684	0.00706258	0.0197769	0.0206058	0.043623	0.0137084	0.0125039	0.139072	0.319977	0.044518	0.0245553	
0.00304572	0.00644137	0.0268903	0.00523783	0.0266456	0.00874951	0.00747961	0.102541	0.0225263	0.00103024	0.00782798	0.0308967	0.373006	0.0144817	0.0241852	0.00952028	0.0294973	0.178162	0.0667736	0.055062	
0.0170606	0.015592	0.420026	0.0173873	0.0470821	0.00930531	0.00330542	0.00592262	0.00625272	0.0404888	0.0308022	0.229993	0.026317	0.0505762	0.020493	0.00650376	0.00882666	0.00715298	0.0319488	0.00496404	
0.013988	0.00268541	0.0290025	0.248881	0.0156198	0.0435572	0.00186184	0.0642705	0.00516086	0.0485693	0.0241351	0.0106505	0.0250467	0.0180393	0.00674616	0.00610361	0.0369209	0.00989136	0.0921127	0.296757	
0.135616	0.0168606	0.00986153	0.270427	0.0458519	0.0150184	0.005934	0.0595746	0.00195627	0.0106423	0.0518453	0.0543354	0.0152992	0.176387	0.00343958	0.0303951	0.00359598	0.00255073	0.0509926	0.0394164	
0.347407	0.0183011	0.0367858	0.0189299	0.00643678	0.0353953	0.0161537	0.00764897	0.0200212	0.00536431	0.027296	0.0177428	0.00868503	0.0461063	0.00736335	0.283171	0.0120484	0.002705	0.0678331	0.014604	
0.0308309	0.035822	0.0380089	0.0303374	0.00644535	0.0531288	0.00379183	0.0103065	0.0259051	0.542121	0.0498833	0.0443884	0.00150124	0.00844307	0.0029988	0.00433814	0.0389879	0.0127012	0.00991746	0.0501425	
0.0404579	0.00441152	0.0465464	0.0494686	0.0449236	0.00380712	0.00604987	0.0114951	0.0126743	0.0120318	0.00620546	0.0526413	0.00853002	0.0049006	0.632963	0.00739672	0.00651455	0.0233809	0.00439952	0.021202	
0.037433	0.015765	0.0454229	0.0371314	0.00636944	0.0218021	0.00588204	0.00924209	0.0140718	0.0220112	0.0481312	0.0165379	0.00475115	0.265751	0.00415108	0.321739	0.062222	0.0155768	0.0286516	0.017357	
0.0376539	0.0349437	0.044322	0.00514925	0.0203387	0.036624	0.0137321	0.329392	0.117708	0.124479	0.0911919	0.00935731	0.00426898	0.0107059	0.00443613	0.00932823	0.00615839	0.0209838	0.0287294	0.0504967	
0.00875337	0.446303	0.00472526	0.00195134	0.0169533	0.00445421	0.00206781	0.128256	0.00319331	0.189965	0.0126383	0.00301459	0.0009369	0.00403359	0.000801605	0.00123392	0.0147816	0.142991	0.00631134	0.00663306	
0.440052	0.0129263	0.013127	0.00753193	0.00607829	0.0174868	0.0178908	0.0131924	0.0236471	0.0138993	0.0193445	0.0437137	0.00942583	0.0117731	0.17501	0.120077	0.00676328	0.00266003	0.0321413	0.0132596	
0.0740514	0.00761897	0.0260021	0.0711667	0.00363162	0.120205	0.00437441	0.00698702	0.00951664	0.00536131	0.0287171	0.0934124	0.00248007	0.0576291	0.00259084	0.357112	0.0762464	0.0106783	0.0193737	0.0228449	
0.0188322	0.0047145	0.0235854	0.0399121	0.0204607	0.0145016	0.0148197	0.123207	0.0204233	0.00614484	0.0104216	0.259437	0.0106321	0.0609345	0.00807767	0.198832	0.0965023	0.0236088	0.0260709	0.0188816	
0.0215667	0.00126389	0.00582397	0.00210638	0.0339156	0.561561	0.00468828	0.00453063	0.0122895	0.00896944	0.0228113	0.150652	0.0180369	0.047313	0.000868747	0.0226028	0.0606902	0.00328907	0.00699327	0.0100271	
0.0132581	0.0046659	0.0466588	0.0092467	0.00675776	0.133183	0.0191219	0.00307431	0.0682077	0.0078083	0.0206188	0.040639	0.00588556	0.0219777	0.00266848	0.381569	0.151151	0.00989565	0.0204509	0.0331615	
0.0281884	0.0064261	0.0190721	0.0396514	0.383182	0.0305119	0.0718906	0.137279	0.00494054	0.143565	0.0337824	0.00521692	0.000938759	0.00402293	0.00121632	0.00132917	0.0148282	0.0183361	0.0376553	0.017967	
0.00604775	0.0119925	0.191066	0.432504	0.0617197	0.00616948	0.0265142	0.0452771	0.00234471	0.0351892	0.0228326	0.00616693	0.0290507	0.00853611	0.0184379	0.0124938	0.0285373	0.00279258	0.0386714	0.0136554	
0.0197778	0.00120981	0.0414568	0.0350407	0.571772	0.0708817	0.0206905	0.012622	0.0115623	0.00365977	0.0220811	0.0263597	0.0309103	0.0232261	0.0137442	0.00146696	0.0130675	0.00379802	0.0506354	0.0260376	
0.0126308	0.00527451	0.015103	0.0262181	0.191264	0.0244831	0.0137446	0.198026	0.0178301	0.0619179	0.0951588	0.0708296	0.0171515	0.0373104	0.00656512	0.0147525	0.0509814	0.0524435	0.0374117	0.0509031	
0.250173	0.02462	0.0387804	0.0080071	0.0369901	0.049635	0.0164176	0.00511988	0.175217	0.0242894	0.0169047	0.138528	0.00761723	0.0511527	0.0125851	0.0307389	0.0353235	0.00430971	0.0527021	0.0208893	
0.00417279	0.0131604	0.0172307	0.549897	0.0575457	0.00304307	0.0299923	0.0486059	0.00124962	0.0210669	0.0210699	0.030621	0.0134227	0.0520934	0.015511	0.0160814	0.03385	0.00259426	0.0410662	0.0277252	
0.132309	0.0129618	0.043697	0.0851137	0.00985609	0.117532	0.00640094	0.0143058	0.00696671	0.00416494	0.0382348	0.0602771	0.00772975	0.11336	0.00197043	0.262287	0.0195593	0.00227467	0.0424421	0.0185573	
0.00635841	0.0111403	0.0132669	0.0548624	0.0262825	0.0518379	0.00872236	0.00724787	0.0247902	0.014258	0.00828587	0.107759	0.0117289	0.210508	0.00530355	0.0241399	0.296835	0.0760696	0.0285173	0.0120853	
0.0196732	0.00617097	0.00761633	0.0317044	0.0289193	0.00514788	0.0020621	0.0883995	0.00853523	0.00485809	0.017846	0.00473309	0.043647	0.0202043	0.000712857	0.00892827	0.0114887	0.0597835	0.408027	0.221542	
0.0155387	0.00272719	0.0105244	0.0886285	0.0129997	0.00768539	0.00383525	0.00730726	0.0179779	0.0112328	0.00733567	0.141692	0.00500936	0.0370009	0.0124002	0.305416	0.251104	0.0346723	0.017317	0.00959534	
0.0258261	0.00217541	0.00597504	0.00200186	0.046467	0.523217	0.0161703	0.00523208	0.0145912	0.0174263	0.0328798	0.0859651	0.0139114	0.0524993	0.00503285	0.0179388	0.0930964	0.00637506	0.0106343	0.0225847	
0.00159007	0.0439638	0.00388322	0.00533389	0.00806809	0.00386509	0.0136084	0.175055	0.00594572	0.0121465	0.00140343	0.00785588	0.0791717	0.0364075	0.00470669	0.00804849	0.0107667	0.399201	0.106924	0.0720546	
0.0463398	0.00683611	0.0357187	0.025608	0.0382774	0.0215708	0.0202617	0.00714079	0.251117	0.0255599	0.0218363	0.0214961	0.0198988	0.0181395	0.217368	0.016912	0.125061	0.0228891	0.022559	0.0354102	
0.0101604	0.0144251	0.0131105	0.0296251	0.0163073	0.0218246	0.012439	0.00768563	0.0184764	0.0307202	0.0369657	0.0319599	0.00847118	0.207439	0.00663198	0.0415355	0.229247	0.213666	0.0305005	0.0188093	
0.143523	0.00507561	0.237034	0.00746762	0.0142773	0.0831575	0.010194	0.00531533	0.0308529	0.0119068	0.0182474	0.232424	0.0146105	0.0938798	0.00702848	0.0390807	0.0153185	0.0048958	0.0198077	0.00590356	
0.00946161	0.0012133	0.00332	0.000470112	0.107795	0.587025	0.0119619	0.0113958	0.0121062	0.0344851	0.0355942	0.0487509	0.0390362	0.0286513	0.000530684	0.00611933	0.0189083	0.00217953	0.00490257	0.0360935	
0.129019	0.00205989	0.0258539	0.0152078	0.0102019	0.170117	0.0579673	0.0095237	0.0690652	0.017765	0.00339904	0.0494798	0.0137824	0.150859	0.0338007	0.0576231	0.101248	0.0301723	0.0452448	0.00761041	
0.00738748	0.00465262	0.0319289	0.050994	0.00692854	0.0138754	0.0298156	0.00260601	0.0132937	0.0078262	0.0100188	0.0167663	0.00385956	0.0428537	0.00346142	0.355193	0.306895	0.0565177	0.0232991	0.0118275	
0.0565343	0.00543558	0.0231786	0.00688364	0.0214887	0.139013	0.00911889	0.00591923	0.0934655	0.0146862	0.021674	0.0445339	0.00936919	0.0215426	0.00264222	0.369834	0.0545853	0.00907078	0.0227537	0.0682703	
0.567826	0.0183313	0.00460369	0.0048267	0.00807328	0.0119984	0.0137808	0.00481714	0.0125675	0.00729288	0.0112534	0.034964	0.00475412	0.0232926	0.0156992	0.115487	0.017433	0.00153963	0.110325	0.0111343	
0.0409103	0.739586	0.00661061	0.00874067	0.00111386	0.00144898	0.00948689	0.0442921	0.00344444	0.0528502	0.0104013	0.0105864	0.00218689	0.00677973	0.000347239	0.000634767	0.00631756	0.0512283	0.00160894	0.00142445	
0.0416386	0.0149835	0.0334431	0.00442316	0.0737323	0.00708227	0.0132182	0.0638859	0.120508	0.112403	0.303492	0.0132563	0.0112295	0.0108767	0.0531477	0.00943499	0.0106225	0.0082616	0.0152382	0.0791226	
0.0446799	0.00354016	0.041312	0.0112642	0.0463003	0.0035178	0.00536935	0.00556428	0.0336199	0.0100009	0.00400369	0.0194315	0.0100312	0.00545224	0.691119	0.00576934	0.0046015	0.0255315	0.00569591	0.0231957	
0.141424	0.00251294	0.0422749	0.0184246	0.00743705	0.248905	0.0271218	0.0083962	0.035186	0.00748166	0.0194598	0.159851	0.00478634	0.104017	0.025576	0.0676699	0.0305177	0.0161013	0.0237364	0.00912003	
0.0269058	0.00156056	0.00884671	0.00293648	0.00566799	0.558569	0.00678369	0.00507146	0.0136862	0.00199132	0.0183673	0.178653	0.0259193	0.042729	0.00296382	0.0363921	0.0427459	0.00486104	0.00977582	0.00557311	
0.105095	0.0014289	0.0216622	0.0369091	0.0096782	0.215842	0.0751966	0.0150113	0.0605645	0.021057	0.00228775	0.0306193	0.0189285	0.139501	0.0400375	0.0388428	0.0455234	0.0658174	0.0497017	0.00629587	
0.0556963	0.00374676	0.196378	0.00829169	0.0180965	0.0463358	0.0107723	0.00917616	0.0825952	0.00343705	0.0052429	0.203553	0.00225122	0.138001	0.00908597	0.114867	0.0549077	0.00738779	0.0096568	0.0205211	
0.0292675	0.00571727	0.0961286	0.0165389	0.00967457	0.0874719	0.0167559	0.00496826	0.0274114	0.0078071	0.0267722	0.0100185	0.00538572	0.0419187	0.00202086	0.446907	0.111112	0.00741895	0.0195002	0.0272054	
0.0188283	0.000752853	0.0471321	0.0383644	0.599477	0.0594223	0.0230351	0.00727368	0.0122861	0.00193576	0.0224463	0.0293428	0.0297192	0.0226735	0.0156441	0.00102964	0.0134735	0.00228523	0.0398707	0.015007	
0.01536	0.000296823	0.002042	0.0116632	0.445619	0.185862	0.000871837	0.00527835	0.00666348	0.00102245	0.0206262	0.00978813	0.0641123	0.0201562	0.00966313	0.00215486	0.00825136	0.00305802	0.027004	0.160507	
0.495624	0.0073375	0.0133079	0.00725016	0.00927042	0.0214248	0.00707432	0.00427712	0.0118314	0.00704371	0.0113129	0.0671236	0.00523487	0.0352447	0.00658075	0.138121	0.0369334	0.00238441	0.101525	0.0110982	
0.0122873	0.00669966	0.0455664	0.314173	0.0433894	0.00319341	0.013786	0.0283161	0.00518045	0.0186604	0.0137003	0.0750626	0.0159967	0.00908194	0.305374	0.00977532	0.0221235	0.013907	0.013415	0.0303118	
0.027985	0.0126418	0.0355365	0.0151757	0.00443529	0.0868924	0.00382393	0.00707885	0.0244714	0.356912	0.299494	0.0353095	0.000800832	0.00523867	0.00113513	0.00321111	0.00388485	0.00796092	0.00844703	0.0595657	
0.0426374	0.0175552	0.00416489	0.00400972	0.0313303	0.0492872	0.00630887	0.00951417	0.225828	0.0420881	0.0161291	0.391241	0.0194486	0.0171257	0.0201673	0.00939216	0.00915544	0.0509411	0.0235117	0.0101631	
0.0326725	0.00148988	0.0277927	0.0273254	0.0659954	0.00266303	0.0208172	0.0542426	0.00875532	0.00297046	0.0148279	0.0148835	0.0309098	0.0208913	0.000397842	0.00824552	0.0144889	0.0357509	0.553234	0.0616458	
0.0272553	0.0351835	0.0383953	0.0334263	0.0110959	0.0466784	0.00544246	0.0121854	0.0262066	0.552927	0.0410007	0.0434065	0.00181029	0.00639835	0.00241918	0.00347873	0.0414295	0.0148617	0.00953762	0.0468616	
0.00305962	0.00608492	0.00423808	0.0037939	0.00777049	0.00462376	0.0647321	0.0273122	0.0511284	0.175846	0.0213849	0.0588448	0.00184421	0.00796148	0.00337138	0.00539547	0.217223	0.256237	0.0186657	0.0604829	
0.0424109	0.0117915	0.0771427	0.0179279	0.0194352	0.0465532	0.105866	0.0100673	0.149169	0.00639943	0.0304262	0.0279484	0.00423481	0.096244	0.00284873	0.25838	0.0250131	0.0155447	0.0294975	0.0230994	
0.0721186	0.00341043	0.0611216	0.0440507	0.00571208	0.0667446	0.0131954	0.0119079	0.160793	0.028405	0.0180565	0.253946	0.00203033	0.0748324	0.011973	0.0870787	0.0326494	0.00889909	0.0362094	0.00686575	
0.100477	0.00249069	0.0582385	0.0236718	0.0193453	0.243876	0.0356506	0.00580572	0.0405642	0.00753455	0.00742312	0.131595	0.0067882	0.0988453	0.00975724	0.10702	0.0586762	0.0169264	0.0164777	0.00883558	
0.0500452	0.00187775	0.20034	0.0053173	0.0314633	0.0281197	0.00696374	0.00868105	0.0726793	0.00355394	0.002839	0.16947	0.00199991	0.167954	0.0130402	0.108169	0.0711147	0.00945989	0.00972021	0.0371917	
0.151049	0.00202154	0.167017	0.00985017	0.00653516	0.155904	0.0129705	0.00335256	0.0411469	0.00423614	0.0113697	0.222527	0.0049643	0.099271	0.00261215	0.0566618	0.0256192	0.00409401	0.0131582	0.00563903	
0.016494	0.000342713	0.00152041	0.0156556	0.427422	0.189825	0.000438317	0.00637114	0.00487675	0.00120921	0.026071	0.0230861	0.0622806	0.0223795	0.0091119	0.00136905	0.00803738	0.00480351	0.021413	0.157293	
0.015981	0.00284569	0.0503129	0.0223178	0.0508954	0.0520906	0.00959125	0.0554592	0.0121672	0.00126486	0.0161415	0.0134221	0.425363	0.00530523	0.00864286	0.0125383	0.00712365	0.0503267	0.0691307	0.11908	
0.0770945	0.00577061	0.0107848	0.010513	0.00304357	0.209907	0.0606703	0.0116316	0.0295189	0.051693	0.0188932	0.0437619	0.0107382	0.263759	0.017225	0.0211124	0.0578036	0.0562304	0.0274625	0.0123863	
0.00840738	0.00875945	0.028817	0.0357876	0.0141266	0.0414712	0.00776342	0.0108146	0.00572324	0.112746	0.280608	0.0269493	0.073047	0.158108	0.00259258	0.00387347	0.0849621	0.0209263	0.0216745	0.0528415	
0.0184329	0.013398	0.00487802	0.0491153	0.0220898	0.0491025	0.00785976	0.0793482	0.00917036	0.0205047	0.0106144	0.261514	0.00924779	0.0713561	0.0107067	0.0176233	0.28914	0.0168278	0.026825	0.012245	
0.00691233	0.0156266	0.00657032	0.00305914	0.0133872	0.0144968	0.0329926	0.0381448	0.157319	0.118118	0.00368799	0.225799	0.00650425	0.0161694	0.00853876	0.00867064	0.0836386	0.192324	0.0145951	0.0334455	
0.0093232	0.00563436	0.0208417	0.0367087	0.0198021	0.0161586	0.0303372	0.00463539	0.0115281	0.00582515	0.0100404	0.0342207	0.00174683	0.0466865	0.00754109	0.212416	0.31766	0.165948	0.0283	0.0146457	
0.0091418	0.00182599	0.00848341	0.00307488	0.0233121	0.0649715	0.00361383	0.0152345	0.0633184	0.0683533	0.316392	0.0128039	0.00698735	0.01352	0.00559439	0.0134503	0.0502317	0.00670452	0.0332589	0.279727	
0.00771494	0.00479431	0.0866544	0.00975405	0.0164368	0.00322449	0.0104625	0.0502921	0.0924158	0.00392323	0.00820463	0.0320864	0.336601	0.028021	0.149371	0.0151677	0.0154818	0.0980117	0.0116022	0.0197808	
0.0266858	0.0129933	0.00818805	0.14816	0.0434818	0.0128958	0.0058108	0.00928457	0.00961468	0.0453164	0.0446891	0.457026	0.0215811	0.0452409	0.0287396	0.0100065	0.0123695	0.0199653	0.0302236	0.00772636	
0.0117964	0.00891002	0.00688138	0.0144482	0.0294239	0.197934	0.00974679	0.00838691	0.0303864	0.00571422	0.0073607	0.363029	0.082794	0.0372313	0.00430734	0.0220457	0.102523	0.0198493	0.0287935	0.0084378	
0.0133104	0.00422579	0.192633	0.112466	0.0517995	0.114263	0.0184832	0.0102601	0.080004	0.0197864	0.00950885	0.0335652	0.035779	0.0241512	0.0971893	0.00463386	0.121964	0.00770048	0.0177096	0.0305672	
0.0630206	0.00264515	0.207145	0.0045283	0.0195515	0.0698469	0.014253	0.00717728	0.078185	0.00150001	0.00356895	0.196755	0.00197746	0.144649	0.00783109	0.0935205	0.0498244	0.00663259	0.00952598	0.0178628	
0.0834017	0.00238744	0.115667	0.0094272	0.206045	0.00986175	0.00177479	0.00622448	0.10134	0.00220111	0.02283	0.0412666	0.00322987	0.0498131	0.00756307	0.0954858	0.013164	0.00441732	0.0722131	0.151686	
0.13783	0.0028717	0.238345	0.0844101	0.0119985	0.00251461	0.00408666	0.0148322	0.00395791	0.00190628	0.0211996	0.00667811	0.286118	0.0142213	0.0218061	0.0400272	0.0052745	0.00594894	0.0239805	0.0719923	
0.157299	0.00217019	0.0132399	0.0231422	0.00932141	0.147684	0.138668	0.0136966	0.0622004	0.0223032	0.00556896	0.025599	0.0174454	0.123976	0.0425729	0.0272157	0.0432603	0.0655922	0.0460568	0.0129873	
0.028099	0.034686	0.034936	0.0322037	0.00458323	0.0543286	0.00357431	0.00908961	0.0258386	0.542388	0.0580963	0.0487193	0.00128212	0.0075973	0.00235696	0.00490777	0.0394398	0.0125962	0.00966894	0.0456086	
0.0205957	0.00171171	0.00773576	0.0634941	0.0286307	0.0228448	0.00114416	0.330049	0.0056007	0.013777	0.00507567	0.0088008	0.0332197	0.0294191	0.00550504	0.0039391	0.0034206	0.0269901	0.115383	0.272663	
0.0868184	0.0442134	0.0111866	0.00694966	0.0182104	0.00670988	0.00522983	0.24859	0.00942016	0.24771	0.144387	0.0032709	0.00317914	0.0173105	0.00294194	0.00635346	0.00554503	0.0752564	0.0231439	0.0335733	
0.0356956	0.00137157	0.0270919	0.024549	0.0656936	0.00261954	0.0195924	0.0550345	0.00845709	0.00285416	0.0165395	0.014229	0.0336227	0.0200359	0.000344675	0.00826317	0.0147805	0.03607	0.551526	0.0616289	
0.00947282	0.00127588	0.00375998	0.000431656	0.10597	0.587378	0.0115181	0.0104305	0.0125486	0.0345196	0.0378299	0.0504447	0.0367011	0.0282169	0.000549253	0.00720571	0.0176958	0.00190494	0.00447927	0.0376672	
0.00154033	0.0489172	0.00375913	0.00671632	0.00562384	0.00496375	0.0106188	0.217312	0.00695288	0.010143	0.00191512	0.0030583	0.081112	0.039047	0.0043333	0.00432261	0.00562357	0.329245	0.125264	0.0895318	
0.0280868	0.0232138	0.00882473	0.0516708	0.118224	0.0286412	0.48766	0.0366971	0.0100505	0.0350096	0.0206634	0.00177442	0.00132542	0.00176865	0.00113262	0.0158803	0.0526939	0.020426	0.0523876	0.00386933	
0.0287306	0.0263944	0.00680613	0.0526751	0.0778608	0.0225066	0.558576	0.0377697	0.00857447	0.00935245	0.0200228	0.00136458	0.00117326	0.00172641	0.0013981	0.0146015	0.0434153	0.0258861	0.0582572	0.00290876	
0.0328531	0.00375914	0.183365	0.0376502	0.00527222	0.0175093	0.00776672	0.018251	0.0239332	0.00205939	0.0174162	0.0232636	0.432558	0.00933745	0.0388671	0.07398	0.00969647	0.024844	0.0187128	0.0189046	
0.0525299	0.0131659	0.0359975	0.0162648	0.0131898	0.158307	0.0107043	0.00992904	0.0446573	0.00655587	0.0266627	0.0330472	0.00379951	0.0299003	0.00223756	0.380222	0.0607649	0.00959396	0.0198088	0.0726611	
0.00700896	0.00452643	0.0301823	0.0544851	0.00830086	0.0200291	0.0216651	0.00342989	0.0140695	0.00557178	0.00517697	0.0399672	0.00276163	0.0363696	0.00622988	0.408299	0.257212	0.040175	0.0184924	0.0160479	
0.0393736	0.0212782	0.305197	0.10769	0.0325407	0.0149101	0.00671226	0.00458327	0.0116265	0.0327352	0.0145712	0.0649205	0.00722894	0.0352969	0.0229489	0.0104611	0.190308	0.0323056	0.0307391	0.0145734	
0.0983736	0.00174526	0.055533	0.0143534	0.00790309	0.140708	0.0492282	0.00986122	0.0655472	0.015664	0.0022654	0.0849784	0.0116285	0.198548	0.0284322	0.0597695	0.0849394	0.0286082	0.0337443	0.00816905	
0.00458436	0.0178414	0.0872048	0.486971	0.0589377	0.00744905	0.043055	0.0518933	0.0119727	0.0325278	0.0214259	0.00988813	0.0292073	0.0119232	0.0118545	0.0140374	0.0255779	0.00366503	0.0417135	0.0282703	
0.0398278	0.0171028	0.0541618	0.00478205	0.0373473	0.0582692	0.0121173	0.0429211	0.0611634	0.00941238	0.020977	0.0381956	0.00543466	0.381487	0.00195455	0.0429	0.0426455	0.0531203	0.0452223	0.030958	
0.0367502	0.0109706	0.0082074	0.047168	0.0250575	0.0455297	0.0116829	0.0465944	0.0135025	0.0278322	0.00966598	0.178926	0.00572593	0.0749512	0.0132031	0.0154438	0.351947	0.0285594	0.0319456	0.0163369	
0.0480515	0.00621395	0.209962	0.0304124	0.0947173	0.0758588	0.0160251	0.00972851	0.10288	0.00760837	0.00984076	0.150631	0.0382162	0.0787729	0.00685269	0.0571818	0.0214649	0.011343	0.0131149	0.0111239	
0.0294269	0.0383138	0.0376792	0.0308086	0.00844416	0.0501261	0.00513643	0.0120383	0.0264563	0.541873	0.0497119	0.0433004	0.000920509	0.00640649	0.00288523	0.00372894	0.0409175	0.0157078	0.00913478	0.0469835	
