552	20
0.0518044	0.0265541	0.0429488	0.0334664	0.0498927	0.0592678	0.0188168	0.00575988	0.0248578	0.0297081	0.428627	0.040722	0.0234378	0.0440023	0.00279294	0.0303797	0.00681791	0.00374765	0.0406303	0.0357657	
0.128056	0.0133038	0.0180115	0.0206492	0.0207866	0.0361427	0.0198362	0.0802175	0.00558713	0.148517	0.355564	0.0138197	0.00130279	0.0113814	0.00133097	0.0184411	0.00633878	0.00752885	0.0195442	0.073641	
0.149177	0.00572034	0.0392367	0.00450053	0.0141062	0.104195	0.0303102	0.00964029	0.105703	0.00571032	0.0246399	0.019912	0.00424879	0.0248988	0.00503115	0.312749	0.0849491	0.00691105	0.030916	0.0174439	
0.00903206	0.00849235	0.0326342	0.0376677	0.24499	0.0615394	0.014113	0.0304648	0.0132671	0.158467	0.0354427	0.0130617	0.00343901	0.0276816	0.00664443	0.0141994	0.209525	0.0142303	0.030839	0.0342693	
0.0122845	0.0195103	0.0206679	0.0454585	0.05563	0.0439807	0.0305049	0.422041	0.0116426	0.0397037	0.0237992	0.0231199	0.00828393	0.0500777	0.00723652	0.00985259	0.0513288	0.0158215	0.0561909	0.0528648	
0.0357132	0.0300611	0.00858575	0.00589335	0.0156859	0.0330634	0.0371462	0.221812	0.0334729	0.14433	0.0255082	0.0121701	0.00342139	0.0658125	0.00810947	0.0153302	0.0605881	0.15715	0.0521836	0.0339638	
0.0253794	0.02477	0.00762395	0.0159625	0.0146802	0.0484481	0.0380836	0.281453	0.0170575	0.249059	0.0207014	0.00839681	0.00227763	0.0357287	0.0040403	0.00757478	0.0328908	0.0916176	0.0314147	0.0428399	
0.256429	0.00725637	0.0117331	0.0181996	0.0121021	0.00827182	0.0455657	0.140933	0.0136711	0.164546	0.0849094	0.00572905	0.00239386	0.0321693	0.00322171	0.0754637	0.0156806	0.0196861	0.0329092	0.0491291	
0.0320751	0.00102155	0.0141218	0.0343588	0.371398	0.0671247	0.00954769	0.021089	0.0225082	0.149254	0.0244271	0.017375	0.00239917	0.0138846	0.00663376	0.00502722	0.0631699	0.00518969	0.0217909	0.117604	
0.205071	0.0190468	0.00765718	0.0161675	0.0104432	0.0246013	0.0417598	0.182684	0.0215394	0.233685	0.0647497	0.0112373	0.00181341	0.0158161	0.00354828	0.0331353	0.0114675	0.0295159	0.0217122	0.0443497	
0.0118539	0.00386837	0.0377991	0.0393672	0.230908	0.0649994	0.00970033	0.0486059	0.01395	0.244659	0.0479638	0.0141791	0.00214869	0.0185026	0.00317883	0.00849598	0.141744	0.00770466	0.0227672	0.0276043	
0.0196994	0.175487	0.00580334	0.00499037	0.00708747	0.0112819	0.115369	0.0926424	0.02615	0.0286556	0.00993059	0.0053278	0.0263292	0.0279633	0.00831228	0.0665599	0.0122551	0.330324	0.0193009	0.00652977	
0.214682	0.0211376	0.0199226	0.0163547	0.0186246	0.0270594	0.0193284	0.0280864	0.0209026	0.0389227	0.00855252	0.0508052	0.00299408	0.146712	0.0076451	0.0681593	0.0637549	0.0127758	0.189532	0.0240484	
0.050298	0.00383493	0.0449421	0.208467	0.042975	0.0590655	0.00528668	0.00790061	0.0302127	0.010355	0.0127546	0.184403	0.013772	0.0672682	0.00429908	0.0913824	0.100351	0.00858182	0.0326694	0.0211817	
0.0274712	0.00283547	0.224376	0.0245784	0.0429812	0.168992	0.00484294	0.00811356	0.0247321	0.00721822	0.0105985	0.14906	0.0644808	0.0866303	0.00117875	0.0528129	0.0233763	0.0330861	0.0189213	0.0237142	
0.00836096	0.00201651	0.0135132	0.0420311	0.00670984	0.015084	0.00425938	0.00508581	0.0399588	0.00266313	0.00606013	0.177947	0.00357661	0.110462	0.00759553	0.232453	0.241343	0.0355288	0.034712	0.010638	
0.14276	0.0138535	0.131062	0.0231007	0.0552618	0.0501723	0.0031118	0.0206724	0.0277437	0.00266625	0.0268219	0.0538209	0.309471	0.0198163	0.00853807	0.00512785	0.0020379	0.00618802	0.0511642	0.0466096	
0.00253892	0.0905359	0.00599034	0.00319844	0.00613638	0.00514758	0.0236324	0.0222373	0.022056	0.0079526	0.00288381	0.0373527	0.00243241	0.0978347	0.00629622	0.0236078	0.261812	0.273431	0.0837199	0.0212032	
0.0492191	0.0353141	0.0103067	0.0443825	0.00853132	0.0571683	0.0720776	0.386508	0.00404934	0.22518	0.0074822	0.00508831	0.000925664	0.00547079	0.000957095	0.00500571	0.00316019	0.0130846	0.0251594	0.040929	
0.0191165	0.703294	0.0169504	0.0129343	0.00119219	0.0011648	0.00724636	0.0212211	0.00510302	0.0405385	0.0161586	0.0236083	0.00752959	0.0161314	0.000410054	0.00143625	0.0205637	0.0810938	0.00224841	0.00205895	
0.107746	0.0703407	0.0171048	0.0340081	0.0118829	0.0398007	0.0157696	0.0152911	0.00790039	0.318241	0.24595	0.0433764	0.000945749	0.005907	0.00150016	0.00502799	0.00428265	0.0039974	0.0115588	0.0393686	
0.0141918	0.00136711	0.00554487	0.000615406	0.0593556	0.64255	0.0319417	0.0301538	0.0106495	0.0295541	0.025724	0.0350381	0.0229738	0.0211199	0.00067568	0.0106795	0.0173723	0.0018668	0.00791679	0.0307096	
0.0413087	0.0231977	0.00372614	0.0346118	0.0381681	0.050518	0.499376	0.084361	0.0250866	0.0217529	0.0221794	0.00221159	0.00205617	0.00339006	0.00209051	0.0200338	0.0245282	0.0445393	0.0510576	0.00580689	
0.0419615	0.0229023	0.00377742	0.0340373	0.0352492	0.0450209	0.499424	0.0861231	0.0244443	0.0223432	0.0206928	0.00244368	0.0021901	0.00349376	0.00176629	0.0203174	0.02412	0.0481963	0.0552481	0.00624801	
0.489584	0.0320586	0.00415315	0.00317616	0.0604231	0.0118013	0.0258268	0.0351193	0.0171956	0.0504076	0.0569997	0.0562883	0.00460631	0.0361134	0.0320041	0.00886308	0.00117179	0.00115449	0.0378158	0.0352375	
0.00184275	0.144204	0.00461602	0.00265502	0.00811437	0.00298976	0.026267	0.01903	0.018514	0.00963589	0.0025188	0.0268944	0.0225031	0.0414839	0.0183943	0.0196398	0.0786496	0.480392	0.0431988	0.0284566	
0.13008	0.0298544	0.0626474	0.193443	0.0452603	0.0134536	0.0126211	0.0134557	0.0352687	0.00289582	0.0197879	0.067258	0.212125	0.0149781	0.00814878	0.00689324	0.0109872	0.0261177	0.0529482	0.0417759	
0.0703567	0.0376634	0.00163337	0.0453907	0.0432934	0.0445681	0.00204737	0.00676478	0.0029975	0.0528729	0.0281114	0.528291	0.0128549	0.0359969	0.0107074	0.00560677	0.00462975	0.0215277	0.0392256	0.00546	
0.0145757	0.0013247	0.00505683	0.000892684	0.0569847	0.652642	0.0309701	0.0323975	0.0102178	0.0276155	0.0263353	0.0335974	0.0218664	0.0191118	0.000651317	0.00886099	0.0158263	0.00229497	0.00648551	0.0322927	
0.00425929	0.0608015	0.0376063	0.03061	0.0471875	0.0354942	0.0282265	0.00523727	0.00836754	0.0296485	0.00576537	0.0185997	0.00233744	0.0504409	0.00643547	0.0251694	0.424584	0.0959895	0.04797	0.0352695	
0.12348	0.00393425	0.0195693	0.024266	0.0170845	0.0314309	0.0216864	0.109538	0.00627338	0.110886	0.305152	0.0169169	0.00137484	0.0162474	0.0012911	0.0363926	0.00589802	0.013966	0.0233089	0.111304	
0.00127992	0.153983	0.00413254	0.00264357	0.00669637	0.00294507	0.0249607	0.0165278	0.0180934	0.00800039	0.00370511	0.0241257	0.0246271	0.0417086	0.0166083	0.0201124	0.0793367	0.477998	0.0426317	0.0298838	
0.0519676	0.0148754	0.02416	0.00248435	0.0565017	0.0322317	0.0395651	0.0127066	0.475835	0.0304455	0.0283679	0.00525286	0.0387624	0.0104136	0.0183939	0.0252535	0.010772	0.0402845	0.0361142	0.0456119	
0.00344865	0.0582789	0.0363729	0.0350206	0.0476442	0.0396963	0.029738	0.00379589	0.00831967	0.0304603	0.00819662	0.0151566	0.00295239	0.0480584	0.0062853	0.0188001	0.427387	0.0940012	0.0529078	0.033479	
0.049379	0.0313835	0.0116091	0.0412962	0.0074123	0.0630898	0.0593126	0.336835	0.00660484	0.28197	0.0174499	0.00468474	0.000823653	0.00517166	0.00149508	0.004035	0.00422715	0.0101617	0.0185328	0.0445256	
0.00535467	0.0167151	0.0626441	0.038287	0.0277861	0.024053	0.0149219	0.00524685	0.0243291	0.0161918	0.00670411	0.0566055	0.0043334	0.0756067	0.0114066	0.156847	0.330581	0.0570288	0.0443933	0.0209643	
0.0111556	0.0169749	0.638074	0.00619587	0.0352099	0.00313071	0.00144516	0.00678593	0.00285633	0.0105898	0.0188236	0.0354927	0.0724189	0.0181708	0.0048186	0.0250276	0.0245618	0.00265718	0.0572567	0.00835354	
0.00842104	0.0160222	0.59464	0.00607679	0.0219581	0.00665734	0.00142253	0.00483094	0.00484819	0.00908325	0.0175059	0.042732	0.0424058	0.0288015	0.00317112	0.0890845	0.0429351	0.00407781	0.0474675	0.00785872	
0.0522916	0.0240086	0.0185525	0.0118408	0.0433742	0.0958413	0.0983116	0.0401719	0.0158554	0.00780348	0.0257173	0.0366705	0.00477746	0.268391	0.0207489	0.0324172	0.0676631	0.0792224	0.044491	0.0118497	
0.00129159	0.0277874	0.00260936	0.00278133	0.00400499	0.00288533	0.032173	0.457683	0.00225004	0.00699155	0.00150033	0.00311685	0.0166162	0.0281889	0.00141813	0.00323692	0.00154369	0.145025	0.217887	0.0410105	
0.00425236	0.0154723	0.00763986	0.574845	0.0682835	0.00651824	0.0218091	0.0375184	0.0019272	0.0330535	0.0229297	0.041542	0.0147979	0.0180605	0.00743341	0.0295469	0.0225519	0.0026836	0.0397562	0.0293783	
0.00216743	0.15048	0.00367669	0.00261585	0.00583521	0.00299589	0.0280067	0.0202734	0.0187154	0.0085567	0.00257633	0.0239868	0.0221081	0.0435813	0.0174998	0.0203071	0.0769845	0.48217	0.0425962	0.0248666	
0.0022123	0.109723	0.00348306	0.00305482	0.00610305	0.00319682	0.0234452	0.00917303	0.0157537	0.00605475	0.00409927	0.0248102	0.00188386	0.0732667	0.00693532	0.0186331	0.271136	0.31851	0.0778271	0.0206979	
0.0665523	0.00421391	0.0335231	0.066605	0.0200594	0.0468087	0.0050182	0.00728158	0.0286166	0.00364928	0.0138002	0.238135	0.00652656	0.0927128	0.00682988	0.149624	0.144824	0.0133356	0.0383111	0.0135722	
0.489053	0.0291534	0.00207363	0.00475269	0.0614938	0.0119188	0.0246048	0.0374122	0.0170987	0.0527148	0.0564997	0.058495	0.00383595	0.0343727	0.0287444	0.00945831	0.00123934	0.000756459	0.0395005	0.0368214	
0.00502991	0.0106886	0.01167	0.00555382	0.0251018	0.0201596	0.00803824	0.00769678	0.104353	0.00477439	0.0419485	0.08662	0.00261682	0.209146	0.00831179	0.0783747	0.234802	0.0655965	0.0532452	0.0162728	
0.00525292	0.0146797	0.00740834	0.580693	0.0645165	0.00612512	0.0192702	0.0400304	0.00181299	0.0295193	0.0225917	0.0420201	0.0139611	0.0200127	0.00834047	0.0305381	0.020919	0.00213588	0.0389742	0.0311983	
0.0447994	0.0587352	0.0220655	0.0364443	0.013183	0.0373796	0.0168133	0.035047	0.0183241	0.51168	0.0367471	0.0585389	0.00137438	0.0058949	0.0023786	0.00289512	0.0177282	0.0330674	0.00916694	0.0377372	
0.00149864	0.147685	0.00311026	0.00399155	0.00628162	0.00288231	0.0254181	0.0165288	0.0202814	0.0144303	0.004456	0.0273006	0.0206615	0.0423512	0.0184195	0.0197531	0.079739	0.474168	0.0424373	0.0286064	
0.0145818	0.014955	0.00983812	0.347555	0.0611551	0.0102794	0.0037822	0.0367144	0.00235464	0.00804963	0.0311941	0.0564837	0.00672923	0.218831	0.00123423	0.0489332	0.0330558	0.00595421	0.0496604	0.0386579	
0.0123363	0.0027225	0.0753995	0.0466489	0.00859957	0.00868019	0.00353438	0.00434886	0.0230205	0.00204384	0.00821793	0.117296	0.00869602	0.057532	0.00375814	0.366937	0.19832	0.0150686	0.0233583	0.0134822	
0.0206915	0.00202017	0.04859	0.0191389	0.00815185	0.0526238	0.0101374	0.0325186	0.0532458	0.0050076	0.0107514	0.158218	0.0040365	0.214574	0.00855806	0.100449	0.143581	0.0460413	0.0529612	0.00870437	
0.0096701	0.012277	0.00675361	0.0304572	0.0135347	0.333748	0.160192	0.0200432	0.0114688	0.00138592	0.0286947	0.105066	0.0627485	0.0256102	0.00590499	0.08663	0.0148676	0.0366036	0.0252521	0.0090913	
0.0107793	0.00440798	0.0237975	0.0378558	0.197921	0.0671569	0.0120637	0.105262	0.00552398	0.179147	0.104072	0.0196616	0.00122774	0.0329895	0.00205883	0.00940866	0.114567	0.0144446	0.0254214	0.0322344	
0.0354114	0.00406965	0.176929	0.00726596	0.0589652	0.233554	0.00904456	0.0202303	0.0201581	0.00341371	0.0210759	0.0643183	0.238263	0.0225576	0.00244521	0.0108249	0.00976659	0.00853686	0.0159867	0.0371834	
0.0269249	0.0224064	0.00888449	0.368867	0.0484069	0.00532907	0.0088122	0.00594783	0.122658	0.0205115	0.0152109	0.0736119	0.104112	0.00940411	0.0241689	0.0104509	0.0427651	0.00694356	0.0482336	0.02635	
0.0477133	0.0332267	0.0090962	0.0444509	0.00720649	0.0628358	0.0646503	0.356883	0.00558179	0.268475	0.00733245	0.00613489	0.000888952	0.0049485	0.0012797	0.00348533	0.00377118	0.0114244	0.0169774	0.0436369	
0.0187761	0.702161	0.0174318	0.0131336	0.00109283	0.00122184	0.00915365	0.0220382	0.00480552	0.0402559	0.015009	0.0226794	0.00760059	0.0166067	0.000382471	0.0013004	0.0206378	0.0817004	0.00203749	0.00197538	
0.0366565	0.00579485	0.192499	0.031623	0.0428546	0.0846067	0.00798787	0.00966177	0.0168789	0.00212035	0.020492	0.116336	0.310613	0.0152171	0.00607331	0.00886683	0.0100014	0.0131149	0.0349949	0.0336069	
0.0422874	0.00344312	0.00919499	0.062681	0.0178665	0.0113334	0.00665516	0.00565143	0.0128548	0.00961069	0.0249738	0.137193	0.0160096	0.0566102	0.00353265	0.399622	0.109466	0.0177481	0.0338408	0.0194248	
0.016335	0.0120737	0.0994768	0.0340028	0.0246035	0.0462998	0.00405989	0.0285448	0.0397057	0.00132627	0.0237618	0.0343185	0.42524	0.0137127	0.00755682	0.0367245	0.00773754	0.0471948	0.0460907	0.0512344	
0.0537264	0.00395365	0.0071145	0.0343964	0.028343	0.0682488	0.219087	0.0978288	0.0247349	0.249656	0.0328215	0.00598642	0.00209359	0.00790049	0.00177066	0.00667875	0.0266109	0.0205833	0.0201599	0.0883044	
0.0627373	0.00563642	0.0208038	0.00651676	0.0527843	0.0089903	0.0155186	0.01341	0.134075	0.0134477	0.0156556	0.0429112	0.0293118	0.105462	0.268841	0.0717337	0.0161327	0.0428845	0.0355889	0.0375581	
0.0194278	0.019036	0.00783942	0.0271877	0.00999555	0.100879	0.0352166	0.260247	0.0137251	0.310176	0.0268585	0.00952088	0.00127624	0.0146193	0.002472	0.00581225	0.0134589	0.0477831	0.0267476	0.0477208	
0.0411797	0.00348957	0.00739481	0.0500588	0.0532155	0.109613	0.0212616	0.0913795	0.0696628	0.018104	0.0223908	0.0482283	0.026617	0.220225	0.0827122	0.00934549	0.0215044	0.0250404	0.0343188	0.0442585	
0.0278094	0.00512554	0.27278	0.0285418	0.0503207	0.0772684	0.0067028	0.010892	0.0246356	0.00851493	0.0201578	0.164733	0.0269545	0.15216	0.0020632	0.0346821	0.0240053	0.0152681	0.0309351	0.0164491	
0.0204538	0.703549	0.0171713	0.0131454	0.00111916	0.00129693	0.00829465	0.021708	0.00536092	0.0400579	0.0151806	0.0242182	0.00706415	0.0156156	0.000359056	0.0012594	0.0214766	0.0788848	0.00179312	0.00199114	
0.00501957	0.0198584	0.562982	0.00775524	0.0257717	0.00532567	0.00349104	0.00341527	0.00517873	0.0153105	0.0130267	0.0275276	0.0112138	0.0283305	0.00419824	0.0961909	0.107099	0.00679216	0.0453572	0.00615595	
0.0577485	0.0288387	0.0109192	0.037385	0.00768025	0.0605567	0.0438304	0.29411	0.0101989	0.315808	0.0282954	0.00535109	0.0010755	0.00657677	0.00174975	0.00534336	0.004722	0.0147653	0.0188476	0.0461978	
0.00146998	0.0201078	0.00248847	0.00303388	0.00423951	0.0034728	0.0320923	0.469511	0.00257544	0.00708843	0.00145441	0.00232766	0.0146437	0.027371	0.00153079	0.00344708	0.00140576	0.140438	0.219085	0.0422167	
0.0279295	0.0086012	0.351412	0.0124243	0.0455379	0.0381278	0.00375336	0.0100345	0.0122477	0.0179383	0.0252992	0.174355	0.096093	0.0559388	0.00829834	0.0206178	0.0149022	0.0122033	0.0416039	0.0226815	
0.185358	0.00271143	0.00551564	0.00274725	0.0698369	0.370086	0.0332572	0.0356931	0.0164352	0.043981	0.0415906	0.053282	0.0227438	0.0405691	0.00445462	0.005789	0.00332077	0.00191489	0.0182023	0.0425118	
0.303777	0.0269249	0.00697388	0.00626708	0.0158931	0.0177168	0.0234053	0.0386923	0.00909039	0.154064	0.235619	0.0429969	0.00172259	0.0134816	0.00205804	0.0249005	0.00264585	0.00250653	0.0220915	0.0491736	
0.0441348	0.0643854	0.0213279	0.0350962	0.0122367	0.0415997	0.0205394	0.0415502	0.0165175	0.505607	0.0245794	0.0577441	0.00142576	0.00546483	0.00257843	0.00330374	0.0193253	0.0352466	0.00869296	0.0386446	
0.0141491	0.00210701	0.00729136	0.000592653	0.0588195	0.641402	0.0325166	0.0308802	0.00951794	0.0281348	0.0259671	0.0364404	0.0230394	0.0220891	0.000531001	0.0126243	0.0160161	0.00184193	0.00604685	0.0299922	
0.0125305	0.00241862	0.386314	0.00332058	0.00928048	0.0114301	0.00389272	0.00443118	0.0182648	0.00568387	0.0374345	0.00952755	0.0347901	0.0369178	0.0011749	0.322738	0.061595	0.00447828	0.0280944	0.00568211	
0.0201376	0.0167028	0.111851	0.0302857	0.0454789	0.0481835	0.00266522	0.0275237	0.0285707	0.00104003	0.0184511	0.0348244	0.466045	0.0044645	0.0056207	0.00449598	0.00235165	0.0321028	0.0495356	0.0496694	
0.0257862	0.00298812	0.0086174	0.00629774	0.0300712	0.489495	0.127738	0.0317568	0.0153914	0.0138789	0.030824	0.0335257	0.0226633	0.0772745	0.00426441	0.0274535	0.0204077	0.00560089	0.0197334	0.00623149	
0.0216936	0.632236	0.0127376	0.0161861	0.00236199	0.00257377	0.0072682	0.0302169	0.00973779	0.0409593	0.019597	0.0218413	0.010141	0.02271	0.000654842	0.00363122	0.0247645	0.108184	0.00418416	0.00832068	
0.00611196	0.0214756	0.649175	0.00368938	0.0339993	0.00158917	0.00205742	0.0138569	0.00812066	0.0138571	0.0202123	0.0137779	0.0467303	0.0192403	0.00925289	0.0478119	0.0288572	0.00229385	0.0537512	0.00413964	
0.087089	0.0135846	0.0100044	0.0103628	0.0104681	0.0650797	0.199098	0.0249519	0.178472	0.0316422	0.0162425	0.012411	0.011448	0.013938	0.0649388	0.0497567	0.0305944	0.119711	0.0412516	0.00895496	
0.0291862	0.00168924	0.0239245	0.0425008	0.40254	0.0712931	0.0131496	0.0228309	0.0211574	0.168683	0.0217842	0.0244697	0.00194882	0.0125371	0.00501879	0.00273863	0.0695325	0.00418659	0.0159015	0.0449274	
0.060708	0.0118146	0.0263678	0.0176854	0.0319946	0.0446705	0.0143408	0.0186381	0.033542	0.00625012	0.021084	0.186761	0.0041392	0.287667	0.00525655	0.0411017	0.074246	0.0460669	0.0544646	0.0132011	
0.02285	0.0016974	0.192611	0.0141631	0.0410217	0.231825	0.00399684	0.0176343	0.0138846	0.021586	0.0233016	0.10478	0.121708	0.0486106	0.00295033	0.0179825	0.0165097	0.0116811	0.0182756	0.0729308	
0.159909	0.0219353	0.0177419	0.198685	0.0405263	0.0154024	0.0058832	0.00448124	0.0624853	0.0229269	0.0156805	0.183002	0.0376069	0.0501513	0.00915478	0.0277915	0.0490336	0.00440022	0.0522452	0.0209574	
0.0302184	0.0159211	0.0120201	0.312103	0.0466255	0.0107131	0.00505045	0.00331256	0.111965	0.0239651	0.013675	0.122794	0.0471851	0.0265126	0.0176576	0.0187915	0.100334	0.00767936	0.0512746	0.0222016	
0.0226423	0.000536739	0.0376633	0.0250672	0.0450591	0.00297872	0.0159087	0.0832591	0.00925627	0.00372089	0.0136733	0.0240687	0.0182838	0.0282579	0.000812949	0.00726429	0.0188078	0.036021	0.578637	0.0280807	
0.00582005	0.0229414	0.647063	0.00379284	0.0322996	0.00177437	0.00201971	0.0136135	0.00870394	0.0148265	0.0192669	0.0127134	0.045593	0.0188979	0.0117773	0.047979	0.0306651	0.00251222	0.0536795	0.00406057	
0.0129714	0.0670199	0.00440235	0.0065787	0.00321958	0.00995154	0.0148465	0.0570531	0.0265449	0.288573	0.0323242	0.0744028	0.00159384	0.0359646	0.0044878	0.0132005	0.0144637	0.268314	0.0260851	0.0380026	
0.0346042	0.000385582	0.0136192	0.0334983	0.540228	0.0392502	0.00354692	0.0106098	0.0198783	0.00371143	0.0245117	0.0107283	0.0173316	0.0209639	0.0331011	0.00368092	0.0147745	0.00701175	0.0491637	0.119401	
0.00130342	0.0287863	0.00242406	0.00250457	0.00417043	0.00341608	0.0327541	0.45923	0.00202386	0.00642819	0.00135051	0.00293775	0.0159888	0.0268319	0.00148263	0.00390359	0.00140841	0.145902	0.216453	0.0407005	
0.00437103	0.0163238	0.00641604	0.570284	0.0654984	0.00598577	0.0234256	0.0404688	0.00130631	0.0308337	0.0225646	0.0441045	0.014464	0.0195379	0.00848425	0.029774	0.0216725	0.00249504	0.0409276	0.0310623	
0.0546332	0.0018986	0.0253212	0.0141605	0.0932616	0.00470802	0.00248423	0.00457206	0.0183774	0.0036344	0.00571537	0.0293476	0.00476865	0.00544474	0.642865	0.00625432	0.00850329	0.0214179	0.0106093	0.0420224	
0.0189997	0.00853919	0.0746428	0.0382423	0.0151003	0.00637815	0.0100212	0.015841	0.034655	0.00355626	0.0273416	0.00697834	0.397343	0.0427711	0.00465969	0.140684	0.0380251	0.0373116	0.0400007	0.038909	
0.00541297	0.00112094	0.00389597	0.00586556	0.00727214	0.00743708	0.00479591	0.00790047	0.073565	0.00236392	0.00851665	0.148971	0.000869665	0.17242	0.0103735	0.1568	0.266263	0.0624347	0.0464155	0.00730714	
0.496132	0.0325162	0.00271768	0.00379629	0.0586213	0.0122634	0.0274477	0.037202	0.0161608	0.0515991	0.0532094	0.0546534	0.0045579	0.034204	0.0285034	0.00960111	0.00122903	0.000965013	0.0355814	0.0390392	
0.00619315	0.00275685	0.015647	0.00741767	0.302213	0.0101709	0.00953546	0.00804637	0.0314436	0.00384438	0.0778283	0.0267171	0.026948	0.0398321	0.0253126	0.00970095	0.0199849	0.1355	0.0470133	0.193895	
0.0113632	0.00256901	0.424558	0.00255938	0.00861916	0.0112501	0.00424931	0.00511804	0.0168384	0.00585003	0.03748	0.00938065	0.0338751	0.0378362	0.00119521	0.286579	0.0600263	0.00407924	0.0308183	0.00575452	
0.00663704	0.00763843	0.00433164	0.0381485	0.0165281	0.017432	0.00635575	0.00778609	0.073065	0.0141913	0.00965329	0.146683	0.00395962	0.153087	0.0120295	0.0831754	0.265892	0.0707894	0.0508911	0.0117255	
0.0192834	0.702795	0.0162572	0.0124493	0.00104917	0.00121982	0.00856068	0.0215987	0.00483281	0.0410904	0.0157039	0.0237559	0.00662618	0.0167184	0.000390805	0.00148716	0.0205703	0.0814976	0.00208505	0.00202785	
0.0391217	0.000815899	0.00369973	0.0324933	0.0305328	0.0412063	0.0012669	0.0690955	0.0246542	0.0437186	0.0347237	0.00694407	0.0306547	0.0273542	0.0200445	0.00485136	0.0192309	0.0344932	0.0624345	0.472664	
0.0190022	0.0160796	0.113723	0.0305936	0.0452208	0.0468274	0.00337261	0.0276181	0.030633	0.000803696	0.0175587	0.034004	0.46522	0.00391177	0.00593034	0.00479204	0.00249049	0.0331574	0.0487015	0.0503599	
0.03312	0.000387459	0.00372455	0.0294008	0.498802	0.0415766	0.00116353	0.0131699	0.0184708	0.00541441	0.0257481	0.00515817	0.015439	0.0219813	0.0351222	0.00432726	0.0139655	0.00950225	0.0454052	0.178121	
0.00642111	0.0187676	0.652955	0.00359238	0.0286124	0.00163774	0.00160557	0.0133672	0.00921543	0.0152264	0.0208327	0.0129902	0.0458812	0.0187688	0.0106728	0.051621	0.0294658	0.00181882	0.0521951	0.00435316	
0.0015521	0.172574	0.00318089	0.00248339	0.00336012	0.00324246	0.0397815	0.078933	0.0142302	0.0108852	0.00293876	0.0129428	0.0388228	0.038625	0.00586473	0.0206669	0.0223903	0.456056	0.0467298	0.0247407	
0.019271	0.0162849	0.113227	0.0291381	0.0431234	0.0461933	0.00378163	0.0262721	0.0310573	0.00105276	0.0192781	0.032987	0.47013	0.00425961	0.00608511	0.00508759	0.00260035	0.0339552	0.0488047	0.0474108	
0.0100585	0.0163171	0.645798	0.00512827	0.0322399	0.00204166	0.00138593	0.00654505	0.00336893	0.010956	0.0179681	0.029976	0.067107	0.0182949	0.00590166	0.0356933	0.0262014	0.00246967	0.0552016	0.00734734	
0.0381806	0.00048183	0.00366552	0.0316394	0.0300982	0.0411615	0.00145747	0.0701345	0.025289	0.0424786	0.0338951	0.00721807	0.0316871	0.0260067	0.0222069	0.00448762	0.0184627	0.0364265	0.0566275	0.478395	
0.256109	0.0146387	0.0155397	0.0300104	0.0529922	0.0310226	0.00815469	0.0219268	0.0107486	0.0137203	0.0296235	0.108098	0.013828	0.255488	0.00284516	0.0272098	0.00926199	0.00356785	0.067072	0.0281441	
0.034561	0.0117956	0.092369	0.0437879	0.00805277	0.0174563	0.0126878	0.00847724	0.0264463	0.00496899	0.0306459	0.024886	0.0146425	0.0368312	0.00299016	0.483322	0.095953	0.0135164	0.0235378	0.0130725	
0.0458081	0.0713337	0.0210626	0.0331952	0.00547881	0.0374227	0.00817873	0.0176947	0.0181604	0.517018	0.0450669	0.0632916	0.00120349	0.00651484	0.00228237	0.00444218	0.017301	0.0352709	0.0115918	0.0376818	
0.0529572	0.00238615	0.0273872	0.0172645	0.0954917	0.00394287	0.00394089	0.00463077	0.0156488	0.00388783	0.00527903	0.0280995	0.00491545	0.00371109	0.645262	0.00533227	0.00831099	0.0218068	0.00631536	0.0434299	
0.0305203	0.011532	0.0874653	0.0441281	0.0067597	0.0161205	0.0123349	0.00779057	0.0274117	0.00444531	0.0357565	0.0295748	0.0172227	0.041952	0.00252437	0.470316	0.101545	0.0140533	0.0269228	0.0116243	
0.0485727	0.0308905	0.0113525	0.0427962	0.00721429	0.058146	0.0653726	0.392818	0.00531079	0.225401	0.0113874	0.00464515	0.000841038	0.0058812	0.00126641	0.00434688	0.00397787	0.0118328	0.0253489	0.0425981	
0.0102104	0.0724309	0.00649913	0.00524056	0.0048338	0.00832492	0.0123452	0.0123582	0.0214	0.40043	0.00653531	0.105211	0.001406	0.0139924	0.00379924	0.00426196	0.014673	0.245729	0.0127284	0.0375901	
0.489626	0.0317839	0.00313583	0.00366262	0.0624203	0.0105228	0.0244021	0.0378567	0.0163942	0.0524439	0.0537797	0.0577198	0.00360075	0.0350903	0.0326548	0.00919944	0.00118743	0.000995513	0.039005	0.0345183	
0.0252915	0.00457726	0.0127091	0.0605964	0.00885468	0.0169083	0.00582338	0.00565443	0.0193433	0.00369594	0.0160335	0.151736	0.00722367	0.0612889	0.0041132	0.376456	0.15696	0.0161284	0.0261341	0.0204716	
0.0149953	0.00201195	0.0145333	0.0501407	0.0119287	0.0135378	0.00340144	0.00583506	0.0322846	0.00187966	0.0100061	0.185456	0.00290987	0.0935382	0.006442	0.281453	0.204335	0.0243034	0.0265616	0.0144466	
0.014181	0.00182151	0.00486984	0.000541898	0.0606154	0.650159	0.0308339	0.0331228	0.00998097	0.0288109	0.0239607	0.0358684	0.0211781	0.0206309	0.00066953	0.00964782	0.0150658	0.00194938	0.00552732	0.0305645	
0.0125455	0.00298935	0.0268071	0.00334429	0.0151222	0.0195113	0.013053	0.00716948	0.104644	0.00630935	0.0206027	0.0882734	0.00438821	0.111351	0.00950601	0.208338	0.247481	0.0450634	0.0406218	0.0128794	
0.029467	0.00140127	0.0275834	0.0416877	0.362997	0.0700958	0.0136019	0.0244901	0.0214627	0.197326	0.0249911	0.0228862	0.001325	0.0116238	0.00444847	0.0032843	0.0747199	0.00454027	0.0183148	0.0437532	
0.00415094	0.0150162	0.00770867	0.576447	0.0630646	0.0068146	0.019358	0.0399511	0.00147693	0.0317353	0.0218614	0.045184	0.0142181	0.0197917	0.00926931	0.0277105	0.0227293	0.00356449	0.0381064	0.0318414	
0.0340431	0.000727932	0.0300375	0.0406027	0.590159	0.0420051	0.0102492	0.0113365	0.0163426	0.00194607	0.0219504	0.0319317	0.0188231	0.0232573	0.0285837	0.00217114	0.0111354	0.00236012	0.0551985	0.0271384	
0.0115294	0.00512653	0.018132	0.0450455	0.183459	0.042298	0.0183429	0.245581	0.00565383	0.0401937	0.106644	0.0708771	0.00971979	0.0442414	0.0043078	0.00905644	0.047698	0.00673388	0.0412963	0.044064	
0.311402	0.0235592	0.00556075	0.0280851	0.0495145	0.0270239	0.0091758	0.00471083	0.0104638	0.0362981	0.0279694	0.259415	0.00617899	0.0640652	0.0115794	0.018719	0.028018	0.00263189	0.0538281	0.0218019	
0.00521969	0.0170055	0.00706681	0.577176	0.0655407	0.00639586	0.0199755	0.0403291	0.00203845	0.0298394	0.0223722	0.0426364	0.0126346	0.0194843	0.0076513	0.0289754	0.0219722	0.00231288	0.0398633	0.0315108	
0.0249387	0.00492346	0.116126	0.144883	0.0456662	0.107174	0.00437324	0.0169697	0.0160183	0.0107155	0.0308604	0.099304	0.0100054	0.158689	0.00101853	0.107077	0.0431297	0.00898254	0.0238196	0.0253271	
0.00476752	0.00592733	0.00850651	0.00939113	0.0115093	0.0135845	0.007271	0.00868728	0.0672071	0.00360725	0.0101892	0.132015	0.00287503	0.214002	0.00947381	0.0973104	0.251995	0.0758102	0.05737	0.00850038	
0.0231814	0.00061594	0.0372661	0.0232233	0.0466644	0.0030825	0.0155377	0.082016	0.00988577	0.00354829	0.01406	0.0239777	0.0192174	0.0270973	0.000742099	0.00821002	0.0187595	0.0349578	0.57598	0.0319765	
0.00649992	0.00215448	0.00597745	0.0376188	0.0109539	0.0101872	0.00401929	0.00594482	0.0461936	0.00381865	0.00793345	0.162906	0.00270384	0.121972	0.00789131	0.206281	0.262367	0.0440924	0.0403799	0.0101061	
0.0274046	0.00393178	0.0173191	0.00606937	0.0618297	0.445217	0.0276871	0.0102794	0.0200819	0.0350976	0.0255152	0.0319974	0.0128833	0.0406078	0.00403545	0.021831	0.14299	0.0113865	0.0188014	0.0350344	
0.00192756	0.145343	0.00302181	0.00405043	0.00523378	0.00334157	0.0277208	0.015391	0.0186546	0.01326	0.00463007	0.0260055	0.0217897	0.0415352	0.0206595	0.0185716	0.0777249	0.476711	0.0432631	0.0311659	
0.0486133	0.0108829	0.0237153	0.0136582	0.0544192	0.0555989	0.0378558	0.00652345	0.274275	0.0295952	0.0612765	0.0136681	0.0090708	0.0277059	0.00724522	0.0716232	0.151849	0.0166702	0.0452338	0.0405196	
0.0114756	0.0565663	0.0173654	0.0146607	0.0146024	0.0166926	0.00968115	0.0531902	0.0196907	0.0261275	0.0201656	0.0538718	0.00346749	0.266944	0.00425363	0.0254176	0.0818849	0.208875	0.069377	0.0256904	
0.031476	0.00567526	0.24527	0.0252834	0.0464056	0.0680291	0.00372684	0.0096824	0.0194923	0.0142738	0.0231439	0.225247	0.0510279	0.0940815	0.00413631	0.045646	0.0202146	0.0160601	0.0326544	0.0184737	
0.0143716	0.00130302	0.00627778	0.000622677	0.0570205	0.643455	0.031145	0.0318804	0.010388	0.0300107	0.0255929	0.0345447	0.0234131	0.0201815	0.000729648	0.0106565	0.0180329	0.0017122	0.00633079	0.0323313	
0.0481319	0.00771389	0.0302014	0.00211352	0.0135374	0.0738743	0.0288967	0.0127996	0.126643	0.00813811	0.0274612	0.0605064	0.00702369	0.0743239	0.0205062	0.224924	0.15232	0.0338526	0.0341258	0.0129061	
0.0310247	0.0114444	0.0991671	0.0443717	0.0062669	0.013232	0.0139482	0.00780421	0.0233172	0.00550695	0.0298798	0.0237309	0.0199021	0.0395247	0.00329059	0.47345	0.100993	0.0169529	0.0246846	0.0115082	
0.0378943	0.0030574	0.0323004	0.00710599	0.0250606	0.271184	0.0185635	0.0130609	0.0220816	0.0141795	0.0358657	0.0919574	0.0288501	0.0479942	0.00290695	0.225895	0.032568	0.00909821	0.023909	0.0564664	
0.411255	0.0129179	0.00461992	0.0136599	0.0224638	0.0180676	0.028762	0.0452465	0.0236449	0.0534599	0.0676134	0.0564757	0.00355491	0.0528922	0.0191785	0.0839491	0.00406367	0.00198021	0.0432373	0.0329573	
0.0195857	0.703951	0.015242	0.0122936	0.00105448	0.00118136	0.00740312	0.0220445	0.00493953	0.0403981	0.0152606	0.0236284	0.00726336	0.0158345	0.000363611	0.00128998	0.0211165	0.0830646	0.00192862	0.00215633	
0.0870297	0.0146816	0.0145941	0.0024284	0.0237439	0.0227755	0.0546074	0.106638	0.232102	0.158165	0.0311089	0.0080674	0.0142842	0.012806	0.0461937	0.0133548	0.012679	0.0770113	0.0289253	0.0388041	
0.0523815	0.0021802	0.0210658	0.00311675	0.0983744	0.00371039	0.00398978	0.00372316	0.0443078	0.00471607	0.00529435	0.0251749	0.00957597	0.00771433	0.633993	0.00480758	0.00423572	0.0218983	0.0106174	0.0391225	
0.192904	0.00499729	0.0115646	0.00405175	0.0614822	0.313518	0.0414585	0.0341452	0.0132024	0.0396418	0.0376425	0.0532348	0.0271566	0.0532464	0.0255089	0.0102901	0.00560439	0.00629146	0.02271	0.0413502	
0.0142513	0.00220449	0.0320142	0.0315142	0.00972817	0.434788	0.0547686	0.00848056	0.0102169	0.001508	0.024553	0.138716	0.0605991	0.039263	0.00265093	0.0746888	0.0176274	0.00719527	0.0189435	0.016289	
0.111507	0.00749414	0.0149327	0.00252923	0.00711598	0.0294085	0.0623863	0.0312594	0.336957	0.0245261	0.00517544	0.00721069	0.0230792	0.0148803	0.104901	0.0242212	0.0138509	0.127338	0.0385501	0.0126767	
0.0326224	0.0037294	0.168492	0.0357008	0.0487636	0.0835307	0.00286687	0.00812247	0.0580357	0.00769089	0.0180233	0.189399	0.0294416	0.105627	0.0058433	0.0954858	0.0432307	0.0193376	0.0248681	0.0191886	
0.0361186	0.00451239	0.175963	0.023983	0.0238532	0.0886359	0.0135176	0.0101627	0.043717	0.0162911	0.0494288	0.0103323	0.0247992	0.0515375	0.0022036	0.324677	0.0423216	0.00973974	0.0328265	0.0153797	
0.0366754	0.000809902	0.0275677	0.0394355	0.594787	0.0445099	0.00999046	0.0109276	0.0161463	0.00193828	0.023167	0.0325109	0.0195525	0.0231282	0.0288372	0.00164897	0.0106166	0.0027985	0.0490618	0.0258905	
0.0367608	0.00069269	0.0275752	0.0408142	0.591558	0.0410073	0.0116261	0.0137566	0.0160621	0.00208728	0.0208455	0.0295856	0.0192632	0.0236487	0.0333202	0.00141181	0.0124615	0.00236191	0.049647	0.0255144	
0.0132886	0.00237308	0.00964644	0.0584961	0.0109689	0.0087941	0.00440503	0.00465433	0.0241665	0.00322764	0.0107908	0.161291	0.010265	0.0684067	0.00400915	0.34652	0.196485	0.0187513	0.028692	0.0147687	
0.0560971	0.00246909	0.0254365	0.0187921	0.10402	0.0042368	0.00361559	0.00509409	0.0146718	0.0041477	0.00564507	0.0300661	0.00504911	0.00380649	0.633502	0.00418873	0.00636585	0.0210074	0.00904642	0.0427425	
0.0423517	0.0604259	0.0216763	0.0332718	0.0161868	0.0458995	0.0171759	0.0383118	0.0158375	0.510805	0.0278572	0.0558643	0.00067346	0.00466197	0.00240624	0.0039502	0.0184935	0.0347337	0.0108533	0.0385637	
0.0687238	0.0370752	0.00233665	0.0471157	0.0409043	0.0414175	0.00184528	0.00752057	0.00324803	0.0542822	0.0262624	0.531366	0.0121328	0.0357083	0.0115342	0.00443758	0.00406916	0.0236566	0.0411747	0.00518917	
0.0237591	0.00081957	0.0372161	0.0232241	0.0451585	0.00277337	0.0151839	0.0810959	0.0089424	0.00359273	0.0149678	0.0235876	0.0184826	0.0280367	0.000712655	0.00735652	0.0204061	0.0381603	0.57564	0.0308845	
0.0438997	0.063755	0.0231719	0.0314369	0.0143091	0.0410726	0.0180555	0.031006	0.0189084	0.511276	0.0309695	0.0602673	0.000697228	0.00498212	0.0023709	0.00308282	0.0200008	0.0351892	0.00929859	0.0362509	
0.00437824	0.0839846	0.00981573	0.00673805	0.0134053	0.00859459	0.0279021	0.0107651	0.0178453	0.00918614	0.00770816	0.0292668	0.00335239	0.0824093	0.00574451	0.0180214	0.291062	0.260283	0.0872047	0.0223332	
0.0437791	0.0139542	0.019691	0.0254735	0.0449836	0.0324632	0.178431	0.0195638	0.245864	0.0317181	0.0607081	0.00847089	0.0198407	0.0861791	0.00644265	0.0359194	0.0170143	0.0333609	0.0430441	0.0330979	
0.139826	0.00398445	0.022433	0.147834	0.00419635	0.0219476	0.0266261	0.0327589	0.0164895	0.0680913	0.0546077	0.0620867	0.00155057	0.0719194	0.00974215	0.241901	0.0109928	0.00786411	0.0455391	0.00960962	
0.0763775	0.00363749	0.146212	0.0289331	0.0462121	0.2188	0.00675803	0.00767087	0.0286749	0.0157942	0.0111179	0.147178	0.0285329	0.0805622	0.00133945	0.0513011	0.0484141	0.0121876	0.0173593	0.022937	
0.0268981	0.00346454	0.0885078	0.0491477	0.0815686	0.0423354	0.00303449	0.00884858	0.0169343	0.0059766	0.0209629	0.162095	0.0144763	0.0726648	0.00266995	0.188131	0.102103	0.0141163	0.0311017	0.0649641	
0.189986	0.00439751	0.0383423	0.00966	0.0108077	0.197823	0.0263091	0.00715444	0.0657933	0.0116445	0.0199477	0.0520914	0.00361038	0.0439683	0.00416259	0.198353	0.0614757	0.00808084	0.0313195	0.0150727	
0.047159	0.00123516	0.0109576	0.0381133	0.0385707	0.0485942	0.00164398	0.0490395	0.0129322	0.0527169	0.0359388	0.0898331	0.0367225	0.0404383	0.0269984	0.00765257	0.0160702	0.0388007	0.0431727	0.36341	
0.0214405	0.00328016	0.0821963	0.0325171	0.0304001	0.0569861	0.0082939	0.0325493	0.0347587	0.00176499	0.0225619	0.0301876	0.389214	0.00767273	0.00754445	0.0130892	0.00420605	0.0329502	0.0477877	0.140599	
0.0830898	0.0226976	0.0203331	0.00425667	0.0109291	0.125758	0.0321659	0.0740167	0.0404124	0.189691	0.0113459	0.0317813	0.00297875	0.0576973	0.00862443	0.0224589	0.0736083	0.119989	0.0371766	0.030989	
0.0497915	0.0145689	0.0486086	0.0316196	0.0208749	0.0690336	0.011541	0.0314953	0.017434	0.152239	0.0197884	0.0608991	0.146472	0.196794	0.00494234	0.00701847	0.0180761	0.0223329	0.0266968	0.0497731	
0.0541802	0.0188369	0.00439419	0.0433656	0.0489508	0.052279	0.00553292	0.13991	0.00656158	0.0271483	0.0313239	0.376978	0.0195703	0.0511731	0.0183358	0.00832266	0.0101708	0.0184544	0.045963	0.0185488	
0.010482	0.069759	0.0110952	0.00738896	0.00808317	0.00973739	0.010644	0.0412952	0.0140704	0.25595	0.00897192	0.169775	0.00405681	0.0328453	0.00647383	0.00638535	0.021407	0.259628	0.0250547	0.0268972	
0.00348275	0.0967391	0.00578746	0.00498076	0.00769108	0.00669015	0.0267904	0.00934121	0.0156041	0.00854079	0.00500706	0.0242981	0.00173764	0.0789267	0.00615268	0.0161916	0.302123	0.278479	0.0795479	0.0218888	
0.0120986	0.0100982	0.0312867	0.00575781	0.0559014	0.0498193	0.0272579	0.00265305	0.147213	0.00971459	0.373754	0.0113482	0.00748235	0.0528519	0.00309804	0.0465918	0.0634106	0.00504633	0.0434933	0.0411228	
0.0235749	0.0462943	0.0247361	0.0192188	0.0192675	0.0139954	0.0132367	0.0461352	0.154378	0.00390122	0.00874482	0.0195544	0.305752	0.0135869	0.0215997	0.00982017	0.00880456	0.149094	0.0506315	0.0476743	
0.061872	0.0176547	0.00711679	0.199208	0.0470842	0.0136277	0.00332564	0.00980355	0.0287183	0.0406585	0.0236946	0.361281	0.0245386	0.0423315	0.0116855	0.0139565	0.0220578	0.0121793	0.0478326	0.0113731	
0.066619	0.0373543	0.00189573	0.0479614	0.0437645	0.0475127	0.00204428	0.00794734	0.00268305	0.0544126	0.0267941	0.523301	0.0139623	0.0360831	0.0121326	0.00438655	0.00374123	0.0229717	0.0389331	0.00549911	
0.0351775	0.00433255	0.178491	0.0574345	0.0546027	0.185774	0.00480501	0.0118133	0.041252	0.0169126	0.00899797	0.111608	0.0256962	0.0894647	0.00198823	0.0390617	0.0810792	0.0128451	0.0192795	0.0193844	
0.0275833	0.0034577	0.223524	0.0276482	0.0515701	0.164172	0.00208556	0.00776549	0.028636	0.0105953	0.0127218	0.153095	0.0579261	0.115836	0.000995205	0.0364692	0.0245466	0.014229	0.0165683	0.0205751	
0.0244052	0.00103139	0.0224263	0.0384363	0.348598	0.0491011	0.00222942	0.0166844	0.0323252	0.00497283	0.0339132	0.0294512	0.00795637	0.0425699	0.0303186	0.0705895	0.0283607	0.0165165	0.0407509	0.159363	
0.117426	0.00195317	0.324634	0.00729576	0.0344298	0.0145306	0.00456841	0.0269059	0.0260443	0.0285025	0.0415778	0.0245815	0.10796	0.0306059	0.021511	0.0165488	0.00483213	0.0042105	0.0490919	0.11279	
0.101785	0.00560018	0.0119641	0.00247626	0.0126226	0.0194648	0.057723	0.028482	0.340857	0.0216088	0.0090096	0.0144852	0.0366397	0.0174989	0.116873	0.0174701	0.011521	0.124408	0.028958	0.0205529	
0.046737	0.0692756	0.0235175	0.0340035	0.00703368	0.0375296	0.0093061	0.0183459	0.0176449	0.513577	0.0470488	0.0648263	0.000931733	0.00578011	0.0021868	0.00372678	0.0184574	0.0332909	0.0101813	0.0365989	
0.0386503	0.000445457	0.00363282	0.0333365	0.0333317	0.0415684	0.000595211	0.0709229	0.0253677	0.0454611	0.0359066	0.00663792	0.0302857	0.0258826	0.0223446	0.00438053	0.0179543	0.0362948	0.0565371	0.470464	
0.0145937	0.0219065	0.00662323	0.0223563	0.00524517	0.0483509	0.0433691	0.367682	0.00761193	0.209324	0.0152351	0.00576262	0.00137335	0.0207091	0.00210108	0.00603805	0.00880266	0.0638736	0.0831775	0.0458649	
0.0230963	0.000524313	0.0356821	0.023903	0.0460124	0.00277652	0.0160877	0.0815521	0.00945714	0.0037446	0.0134528	0.0233988	0.0180033	0.0287104	0.000751884	0.00824441	0.0186549	0.0362795	0.578309	0.0313592	
0.0139852	0.00120292	0.00659965	0.000705958	0.0619713	0.642933	0.030615	0.0295144	0.010199	0.0280634	0.0260868	0.0365205	0.0247255	0.0221359	0.000496606	0.0122087	0.0161116	0.00188464	0.00593908	0.0281007	
0.00346222	0.164084	0.00339007	0.00274589	0.00399176	0.00300152	0.0417938	0.101756	0.0175818	0.0132692	0.00583204	0.00804577	0.0413191	0.0377557	0.00701585	0.0214474	0.00515387	0.443294	0.0493468	0.0257125	
0.0511961	0.0199549	0.00436401	0.0342303	0.0234656	0.054003	0.39876	0.132773	0.0217152	0.102912	0.026747	0.0022917	0.00152535	0.00258252	0.00189379	0.0157772	0.0213365	0.0325612	0.0364017	0.0155087	
0.0407937	0.0235203	0.00410022	0.0347728	0.0370049	0.051407	0.489755	0.0846198	0.0259914	0.0225803	0.0220308	0.00247247	0.00185341	0.00338786	0.00205337	0.020316	0.0254513	0.0457125	0.054992	0.00718427	
0.0193111	0.0152509	0.112536	0.0313671	0.0461086	0.0452681	0.00311343	0.0268568	0.0296491	0.000981862	0.01784	0.0335768	0.468492	0.00416931	0.00636959	0.00461137	0.00245198	0.0343377	0.0492675	0.0484398	
0.0644199	0.0094975	0.0513201	0.0333891	0.0136047	0.0978023	0.0206075	0.0106992	0.0499822	0.00532668	0.0319761	0.0291217	0.00848076	0.0441427	0.00466915	0.397323	0.0696151	0.0114612	0.025546	0.0210152	
0.0083685	0.00397777	0.0832187	0.0440812	0.0131411	0.00836959	0.00863401	0.00547595	0.0238252	0.00468631	0.0064378	0.0778652	0.00891718	0.061422	0.00555469	0.325728	0.247662	0.0222429	0.0274994	0.0128924	
0.0155489	0.0178915	0.474932	0.034285	0.0460645	0.0351168	0.00233506	0.00772683	0.00940386	0.0196205	0.0179353	0.0826611	0.0375316	0.049569	0.00498849	0.0213137	0.0558171	0.00779345	0.0471544	0.012311	
0.00484787	0.00199131	0.00274025	0.0045027	0.00595755	0.00875805	0.00668855	0.0108659	0.0839818	0.00285853	0.00955598	0.131349	0.00107825	0.213855	0.0139877	0.106727	0.247043	0.0829259	0.0549098	0.00537594	
0.0146098	0.0133786	0.0679258	0.447893	0.0616695	0.0155694	0.0197752	0.0362884	0.0299899	0.032431	0.0252136	0.0243348	0.0485397	0.0265699	0.0074509	0.0313387	0.0291783	0.00626031	0.0357493	0.0258338	
0.05543	0.0287764	0.0364559	0.0245687	0.046025	0.0399857	0.00659774	0.0496587	0.00862789	0.00814111	0.0280849	0.064086	0.00386104	0.37019	0.00198991	0.0369311	0.0455683	0.0489158	0.0648582	0.0312471	
0.0515223	0.028473	0.0313468	0.0232842	0.0575984	0.0522973	0.0249435	0.0568825	0.0193285	0.0446923	0.0157966	0.0196759	0.0039874	0.0826927	0.0115666	0.036844	0.308381	0.0367811	0.0570548	0.0368513	
0.0316545	0.00438369	0.193067	0.0462929	0.0743954	0.139079	0.00139907	0.00812054	0.032038	0.00430541	0.0104457	0.162493	0.0507864	0.110171	0.00120991	0.051096	0.0288935	0.0155519	0.0164944	0.0181221	
0.04235	0.0654177	0.022396	0.0339936	0.011684	0.0365363	0.0146571	0.0279604	0.017261	0.51866	0.0306458	0.0608662	0.00120091	0.00637949	0.0027267	0.00346371	0.0200817	0.0373428	0.0105039	0.0358731	
0.0368333	0.000490645	0.00405967	0.034562	0.0289154	0.0401601	0.00134982	0.066989	0.0232041	0.0440535	0.0336848	0.00717262	0.0306955	0.0270126	0.0210091	0.00422959	0.01947	0.0361695	0.0598813	0.480058	
