552	20
0.0158899	0.0313857	0.0616462	0.0173334	0.0399255	0.0483917	0.0142236	0.00649547	0.0212261	0.00253733	0.433333	0.156357	0.0125275	0.0336992	0.00223157	0.0117047	0.0130172	0.00870232	0.030148	0.0392251	
0.0531133	0.00417253	0.130841	0.105746	0.00727025	0.00149652	0.00309371	0.0511017	0.0276033	0.0671251	0.354409	0.00129628	0.000584208	0.0303881	0.00108407	0.00334319	0.0442777	0.0278616	0.0165188	0.0686739	
0.140953	0.0206146	0.0227645	0.0432848	0.00952514	0.00874503	0.0129528	0.0324862	0.153487	0.00499581	0.00432576	0.0100126	0.0586873	0.123556	0.00687648	0.228929	0.0467521	0.0312224	0.0249818	0.0148483	
0.0246372	0.00142173	0.00464408	0.00244253	0.415697	0.00230984	0.00310137	0.154155	0.00775288	0.148404	0.0268993	0.00361967	0.0211157	0.0235241	0.0104735	0.00121275	0.0327008	0.0848369	0.013304	0.0177481	
0.0581726	0.0134779	0.00555923	0.00288338	0.0918838	0.00308919	0.00577861	0.271203	0.00358294	0.170186	0.0405846	0.00170159	0.00232219	0.008354	0.00191138	0.00429749	0.0345419	0.180343	0.00853756	0.0915897	
0.0597355	0.0152756	0.00307341	0.00247516	0.0757639	0.00569526	0.00676651	0.158215	0.00514844	0.155532	0.0283134	0.0028176	0.00161891	0.0192799	0.0026235	0.00546141	0.0468988	0.203922	0.0106138	0.190771	
0.0628299	0.0165323	0.00976472	0.00236732	0.148286	0.00370761	0.00651931	0.227708	0.00498438	0.235523	0.0834988	0.00128108	0.00125018	0.00503558	0.00111323	0.0103627	0.0259514	0.113555	0.00489206	0.0348376	
0.192521	0.0480533	0.00554698	0.00597134	0.0770781	0.0115355	0.0138863	0.116184	0.00544029	0.21899	0.0716804	0.00748118	0.00645057	0.0215112	0.00148853	0.0313848	0.0492489	0.073046	0.0158813	0.0266203	
0.121806	0.0526433	0.0046956	0.00353444	0.102463	0.00965844	0.0118477	0.154314	0.00221569	0.217843	0.0811796	0.00211973	0.000707984	0.00437856	0.00045201	0.017711	0.0460537	0.108867	0.00636945	0.0511402	
0.118401	0.0409982	0.00248864	0.00203309	0.104352	0.00786633	0.00928712	0.1717	0.0025447	0.225697	0.0780833	0.00231302	0.0016442	0.00751282	0.00049088	0.0160468	0.0432305	0.115796	0.00709433	0.04242	
0.086815	0.0239063	0.00222262	0.00169186	0.152162	0.00431253	0.00886263	0.189959	0.00570314	0.242582	0.0690235	0.00123669	0.00107104	0.00473558	0.000720627	0.012876	0.0332877	0.11847	0.00509022	0.035272	
0.155743	0.0744607	0.00328235	0.00499271	0.0678021	0.0256829	0.0296796	0.107671	0.00619265	0.171667	0.0678008	0.00502289	0.00820187	0.0226556	0.00127526	0.0303155	0.0710581	0.0980037	0.0206125	0.0278786	
0.220463	0.116894	0.00516894	0.0135906	0.013433	0.0385435	0.0201293	0.030016	0.0340585	0.0603637	0.0281279	0.00964608	0.0402271	0.0646042	0.0024084	0.0523101	0.0820584	0.0765183	0.0884229	0.00301643	
0.0997465	0.00372485	0.00667299	0.0416657	0.00602126	0.154377	0.0181877	0.0317821	0.00651481	0.00366147	0.00545874	0.0554839	0.00140991	0.0360845	0.00644968	0.209052	0.113078	0.177408	0.0143727	0.00884759	
0.0449076	0.00312605	0.0914573	0.0183356	0.0616794	0.12459	0.0576013	0.00990687	0.0989003	0.0519561	0.0202209	0.113214	0.0122699	0.0729886	0.0516999	0.0349349	0.0367168	0.0592584	0.00494042	0.0312955	
0.308735	0.00897538	0.00512141	0.00449736	0.0041178	0.272753	0.0177656	0.00115053	0.00495476	0.00260767	0.0170469	0.0771832	0.00128254	0.0673905	0.00352961	0.117247	0.0388956	0.0168477	0.0140611	0.0158378	
0.0423182	0.0332219	0.45934	0.00361203	0.0340596	0.00176198	0.00262991	0.0637231	0.0178702	0.00362471	0.0238394	0.00648734	0.208147	0.0258242	0.0174182	0.00432241	0.00203829	0.00126688	0.0427456	0.00574851	
0.0036995	0.00719809	0.00718814	0.0642592	0.00923615	0.00824531	0.00822041	0.0306057	0.191478	0.00466395	0.0195999	0.0255949	0.00270509	0.204094	0.110341	0.0300757	0.121199	0.113363	0.0131416	0.0250901	
0.0326836	0.0379188	0.0281941	0.0315908	0.0201172	0.0199327	0.0167031	0.558667	0.00329515	0.0946724	0.0356938	0.00422189	0.00134691	0.016214	0.00396729	0.0032988	0.0014717	0.0247566	0.0282508	0.0370029	
0.0412299	0.751647	0.0207221	0.0161529	0.00210853	0.00148274	0.00413474	0.0201563	0.00188074	0.0368231	0.0388621	0.0121155	0.0127547	0.00590579	0.000125783	0.00109898	0.00489656	0.0265193	0.00070711	0.000675829	
0.0127448	0.0399157	0.0121964	0.0074692	0.00915225	0.00569203	0.00368447	0.514239	0.00206358	0.172436	0.075543	0.00163563	0.000500341	0.00444512	0.00229516	0.00258788	0.000697898	0.0766407	0.0113647	0.0446959	
0.00372844	0.000529335	0.000567362	0.00022668	0.120406	0.656923	0.00470294	0.00674709	0.00273004	0.0158418	0.0510826	0.0339262	0.00642442	0.0100272	9.08264e-05	0.000763432	0.00827969	0.000682401	0.00155118	0.07477	
0.0627691	0.000656913	0.00212328	0.0206418	0.0906906	0.0725754	0.191922	0.0204493	0.0213835	0.00424374	0.029559	0.00139746	0.00153141	0.00210503	0.00402135	0.00989524	0.0220431	0.0383739	0.0658423	0.337776	
0.0473036	0.021183	0.0127149	0.0482007	0.0134013	0.0324312	0.470877	0.00775827	0.00318014	0.0699594	0.0188553	0.0043396	0.000749558	0.0984478	0.00316813	0.0210415	0.0631612	0.0156712	0.0459783	0.00157778	
0.365106	0.00913896	0.00247165	0.00133738	0.00212624	0.0158066	0.0165999	0.00201803	0.00280899	0.00227916	0.00384694	0.00298811	0.000478849	0.0186022	0.00437003	0.233572	0.0152966	0.00374677	0.292983	0.00442234	
0.00227264	0.0178477	0.00806702	0.00906464	0.0142485	0.00716064	0.00436841	0.00250237	0.00486216	0.00517505	0.00609889	0.280749	0.0177261	0.0589389	0.0193144	0.00384612	0.127763	0.373883	0.0297789	0.00633234	
0.103298	0.00824481	0.00123335	0.115549	0.00425038	0.00983034	0.00149157	0.0171676	0.000636147	0.00164472	0.0128862	0.560041	0.0423182	0.0480614	0.00203214	0.0204723	0.00171152	0.0106768	0.0355829	0.00287142	
0.00256561	0.00289052	0.00818528	0.0510453	0.00101467	0.0268877	0.00744165	0.00504926	0.00792305	0.000473685	0.0336425	0.591968	0.000886439	0.0320632	0.0948095	0.075224	0.00329413	0.035135	0.0133578	0.0061426	
0.00683165	0.00576431	0.00978494	0.00328218	0.0356814	0.38986	0.0388557	0.00248335	0.00458956	0.00342758	0.016584	0.0380305	0.00114813	0.0386901	0.00217147	0.0413258	0.280818	0.0112941	0.0152668	0.0541103	
0.00443805	0.0449387	0.199723	0.189615	0.0608395	0.00337036	0.0282933	0.00301467	0.00294095	0.0231151	0.0120366	0.0123373	0.00412327	0.028188	0.00743619	0.015589	0.322445	0.00544599	0.0268171	0.00529265	
0.00371582	0.00285037	0.0217252	0.00479474	0.0267503	0.00769686	0.00886061	0.0797013	0.0969053	0.0231126	0.154353	0.0155222	0.000880785	0.10839	0.0191715	0.0172085	0.173708	0.0166309	0.0166454	0.201377	
0.00354927	0.0246665	0.00625757	0.00626857	0.00514382	0.00250473	0.0406037	0.0222128	0.0133582	0.00423229	0.00464167	0.0484291	0.0166359	0.0361205	0.0183609	0.0172102	0.0380737	0.601426	0.0348931	0.0554113	
0.0143514	0.0120391	0.50027	0.00220062	0.0300557	0.00352173	0.00566915	0.00535162	0.155498	0.0342184	0.0167297	0.113435	0.0223584	0.0175673	0.00773285	0.0102781	0.00606541	0.00986429	0.0280423	0.00475008	
0.00135177	0.0342676	0.0514407	0.0570175	0.058299	0.031247	0.0550752	0.0034391	0.00169405	0.0179432	0.00582213	0.00711439	0.00145165	0.0384497	0.00415802	0.00717028	0.517311	0.0442968	0.0350754	0.0273757	
0.0040094	0.0138438	0.00706887	0.00443344	0.00961859	0.00673827	0.00754427	0.327023	0.00315538	0.370572	0.0166427	0.00536354	0.000612387	0.0047692	0.00252867	0.0055225	0.00265355	0.158136	0.00814789	0.0416159	
0.00415082	0.0167697	0.0410645	0.0686899	0.00899666	0.0212087	0.0145279	0.129329	0.00646727	0.179375	0.122953	0.0100172	0.000992699	0.0340426	0.00388802	0.0218236	0.238412	0.0034965	0.0217293	0.0520661	
0.0177942	0.0162626	0.243386	0.497069	0.019773	0.00428387	0.00135325	0.00185694	0.000328476	0.0167131	0.0372545	0.0458123	0.0146292	0.0293212	0.00501966	0.00529399	0.0124415	0.000954239	0.0278213	0.00263156	
0.0147442	0.00144395	0.193223	0.153308	0.00398745	0.00104874	0.035617	0.00799412	0.12753	0.0010772	0.00466538	0.134744	0.00751125	0.0897856	0.0468835	0.108238	0.0544811	0.00595158	0.00565997	0.00210555	
0.0397508	0.00531929	0.026297	0.0101283	0.0360505	0.267944	0.0220735	0.00301398	0.00978115	0.00355849	0.0215758	0.418699	0.00120628	0.0748456	0.00696167	0.00945166	0.0145352	0.00578382	0.0153189	0.00770577	
0.00202264	0.0233052	0.0161475	0.0395267	0.00358516	0.00692368	0.0898505	0.0918897	0.0015753	0.00536224	0.00356686	0.0082393	0.00834942	0.0162231	0.00502628	0.0100871	0.00460153	0.601819	0.03503	0.0268685	
0.0103453	0.0269838	0.00852465	0.327052	0.0240246	0.00220156	0.00825004	0.0012536	0.00121691	0.0019011	0.00996487	0.00430903	0.347902	0.0246157	0.00469597	0.00879473	0.111948	0.00614748	0.0398353	0.0300332	
0.00207133	0.0178521	0.00510472	0.00498109	0.00574112	0.00256618	0.0371064	0.00683195	0.0174309	0.00344698	0.00258093	0.0789602	0.0283044	0.0420361	0.0274781	0.0245233	0.0485477	0.576356	0.0314845	0.0365963	
0.00155804	0.0198075	0.00737476	0.0131406	0.00824477	0.00637467	0.0436879	0.0157539	0.00216888	0.00558436	0.00336109	0.00384219	0.00154497	0.0390169	0.00495574	0.00364773	0.559835	0.182453	0.0334465	0.0442017	
0.0451797	0.00421767	0.0163265	0.0596668	0.0194467	0.00718203	0.28337	0.00237205	0.00135368	0.00534742	0.0330089	0.10379	0.00113509	0.077184	0.000875781	0.216781	0.0602112	0.015356	0.0457225	0.00147289	
0.357589	0.00681491	0.00252063	0.00428153	0.001638	0.0594727	0.0202232	0.00161308	0.00577013	0.00154054	0.00255476	0.012743	0.000399264	0.0395047	0.015701	0.191682	0.0288696	0.0250582	0.218692	0.00333198	
0.00168216	0.0122863	0.00523397	0.07498	0.00579415	0.00353874	0.0132643	0.0264726	0.122178	0.00433743	0.114614	0.00984104	0.00469928	0.227044	0.0232745	0.0153635	0.123992	0.151657	0.027109	0.0326372	
0.0175827	0.0169449	0.24532	0.49479	0.0202388	0.00375079	0.00122698	0.0018893	0.000301847	0.0166335	0.037988	0.0446483	0.0139681	0.0296182	0.0048637	0.00519277	0.0139307	0.000908089	0.0278694	0.0023339	
0.00442104	0.015257	0.037775	0.0450713	0.0115287	0.0345011	0.00964279	0.128458	0.00513051	0.487505	0.00597952	0.0273741	0.00092571	0.0170872	0.0043638	0.00368611	0.0914167	0.0154797	0.0113984	0.0429982	
0.00556265	0.143088	0.00490962	0.00459714	0.00144346	0.00340608	0.00606628	0.0705066	0.00616682	0.172405	0.00736074	0.0131516	0.000428869	0.00886176	0.00309098	0.0109228	0.0103534	0.469632	0.0104331	0.047612	
0.0124917	0.0281072	0.00724061	0.337144	0.0443719	0.00179262	0.225581	0.0292495	0.00171508	0.0156988	0.0371006	0.0169024	0.00354018	0.096462	0.00494542	0.0495394	0.0462604	0.00455759	0.0322308	0.00506914	
0.0389081	0.0017428	0.130464	0.0382812	0.00661686	0.10187	0.0319856	0.00542505	0.0727146	0.00473628	0.00379461	0.11696	0.0177934	0.042675	0.0337443	0.164671	0.162188	0.0153478	0.00432036	0.00576136	
0.0346223	0.00193646	0.0110231	0.136435	0.00521256	0.0212866	0.00606432	0.0266992	0.0820692	0.00976123	0.0141502	0.156006	0.000656978	0.148961	0.032986	0.0970986	0.135771	0.0600827	0.0147491	0.00442866	
0.0154298	0.00784713	0.00492803	0.0113006	0.0150622	0.0188258	0.365868	0.0561857	0.11462	0.00297806	0.032423	0.0957397	0.0441654	0.00696713	0.00212201	0.0617298	0.00585385	0.10921	0.0251833	0.00355955	
0.0028929	0.0156607	0.037968	0.130924	0.0680747	0.0165367	0.0796833	0.0567982	0.00147439	0.103069	0.0731525	0.16876	0.00263061	0.012479	0.00363	0.00383983	0.144726	0.0513987	0.0208311	0.00547098	
0.0451046	0.00204116	0.0751364	0.0355946	0.00482386	0.511937	0.0218471	0.00874466	0.00843416	0.000919317	0.0139248	0.0661275	0.136561	0.00674236	0.00156492	0.0358701	0.00606215	0.00590006	0.00668556	0.00597867	
0.0571335	0.0138118	0.00710456	0.136728	0.00698503	0.00429752	0.0402378	0.0215239	0.182087	0.00540434	0.160808	0.00799857	0.00165166	0.012938	0.17272	0.0433493	0.0669611	0.0174599	0.0213416	0.0194577	
0.0154272	0.00188617	0.00415389	0.0263283	0.289742	0.0123622	0.00239237	0.0915297	0.00308246	0.133071	0.0109593	0.00161465	0.00100926	0.00390159	0.00190239	0.00194014	0.0029321	0.012255	0.259459	0.12405	
0.040732	0.752203	0.0201311	0.016521	0.00195454	0.00143207	0.00478988	0.0195134	0.00259272	0.0357802	0.0375424	0.0131707	0.0135893	0.00561867	0.000151198	0.0010596	0.00489367	0.0268341	0.000861992	0.000628756	
0.214286	0.00193619	0.0399724	0.00185087	0.00156551	0.0176468	0.00339108	0.00520553	0.134011	0.0217144	0.0696727	0.0634483	0.170571	0.0368896	0.0564097	0.131519	0.0169964	0.00130972	0.00501733	0.00658544	
0.228563	0.00197876	0.0307198	0.00539687	0.0100192	0.0154466	0.00382184	0.00441147	0.112937	0.0178459	0.0595192	0.0590002	0.160062	0.0474869	0.0537843	0.149549	0.0226119	0.00264473	0.00567524	0.00852585	
0.00532007	0.0018975	0.0651281	0.0641822	0.0154571	0.00537461	0.0125209	0.0155361	0.00769036	0.000658235	0.019729	0.0096597	0.637438	0.00477772	0.00953666	0.0167503	0.020585	0.0183	0.0307896	0.038669	
0.0138064	0.00567745	0.0069853	0.0034752	0.0878442	0.00601994	0.048449	0.135852	0.0621711	0.366343	0.0110685	0.00323788	0.000618446	0.0272015	0.00144806	0.00363996	0.0274337	0.108056	0.00886032	0.0718124	
0.00411639	0.00686635	0.283541	0.107943	0.0145765	0.0010501	0.21375	0.073472	0.0162799	0.00477548	0.00368765	0.00255421	0.00586017	0.0880088	0.044745	0.0635396	0.0030086	0.0445215	0.0144923	0.00321145	
0.0189646	0.0135951	0.0203227	0.025608	0.00917543	0.0779373	0.00425518	0.0512372	0.0121638	0.646564	0.0160592	0.0202086	0.000574164	0.00781848	0.00621548	0.0020627	0.00695329	0.0160242	0.00659127	0.0376691	
0.0415591	0.00299527	0.069826	0.0215721	0.0186842	0.283023	0.0155795	0.0379663	0.0515478	0.0531531	0.07582	0.0467282	0.0125547	0.108661	0.0741359	0.0092464	0.0165184	0.0360406	0.0157501	0.00863836	
0.00704958	0.0125591	0.466905	0.0171793	0.0426019	0.0119715	0.00911585	0.00312668	0.0344858	0.0165209	0.0555169	0.0897443	0.00642225	0.14917	0.00130687	0.00740779	0.0298514	0.00633432	0.0279342	0.00479595	
0.0417318	0.750823	0.0208533	0.0166263	0.00177814	0.00154892	0.00461864	0.0193283	0.00216795	0.036304	0.0395999	0.0127985	0.0131818	0.00602415	0.000136335	0.00105018	0.00460402	0.0254122	0.000774711	0.000638321	
0.00664055	0.00367789	0.168396	0.0150971	0.00511675	0.032574	0.069608	0.00318001	0.0443817	0.00423234	0.00850637	0.0890643	0.00282182	0.0207464	0.012356	0.285716	0.204394	0.00658679	0.0139724	0.00293142	
0.0211026	0.00127625	0.00501642	0.00393719	0.404728	0.00243678	0.00342433	0.163516	0.0073845	0.154774	0.0286488	0.00329096	0.0240837	0.0179888	0.00914378	0.00111812	0.0291868	0.0843659	0.0156073	0.0189697	
0.195744	0.0214417	0.0342515	0.315192	0.016071	0.0041998	0.0288774	0.162197	0.00237016	0.0746931	0.0178089	0.0118297	0.00236518	0.0173608	0.00721863	0.0074135	0.00563025	0.0279041	0.0235319	0.0238999	
0.0614685	0.00397236	0.0804516	0.0167657	0.0292112	0.472262	0.0166505	0.0112494	0.00525713	0.0252661	0.0286517	0.119066	0.0630701	0.0257449	0.000921042	0.0148776	0.00548737	0.00318421	0.0104946	0.00594738	
0.100195	0.00219369	0.00408295	0.00712722	0.0082337	0.0645903	0.0927658	0.00207175	0.00780082	0.0622082	0.144814	0.0228398	0.00200879	0.0253402	0.000903228	0.00201542	0.0493243	0.0414844	0.32815	0.0318502	
0.106483	0.0716657	0.0126457	0.0429638	0.0104548	0.0146834	0.00430602	0.341053	0.0067679	0.145295	0.118346	0.00289304	0.000657435	0.00974692	0.00222785	0.00442842	0.00296588	0.0472687	0.0188348	0.036312	
0.0159432	0.00485007	0.00365262	0.00327506	0.0519488	0.00388692	0.0229457	0.139331	0.0216602	0.331386	0.0104089	0.00401767	0.000668548	0.0119543	0.00189959	0.0029591	0.0287795	0.167931	0.00664764	0.165854	
0.00441412	0.000463865	0.00065363	0.000154357	0.118545	0.654211	0.00534165	0.00689201	0.00294958	0.0158528	0.0514804	0.0387328	0.00590111	0.0096737	9.67241e-05	0.00124707	0.00860346	0.000698442	0.00193818	0.0721496	
0.00737441	0.00662068	0.0929204	0.0138118	0.0183876	0.00642028	0.00316583	0.0145483	0.00331878	0.00569159	0.019885	0.364336	0.178265	0.0503326	0.00578986	0.0701201	0.0872929	0.0185692	0.0285662	0.00458395	
0.00483688	0.0403845	0.0926675	0.0238265	0.0286498	0.0228472	0.00158251	0.0404505	0.00987901	0.00101827	0.0272183	0.0199673	0.591134	0.00203805	0.00497545	0.00514012	0.00312957	0.020517	0.0415054	0.018232	
0.0710072	0.00340952	0.00741072	0.0926674	0.0325768	0.0990363	0.10154	0.0055538	0.103978	0.00718786	0.142897	0.0190428	0.0199378	0.128863	0.0549648	0.0654444	0.00753977	0.01581	0.0103971	0.0107358	
0.036393	0.678564	0.0164444	0.0132242	0.00232116	0.0044202	0.00354008	0.0249074	0.0039461	0.051278	0.0872827	0.0102053	0.00975364	0.00848289	0.000323026	0.00190818	0.00842677	0.0348533	0.0014893	0.00223648	
0.0520911	0.0143988	0.545963	0.0517956	0.0582199	0.0306781	0.00659257	0.00908666	0.0044279	0.0429338	0.0462079	0.00411995	0.0175931	0.0315818	0.0146813	0.00724063	0.0300977	0.00210329	0.0263442	0.00384266	
0.0628492	0.000953839	0.160109	0.0972139	0.0092294	0.0132093	0.0697834	0.0167306	0.0106115	0.0404167	0.0173753	0.06203	0.00347806	0.0547002	0.0157653	0.0585602	0.0925659	0.0553629	0.11395	0.0451057	
0.0337217	0.00368528	0.0239201	0.0472492	0.282078	0.0323994	0.102124	0.080637	0.0193864	0.285432	0.0180891	0.0104237	0.000993284	0.00882867	0.00338767	0.0100507	0.00758724	0.0128233	0.00816143	0.00902079	
0.0421942	0.00134856	0.0325107	0.0240814	0.0101543	0.149028	0.00805106	0.0287081	0.0481742	0.149609	0.0295108	0.0764816	0.0213472	0.200259	0.03922	0.0153097	0.0240534	0.0369431	0.0554287	0.00758794	
0.0584188	0.00441923	0.119356	0.0550578	0.0134098	0.258159	0.00820209	0.105102	0.010701	0.00927371	0.00600107	0.0337333	0.030241	0.0311532	0.0174173	0.0130074	0.0415935	0.0967736	0.0178334	0.0701463	
0.0794378	0.00106873	0.0190488	0.070987	0.126623	0.052627	0.0280649	0.00224007	0.0487895	0.00109081	0.0739102	0.00676319	0.0731795	0.16561	0.0923532	0.0968537	0.0089455	0.00712047	0.00545815	0.0398283	
0.0353522	0.00324331	0.0373564	0.337026	0.00251747	0.0276817	0.00647066	0.00137956	0.0211239	0.00128405	0.0236185	0.114541	0.000908896	0.101986	0.00172176	0.187568	0.0734069	0.00353236	0.0139772	0.00530392	
0.140295	0.000775907	0.00927418	0.0184654	0.00701151	0.00266499	0.027881	0.00726143	0.00559264	0.00130846	0.00950896	0.0187193	0.00190303	0.0269153	0.000408023	0.0805625	0.0152686	0.00456254	0.604142	0.0174796	
0.00968451	0.0203017	0.441932	0.0155314	0.00250318	0.00294859	0.0150478	0.026515	0.0270149	0.00224307	0.0349243	0.00368751	0.000793583	0.0459404	0.020411	0.28069	0.00900134	0.0118447	0.0206472	0.00833799	
0.0100601	0.000768325	0.00537052	0.0241707	0.00785729	0.00780745	0.0019098	0.0557456	0.0166324	0.184086	0.0235728	0.00592678	0.00178215	0.0256472	0.016502	0.00611478	0.0639574	0.152504	0.0146029	0.374981	
0.0112495	0.000945969	0.00671627	0.0306303	0.327194	0.00589568	0.00435631	0.147629	0.000838993	0.0537843	0.00206238	0.00193687	0.000239887	0.0362962	0.00113999	0.00154916	0.000883766	0.00335204	0.279531	0.0837679	
0.00593898	0.0552343	0.00356047	0.00263882	0.00551472	0.011792	0.0382446	0.367447	0.00304624	0.00146008	0.0180561	0.00231575	0.0202635	0.0341596	0.00233226	0.00357407	0.000484048	0.354035	0.0345638	0.0353388	
0.00312237	0.0463118	0.00181683	0.501659	0.0606348	0.000775469	0.0286168	0.0216054	0.000348364	0.0346965	0.0328942	0.0668709	0.0508862	0.0105921	0.00967385	0.0187276	0.0276686	0.00253715	0.0501935	0.0303685	
0.00518015	0.00502977	0.180675	0.00368538	0.0356325	0.00424654	0.0213381	0.00198931	0.101967	0.0114468	0.00857769	0.00529176	0.0129736	0.00381077	0.506702	0.00760527	0.0281669	0.0163493	0.0073788	0.0319535	
0.0194	0.000595014	0.108152	0.0916727	0.0249209	0.000325352	0.00163887	0.0274067	0.0108393	0.00143212	0.0304149	0.0282652	0.502237	0.0202568	0.022561	0.0362782	0.0196654	0.0210875	0.0053334	0.0275177	
0.0444811	0.00263356	0.0265959	0.185051	0.0030652	0.0187452	0.00554052	0.00862952	0.040398	0.00627848	0.0256351	0.201142	0.00162591	0.114382	0.0117298	0.163777	0.103006	0.0172349	0.0145682	0.00547999	
0.306065	0.0147824	0.00794555	0.0662097	0.00722874	0.148783	0.0143474	0.0398584	0.00528537	0.00120121	0.036965	0.110493	0.139779	0.0115569	0.00343257	0.0475326	0.00123501	0.00213526	0.0202242	0.0149393	
0.0316719	0.000432802	0.0732643	0.0799953	0.0376539	0.0303007	0.00392013	0.033407	0.018	0.0235066	0.048689	0.0341877	0.373102	0.056873	0.021844	0.0243674	0.0211715	0.044988	0.017561	0.0250641	
0.0969953	0.00307338	0.166353	0.118742	0.0195802	0.00271967	0.159394	0.00610681	0.00165184	0.0145143	0.0449171	0.180654	0.0053546	0.0153379	0.00173982	0.102908	0.00671275	0.00622554	0.0261212	0.0208995	
0.00899485	0.00350935	0.0432785	0.00276398	0.0152956	0.24339	0.0515987	0.020258	0.0866292	0.0123144	0.0112234	0.134178	0.00699164	0.0425742	0.00215791	0.0235336	0.155753	0.0470276	0.00963414	0.0788931	
0.0409717	0.750722	0.0216397	0.016466	0.00190019	0.00143855	0.00462971	0.0193645	0.00262592	0.0358092	0.0381938	0.0129951	0.0135211	0.00643294	0.000154801	0.00113032	0.00461987	0.0259751	0.000774413	0.00063505	
0.0238268	0.000293944	0.00179874	0.0147141	0.057722	0.10178	0.00072459	0.0361474	0.0194507	0.0258153	0.0691214	0.00301573	0.00813696	0.026755	0.0146356	0.00219447	0.0293802	0.0440565	0.0391637	0.481267	
0.00489641	0.0388055	0.0957158	0.0267861	0.0270277	0.0219239	0.00207923	0.0374425	0.00922475	0.00124681	0.0238841	0.0198804	0.598654	0.00165521	0.00499828	0.00569176	0.00324758	0.0180739	0.0407984	0.0179674	
0.0106719	0.000538159	0.00122545	0.000241733	0.185809	0.529207	0.0101299	0.0054246	0.00560334	0.00363068	0.0580768	0.00364969	0.00604969	0.00971038	0.000513756	0.00157654	0.0111724	0.00163168	0.0024641	0.152673	
0.0556096	0.0018539	0.229386	0.110972	0.00651226	0.00939399	0.0665553	0.0149751	0.0378553	0.0239659	0.013059	0.0719957	0.00506129	0.0471232	0.0160623	0.0781714	0.0727882	0.0376391	0.0700058	0.0310141	
0.0103703	0.00290056	0.00841594	0.0048687	0.436631	0.00899316	0.010494	0.0811529	0.0112399	0.129898	0.00413734	0.0131979	0.0069322	0.0307323	0.013095	0.00134534	0.0536197	0.146867	0.00984408	0.0152642	
0.0188424	0.00249086	0.0975562	0.106112	0.0290394	0.000402253	0.00186132	0.0351614	0.00931004	0.00149275	0.0338614	0.0369469	0.480255	0.0175424	0.0178969	0.0302171	0.0194737	0.0285	0.00803685	0.0250002	
0.0103553	0.0206159	0.333405	0.0391804	0.0481263	0.00656306	0.00275763	0.004087	0.000925295	0.0353523	0.0721339	0.268108	0.0645538	0.0316248	0.0168685	0.00383544	0.00419891	0.0060336	0.0266796	0.00459533	
0.00960534	0.00185496	0.0154611	0.14539	0.0160198	0.0241332	0.002482	0.00787588	0.00404913	0.116142	0.0214965	0.0667683	0.00297474	0.0750249	0.00326419	0.00431491	0.0340794	0.0542274	0.0236114	0.371225	
0.0771784	0.0094167	0.0120354	0.354308	0.0396907	0.0882001	0.0104019	0.0517307	0.00108211	0.0199128	0.0378358	0.0825101	0.00960398	0.130717	0.00125985	0.0183157	0.00406965	0.00245942	0.0211524	0.0281186	
0.107891	0.0223233	0.00826132	0.374401	0.021885	0.00350998	0.0562232	0.0153754	0.00104246	0.010945	0.0269376	0.0124514	0.0044107	0.0513643	0.00737723	0.218418	0.010737	0.00367298	0.0300863	0.012687	
0.136972	0.0715184	0.0366186	0.0263558	0.0028779	0.0337811	0.00273722	0.00796731	0.010792	0.573359	0.00637823	0.0367887	0.000343778	0.00314836	0.00279737	0.00154388	0.00876343	0.00410627	0.0038718	0.0292791	
0.0339486	0.00497704	0.0881404	0.00118551	0.0463483	0.00442396	0.0423992	0.00183246	0.100304	0.0082125	0.00450793	0.00264579	0.00933794	0.00240492	0.580136	0.00475429	0.00794761	0.0189952	0.00407231	0.0334257	
0.120227	0.0154976	0.0175717	0.1445	0.0874725	0.00603699	0.165978	0.0113578	0.0013714	0.0245257	0.0136557	0.00989032	0.00148922	0.0819268	0.00208562	0.23723	0.0160834	0.00458381	0.035802	0.00271426	
0.0100588	0.00396643	0.0103573	0.00490427	0.096696	0.00868891	0.0474078	0.14739	0.0822271	0.338567	0.0158825	0.00394933	0.000771097	0.0421377	0.00227234	0.00482205	0.0197172	0.0913802	0.0168602	0.0519429	
0.011923	0.00126152	0.00320013	0.00468598	0.416275	0.0261238	0.0027323	0.136472	0.00375186	0.152344	0.103379	0.00219239	0.00833872	0.019494	0.00481914	0.00165302	0.0150044	0.0614882	0.0115529	0.0133094	
0.370537	0.0141114	0.00613057	0.00252949	0.00414927	0.0439401	0.0190146	0.00490027	0.00295992	0.00637573	0.0137657	0.00407047	0.00139051	0.00694093	0.012178	0.378785	0.0201786	0.00442302	0.0762786	0.0073405	
0.0544507	0.00921949	0.020395	0.0286068	0.00584382	0.173551	0.0159654	0.0279992	0.00460545	0.00431563	0.0152368	0.0542267	0.00175933	0.0375655	0.0259739	0.399959	0.0479078	0.0348103	0.0219634	0.0156446	
0.100367	0.00917703	0.00849155	0.00736542	0.00713109	0.0998544	0.0189957	0.148706	0.0105648	0.00292139	0.004703	0.0683837	0.00901217	0.0399604	0.00362921	0.135829	0.029091	0.266558	0.0162278	0.0130307	
0.0783335	0.00152621	0.132761	0.0363783	0.00764482	0.236281	0.00637952	0.00236447	0.0609013	0.00484481	0.00506353	0.138552	0.0395211	0.0527601	0.0214789	0.0858744	0.0663563	0.00678097	0.00224575	0.0139525	
0.0122512	0.00456875	0.0585311	0.0329497	0.00306059	0.121069	0.139027	0.00380704	0.0995373	0.00620885	0.0134824	0.0402216	0.00360677	0.0691094	0.0562961	0.215748	0.0938968	0.0141996	0.00779957	0.00462939	
0.00545957	0.000815836	0.00235135	0.0100222	0.41551	0.0112766	0.00102636	0.105824	0.00310752	0.0966033	0.0138577	0.00137673	0.00499118	0.00581816	0.00630839	0.00135445	0.00877571	0.0363069	0.185484	0.0837303	
0.00949187	0.0100725	0.112725	0.381936	0.0388173	0.00376229	0.015239	0.0155587	0.00284005	0.0117206	0.0293455	0.00988373	0.011139	0.206843	0.0395622	0.0316215	0.0346136	0.00524257	0.0205254	0.00905996	
0.0156837	0.00177097	0.016945	0.0298538	0.480353	0.00568058	0.0127538	0.0753562	0.0059136	0.0826411	0.00854761	0.00947421	0.00246576	0.0423597	0.0411737	0.00723877	0.00754956	0.0182654	0.0794948	0.0564786	
0.00966581	0.00169353	0.0508097	0.0595598	0.0537583	0.00118342	0.0024824	0.0642088	0.00803939	0.00104745	0.0312028	0.0192966	0.574036	0.0130946	0.0159873	0.0242467	0.0147811	0.0265316	0.00961232	0.0187623	
0.212908	0.0020273	0.0420161	0.00222829	0.00196038	0.0171271	0.00378694	0.00549766	0.136964	0.0212433	0.0686489	0.0627956	0.168771	0.0382906	0.0572129	0.128018	0.0172675	0.00136261	0.00502885	0.00684512	
0.0179536	0.000913297	0.11005	0.19231	0.0479154	0.00163092	0.00162777	0.0224026	0.00574421	0.00143362	0.0751958	0.0300452	0.360239	0.0187597	0.0140388	0.0205928	0.0176228	0.0195302	0.0119612	0.030033	
0.0374056	0.00333508	0.0442849	0.142887	0.00466621	0.0396816	0.0195186	0.00256277	0.00716295	0.00242211	0.0188519	0.0645824	0.00158981	0.110943	0.00169215	0.333175	0.134855	0.0129857	0.0120416	0.00535698	
0.0292564	0.00157504	0.0198608	0.10642	0.00500207	0.0272232	0.0123738	0.0288692	0.0952524	0.00968317	0.013234	0.142153	0.000965024	0.132158	0.041068	0.103152	0.152496	0.0644222	0.0113787	0.00345829	
0.0172358	0.0016686	0.00336873	0.0271847	0.264971	0.00111047	0.00523808	0.0773748	0.00360564	0.0436195	0.00976326	0.00182267	0.00167253	0.00869568	0.000569044	0.00165157	0.00605926	0.00830208	0.393127	0.12296	
0.0672539	0.00509522	0.0929157	0.0253046	0.00632297	0.136961	0.00395765	0.00305749	0.0340728	0.00534587	0.0142472	0.105416	0.0999067	0.103935	0.00901337	0.108122	0.143102	0.0109172	0.0128458	0.012207	
0.0539308	0.00296566	0.0434577	0.00979098	0.0295385	0.291348	0.0164947	0.00259452	0.0147787	0.00394419	0.0155975	0.325917	0.00360418	0.0875108	0.00764706	0.022669	0.0353073	0.00545142	0.0143948	0.0130567	
0.00309473	0.0119472	0.0535483	0.0457552	0.00672188	0.0248983	0.176993	0.0912699	0.00164415	0.00423654	0.00547916	0.0164349	0.0045083	0.00691625	0.00200984	0.00629448	0.00436299	0.498717	0.0331694	0.00199868	
0.0216711	0.00436256	0.0853046	0.0639401	0.00610646	0.124113	0.0505448	0.00735029	0.0969068	0.0117205	0.00287259	0.0332769	0.00193391	0.0551658	0.0854948	0.0766164	0.190276	0.0667233	0.0079064	0.00771331	
0.0609769	0.000884702	0.118846	0.0824074	0.0156988	0.019222	0.0546037	0.0194738	0.0163304	0.0463164	0.0245358	0.0602783	0.00781957	0.0867413	0.0178972	0.051846	0.0921424	0.059879	0.117996	0.0461041	
0.0857965	0.00223549	0.184178	0.0464589	0.00605637	0.150328	0.0035035	0.00306909	0.0497447	0.00456372	0.00355041	0.139155	0.0423889	0.0642163	0.0102931	0.102821	0.0770199	0.00928178	0.00472067	0.010618	
0.00417591	0.000491462	0.000642855	0.000154974	0.120536	0.653867	0.00417983	0.00633396	0.00323592	0.0153026	0.0511085	0.0368431	0.00624312	0.0107527	0.000100705	0.00122759	0.00855597	0.000654156	0.00194176	0.0736512	
0.0754045	0.0081014	0.0168372	0.00904444	0.0138374	0.0959066	0.0447662	0.00531066	0.0680492	0.00541335	0.00503777	0.00823775	0.00269504	0.0278708	0.031961	0.0586831	0.294132	0.184025	0.0184878	0.0261993	
0.00789791	0.0116389	0.0392946	0.0541775	0.0121502	0.00546954	0.0301306	0.00360244	0.010299	0.0071604	0.0086729	0.00782059	0.0254843	0.055634	0.00680259	0.402247	0.248072	0.0273072	0.0225339	0.0136053	
0.248748	0.00227723	0.0188777	0.00529074	0.00363321	0.0496769	0.0343795	0.00671264	0.185833	0.016825	0.0630198	0.0459528	0.0758636	0.0296825	0.0280487	0.148281	0.0116261	0.00269993	0.00390311	0.0186691	
0.38068	0.011699	0.00236411	0.00197122	0.00337087	0.0173932	0.017369	0.0049692	0.00760789	0.00342443	0.0102846	0.00878735	0.00124186	0.0205644	0.00923473	0.242262	0.0118782	0.00249716	0.235884	0.0065167	
0.0401236	0.749087	0.0204078	0.0164936	0.00207649	0.00153503	0.0044968	0.0200414	0.00210142	0.0361444	0.0405774	0.0126519	0.0125247	0.00659804	0.000140038	0.00106524	0.00557526	0.0268579	0.000856346	0.000645553	
0.213914	0.00193507	0.0398879	0.00182064	0.00156413	0.0174445	0.00341878	0.00536972	0.134536	0.0217204	0.0703794	0.0631595	0.170114	0.0375462	0.0567167	0.130608	0.0169175	0.00131063	0.00502467	0.00661174	
0.0559756	0.0017058	0.121271	0.00737783	0.0615395	0.00129667	0.0548032	0.00581888	0.0234217	0.0253563	0.0165776	0.0450403	0.00246829	0.0212908	0.29957	0.04771	0.008906	0.051799	0.0152483	0.132823	
0.0774992	0.00126512	0.0594373	0.0125398	0.0241564	0.253825	0.0171877	0.00186704	0.0344662	0.00504293	0.0217543	0.164114	0.00953323	0.0615556	0.0436583	0.051647	0.0441714	0.00818476	0.00566923	0.102426	
0.0398183	0.00260111	0.0268303	0.0140491	0.00668336	0.481754	0.0147456	0.00872693	0.00681366	0.00306375	0.0236339	0.11642	0.0888543	0.027316	0.00201195	0.0722146	0.0206844	0.00746196	0.0163041	0.0200118	
0.0881191	0.000789116	0.0557077	0.0447046	0.0395424	0.146684	0.0182494	0.0167863	0.0542896	0.0445984	0.0512623	0.0552162	0.0343766	0.137053	0.0556937	0.0504236	0.0302717	0.046143	0.0143646	0.0157247	
0.0917273	0.0016693	0.168749	0.0343248	0.00666413	0.16762	0.00219931	0.00304533	0.0589839	0.00473895	0.00289579	0.140942	0.0509404	0.0634275	0.0128974	0.0975016	0.0690491	0.00894962	0.00198284	0.0116925	
0.0385607	0.020876	0.0815216	0.0346262	0.00564756	0.0907608	0.0412884	0.0106468	0.0154766	0.00645173	0.0191787	0.018417	0.00149334	0.0568605	0.00664043	0.454028	0.0578554	0.0141337	0.0148459	0.0106908	
0.0249012	0.0010996	0.0718229	0.0431133	0.589438	0.0470359	0.0239735	0.000938673	0.0111424	0.000706181	0.0233224	0.0413502	0.0126389	0.0254798	0.0172878	0.000498899	0.0167693	0.0012109	0.0457858	0.00148484	
0.00910586	0.000190415	0.000917163	0.00712126	0.281233	0.310828	0.000448368	0.0071991	0.0125899	0.000892015	0.0658491	0.00470662	0.00771268	0.00948505	0.00860169	0.000660516	0.0121872	0.00582943	0.0252948	0.229148	
0.240706	0.00511823	0.0218065	0.01184	0.0255905	0.00169265	0.0198446	0.00738206	0.0258967	0.0167304	0.0210689	0.0605816	0.00595535	0.0165198	0.328598	0.0965443	0.0389774	0.0178259	0.008413	0.028908	
0.0177909	0.00499445	0.00357797	0.215168	0.0280588	0.00392787	0.0721626	0.00525276	0.00223519	0.0114811	0.0288213	0.286871	0.00849741	0.0126887	0.0861545	0.16246	0.0115861	0.0191504	0.0150029	0.00411732	
0.0422561	0.328118	0.00327969	0.00205877	0.000886705	0.0217885	0.00172838	0.0386911	0.00129849	0.159107	0.338466	0.00187191	0.000279815	0.00275463	0.000458033	0.00470004	0.00041688	0.0372228	0.00496006	0.00965678	
0.00630224	0.0105712	0.00316404	0.00244414	0.0160034	0.00305975	0.0122435	0.0541675	0.121261	0.0834003	0.00464852	0.320523	0.0212114	0.0201957	0.137311	0.00205013	0.020961	0.139522	0.0100521	0.0109087	
0.0420529	0.000362796	0.0256359	0.0244014	0.0572347	0.00112951	0.0209973	0.0244662	0.00608661	0.00383365	0.0190561	0.0150745	0.0206794	0.0185853	0.000266682	0.016842	0.0143865	0.0188914	0.63753	0.032487	
0.0303762	0.00361426	0.0350105	0.0418534	0.183844	0.0389702	0.023761	0.0763321	0.0101667	0.449511	0.0176226	0.0272983	0.000640982	0.00806846	0.00254021	0.00363343	0.00717208	0.00935633	0.0105107	0.019717	
0.0051854	0.0105368	0.0230642	0.0138876	0.0294975	0.0134767	0.0490294	0.144602	0.00861886	0.0545866	0.00490374	0.0261	0.00398173	0.0271081	0.00719523	0.00997788	0.312888	0.188254	0.0217181	0.0453877	
0.0740998	0.00398313	0.00807173	0.0337165	0.00308478	0.0785007	0.178024	0.0257007	0.269507	0.0301382	0.0277433	0.0665025	0.000862295	0.0620154	0.0230684	0.0809808	0.00817278	0.0109152	0.00690919	0.00800432	
0.0760734	0.00422952	0.00713301	0.0326655	0.00309866	0.074161	0.168603	0.0283217	0.278031	0.0314065	0.0259403	0.0689882	0.000877222	0.0630222	0.0228834	0.07989	0.00722308	0.0109391	0.00823128	0.00828147	
0.0899855	0.00164159	0.172991	0.03519	0.006811	0.171423	0.00219459	0.00299939	0.0570976	0.00438576	0.00123568	0.142116	0.0466386	0.0643255	0.0117716	0.095545	0.0707729	0.00922928	0.00187078	0.0117747	
0.0899855	0.00164159	0.172991	0.03519	0.006811	0.171423	0.00219459	0.00299939	0.0570976	0.00438576	0.00123568	0.142116	0.0466386	0.0643255	0.0117716	0.095545	0.0707729	0.00922928	0.00187078	0.0117747	
0.0899695	0.00164115	0.172415	0.0350553	0.00682361	0.172655	0.00226215	0.0029667	0.0567945	0.00436696	0.00122979	0.142434	0.046484	0.0641385	0.0118866	0.0952424	0.0706768	0.00918346	0.00195089	0.0118244	
0.0112577	0.000261436	0.00078599	0.0101894	0.203503	0.305261	0.000343082	0.00278681	0.0125133	0.00109361	0.0793214	0.0104919	0.00696794	0.0106217	0.0124834	0.0010215	0.0145254	0.00364424	0.0224517	0.290476	
0.0112256	0.00113705	0.154597	0.0448817	0.0159791	0.00272272	0.00480008	0.0284006	0.00837553	0.000678062	0.0310098	0.0155049	0.555088	0.00789223	0.00990026	0.0208409	0.0101948	0.0140633	0.0229788	0.0397287	
0.0331332	0.00800525	0.0124358	0.00517276	0.152301	0.0483648	0.009579	0.0525351	0.0294533	0.0876167	0.0253521	0.0483245	0.0108041	0.192812	0.00670183	0.00464596	0.0535626	0.174729	0.023447	0.0210238	
0.077471	0.0164965	0.00381517	0.010644	0.0978846	0.020756	0.00895815	0.109358	0.00993752	0.112096	0.0970886	0.0311149	0.0309726	0.199303	0.00670402	0.00811771	0.0395533	0.0829104	0.0257351	0.0110825	
0.0100822	0.00123125	0.102842	0.0823556	0.00581358	0.0171816	0.035884	0.0194675	0.103825	0.0054546	0.0111777	0.131887	0.00252119	0.0741371	0.051308	0.148252	0.167375	0.0215924	0.00517072	0.00244183	
0.0680196	0.00357115	0.0785704	0.0161465	0.0323144	0.182959	0.0328924	0.0220148	0.0645393	0.0727545	0.0422336	0.0992754	0.0105921	0.0875874	0.057583	0.0106085	0.013849	0.0778183	0.00736063	0.0193098	
0.0112447	0.00492016	0.0643702	0.329925	0.00260556	0.00833376	0.0135876	0.00341546	0.0208734	0.00188043	0.00674658	0.01008	0.00171583	0.121379	0.0104319	0.158809	0.177353	0.0312149	0.0174653	0.00364848	
0.00471752	0.000342969	0.00205166	0.00566412	0.132077	0.234959	0.000404156	0.0100601	0.0335517	0.00258352	0.148797	0.00552938	0.00478834	0.0210372	0.00447593	0.00169042	0.0299046	0.00321324	0.0245216	0.32963	
0.0206994	0.01011	0.0065955	0.00578492	0.00963255	0.00504136	0.00522631	0.0492168	0.0891911	0.0171757	0.00765765	0.235711	0.148543	0.02836	0.147816	0.00360034	0.0867755	0.101612	0.0142067	0.0070444	
0.0250655	0.0349764	0.00404956	0.186115	0.0464801	0.0139875	0.00250746	0.00554415	0.00462974	0.0321273	0.0409762	0.44426	0.0166324	0.0410371	0.0134185	0.00568103	0.0209434	0.0295106	0.029158	0.00289963	
0.00294578	0.0181143	0.0449474	0.0117494	0.0312801	0.0202544	0.0037432	0.00235985	0.0187787	0.00724285	0.0085254	0.293172	0.0799417	0.0634451	0.0101633	0.00498125	0.263381	0.0757111	0.0287106	0.0105521	
0.0114342	0.00219756	0.0895173	0.0653133	0.012418	0.153522	0.0567228	0.00394536	0.102736	0.0230722	0.00273352	0.0529745	0.00299165	0.0718643	0.0937359	0.0931516	0.126131	0.027197	0.00360901	0.00473213	
0.0889224	0.00176213	0.172493	0.0354109	0.00677212	0.172434	0.0024807	0.00302038	0.0573043	0.0048308	0.00126973	0.140952	0.0460727	0.0643924	0.012671	0.0949998	0.0710911	0.00956654	0.00187974	0.0116733	
0.0802077	0.00102965	0.0174528	0.0711228	0.128424	0.0531957	0.0283694	0.00206362	0.0490537	0.00106026	0.0756613	0.00624198	0.0637813	0.167907	0.0930122	0.0992584	0.00842482	0.00697642	0.00543474	0.0413223	
0.041346	0.00269227	0.245206	0.086813	0.0182001	0.00102697	0.00294527	0.0207947	0.0143075	0.00205192	0.0263834	0.0260881	0.348571	0.0262314	0.0128205	0.0361144	0.0177562	0.0121438	0.0168425	0.0416644	
0.0663264	0.010291	0.00845614	0.0135179	0.00285338	0.0128263	0.213639	0.0954845	0.0798351	0.0611419	0.113038	0.0086152	0.0028496	0.0140573	0.0591821	0.0050668	0.00133236	0.202481	0.0144236	0.0145824	
0.00515694	0.0203023	0.0139535	0.0120449	0.00719298	0.0245455	0.00783722	0.0866749	0.0159616	0.5566	0.023457	0.0159178	0.000704046	0.00909017	0.00652618	0.00336569	0.0085698	0.113598	0.00833727	0.0601637	
0.000474595	0.000269892	0.00274204	0.00302704	0.589278	0.00126252	0.00211431	0.0861109	0.0179893	0.0036987	0.0229399	0.00123991	0.0026803	0.00814314	0.00226754	0.00367058	0.000349208	0.0628175	0.0566383	0.132286	
0.0430979	0.0091906	0.0111897	0.00250593	0.184462	0.00305209	0.00421195	0.241465	0.00430143	0.202251	0.0965534	0.00186764	0.00481262	0.0111486	0.00191771	0.00599235	0.0238601	0.111085	0.00572101	0.0313143	
0.0428381	0.00036123	0.0241494	0.0244784	0.0577793	0.0012442	0.0204783	0.0237505	0.0066139	0.00411536	0.0183837	0.0156224	0.0205981	0.0179626	0.000239924	0.0168318	0.014372	0.0211389	0.635811	0.0332309	
0.10283	0.00550007	0.00311488	0.00091175	0.0721943	0.495444	0.0461227	0.0193421	0.00967291	0.0361397	0.03374	0.0600265	0.00669939	0.0235042	0.000525467	0.00919602	0.00340988	0.00348375	0.00584029	0.0623018	
0.00453925	0.0502738	0.00335949	0.00314731	0.00677301	0.0184915	0.0373545	0.385071	0.00393069	0.00305789	0.0183478	0.00218013	0.0222491	0.0337137	0.00317633	0.00332551	0.000579627	0.334298	0.0337801	0.0323513	
0.0601429	0.0205285	0.00629662	0.036076	0.0313591	0.035942	0.476276	0.0275968	0.014165	0.0315539	0.0450087	0.026064	0.00205556	0.00380395	0.00180944	0.0315418	0.0485477	0.0515127	0.0482289	0.00149018	
0.053653	0.0186725	0.00675555	0.0292302	0.0342979	0.02556	0.517774	0.0382417	0.0116798	0.00510549	0.0376007	0.00255703	0.0011117	0.00190293	0.00201988	0.0281395	0.0592657	0.0571443	0.0672409	0.00204749	
0.00817721	0.00924709	0.0855622	0.038923	0.00819992	0.0215512	0.00346124	0.0359884	0.0120427	0.000832311	0.0272824	0.0253793	0.611302	0.00525048	0.0128819	0.0244388	0.00740742	0.0205726	0.0268884	0.0146117	
0.0530401	0.00574165	0.0840415	0.0141939	0.00324023	0.223818	0.00572953	0.105853	0.00795969	0.00129237	0.0244329	0.0634268	0.150003	0.014103	0.00452568	0.0919151	0.00720684	0.0884406	0.0157782	0.0352589	
0.00546067	0.00397515	0.190944	0.0135877	0.00570694	0.0146226	0.0349863	0.00235971	0.0247543	0.00313061	0.00698896	0.109029	0.00186531	0.0237874	0.00866962	0.294353	0.227261	0.00715476	0.0175674	0.00379584	
0.0629132	0.000954908	0.161024	0.0972723	0.0092145	0.0132317	0.0696213	0.0167351	0.0105967	0.0403757	0.017348	0.0619692	0.00346509	0.0545992	0.0157338	0.0585028	0.0925426	0.0552785	0.113589	0.0450326	
0.0903547	0.00172675	0.172623	0.0350863	0.00696249	0.169984	0.00225429	0.00299815	0.0572938	0.00438075	0.0013695	0.141263	0.0464497	0.0665525	0.0117007	0.0950961	0.0708811	0.00929582	0.00200097	0.0117263	
0.00847019	0.0109112	0.0778404	0.519498	0.0166765	0.00283525	0.00955614	0.00374546	0.0306542	0.00697083	0.0120899	0.00785523	0.0191254	0.0636486	0.00438015	0.066148	0.090389	0.00957634	0.0337248	0.00590386	
0.161479	0.0169248	0.0171204	0.00547592	0.0275224	0.0831437	0.0270572	0.00841207	0.0246404	0.00354833	0.0194289	0.0141422	0.00275408	0.341102	0.00175817	0.0779035	0.062519	0.0124067	0.0835881	0.00907342	
0.0257013	0.00957701	0.0415554	0.0236619	0.0231824	0.00375636	0.00865307	0.0328383	0.0385378	0.0101093	0.0134385	0.123488	0.0150083	0.108081	0.0805837	0.0282123	0.286513	0.101878	0.0129533	0.0122708	
0.0880329	0.00172522	0.17514	0.0374752	0.00748042	0.164758	0.00338787	0.00309943	0.0578751	0.00482198	0.00149247	0.140636	0.0456019	0.0634397	0.0120768	0.0946186	0.0708239	0.00985624	0.00564945	0.0120088	
