552	20
0.0233114	0.0370382	0.0381959	0.0256047	0.0417151	0.0312564	0.0193941	0.00176617	0.0356325	0.00329852	0.400323	0.146726	0.0096842	0.0337829	0.00387027	0.00964166	0.0200055	0.0275092	0.0347551	0.0564897	
0.0392254	0.00438576	0.123689	0.0611389	0.00991728	0.00245756	0.00667986	0.0491589	0.0356096	0.058156	0.37533	0.00342336	0.00120509	0.0183007	0.00199389	0.00396282	0.0319492	0.0292422	0.0268735	0.1173	
0.180218	0.0139775	0.00624673	0.0490723	0.0099931	0.00755349	0.033183	0.0263132	0.255981	0.00693104	0.0055995	0.0435403	0.00462038	0.101644	0.0166485	0.138153	0.0250183	0.0206709	0.0451821	0.00945305	
0.0611647	0.0176023	0.0026069	0.00102587	0.236153	0.00162803	0.0166341	0.200615	0.0118063	0.191369	0.0320508	0.0049408	0.00265524	0.00429216	0.00458493	0.0056845	0.0406707	0.114811	0.00844008	0.041264	
0.0715004	0.0220271	0.00709564	0.00430543	0.131497	0.00575501	0.0214151	0.254606	0.0160371	0.190144	0.0303367	0.00570535	0.00114091	0.00838286	0.00362568	0.00677065	0.0485026	0.116415	0.011391	0.0433464	
0.0715891	0.0211756	0.00204048	0.00100539	0.195406	0.00136189	0.0211717	0.19827	0.0112122	0.201	0.0345148	0.003386	0.000726449	0.0055073	0.00276796	0.00647267	0.0416784	0.121389	0.00787409	0.0514508	
0.11424	0.0426022	0.00380814	0.00139939	0.146837	0.00519171	0.00742368	0.177679	0.00207603	0.226786	0.0762207	0.00177642	0.00232213	0.00320148	0.00131607	0.0122279	0.0366477	0.0868206	0.0119515	0.0394725	
0.158702	0.0599344	0.00280825	0.00179672	0.115725	0.0120597	0.00624772	0.140108	0.00195182	0.214463	0.0661484	0.00200765	0.00539393	0.00413028	0.00117892	0.0193965	0.0408556	0.073754	0.0378429	0.0354943	
0.131231	0.054977	0.00225383	0.00115666	0.133465	0.00760859	0.00669564	0.159029	0.00167632	0.215917	0.067523	0.00175645	0.00226409	0.00300134	0.00118169	0.0136569	0.04006	0.0844631	0.0299373	0.042146	
0.13262	0.0516343	0.00242049	0.00135332	0.135137	0.00729225	0.00642305	0.158894	0.00165116	0.220455	0.069403	0.00166103	0.00264886	0.0030223	0.00116893	0.0138219	0.039674	0.0839878	0.0267808	0.039951	
0.0717056	0.0209663	0.0024222	0.00181294	0.250532	0.00183201	0.0150206	0.165318	0.00307602	0.213734	0.040512	0.00206386	0.00119209	0.00522774	0.00238963	0.00938881	0.0412069	0.109438	0.00763784	0.0345234	
0.0459739	0.081079	0.0025373	0.00160845	0.0150389	0.0275015	0.0701568	0.0763832	0.0197357	0.038751	0.118103	0.0683701	0.00106399	0.00894742	0.0299103	0.0690092	0.224764	0.0902806	0.00894919	0.0018366	
0.243846	0.128542	0.00577906	0.00591409	0.0305485	0.0604573	0.0199785	0.0449299	0.00857143	0.0935649	0.0319757	0.00754824	0.0343435	0.0138659	0.00168642	0.0526613	0.0513831	0.0344629	0.119063	0.0108774	
0.0807818	0.00959414	0.0121901	0.0590624	0.0165237	0.0607824	0.0299782	0.0349939	0.00817757	0.00842468	0.00663078	0.0711124	0.00290562	0.0528099	0.00872504	0.152544	0.135434	0.210362	0.02404	0.0149283	
0.0345698	0.00598698	0.105631	0.0255394	0.0206543	0.136768	0.033927	0.0187777	0.0927737	0.0109994	0.012792	0.157438	0.0106964	0.0882789	0.029277	0.0434477	0.0245471	0.0542802	0.012229	0.0813864	
0.307809	0.00511885	0.00202784	0.00141496	0.00114238	0.242644	0.0207806	0.000598717	0.00424889	0.00157129	0.00408847	0.0260061	0.000337148	0.0953432	0.00115315	0.196204	0.0562053	0.0204131	0.00857499	0.00431724	
0.0367021	0.0343715	0.54427	0.00688586	0.0426543	0.00360463	0.00301676	0.0209821	0.0147316	0.00346035	0.0278484	0.0206232	0.176291	0.0148938	0.0150316	0.00334276	0.0017969	0.00100121	0.0261854	0.00230716	
0.00519875	0.0139996	0.0268959	0.054754	0.0253219	0.00287227	0.0798066	0.0177188	0.222839	0.0084398	0.00755082	0.0107792	0.0158438	0.111122	0.101453	0.00809741	0.120957	0.119375	0.01795	0.0290243	
0.0205889	0.0254935	0.0210377	0.0307422	0.0427342	0.0226009	0.0249588	0.550032	0.00382678	0.135429	0.0157212	0.0055591	0.00118266	0.0214122	0.00285593	0.00282506	0.00111766	0.0338636	0.0136642	0.0243545	
0.0396672	0.735206	0.0346225	0.0191729	0.00200626	0.00117664	0.00443749	0.0130887	0.00450065	0.0443697	0.0449046	0.0149973	0.0097602	0.00814292	0.000765574	0.000340186	0.00735535	0.0138622	0.00117179	0.000452299	
0.00408339	0.0265044	0.00578953	0.00328361	0.00517296	0.00606837	0.0203784	0.546269	0.0015705	0.227186	0.0395116	0.00187322	0.000284133	0.00404363	0.0020965	0.00113832	0.000811683	0.0837006	0.00452414	0.0157101	
0.00223514	0.000497068	0.000349857	0.000474038	0.109688	0.658214	0.00274261	0.00761272	0.00239336	0.0140388	0.0543071	0.0455847	0.00351824	0.00879629	0.000111449	0.000818716	0.00916899	0.000551626	0.00138446	0.0775136	
0.0949094	0.00185114	0.00302337	0.0234353	0.0328591	0.0664121	0.227834	0.0249483	0.0224341	0.00926728	0.0317663	0.00190089	0.00239343	0.00341474	0.00468761	0.00716783	0.0318058	0.0590647	0.0509478	0.299877	
0.0541897	0.0202393	0.0125603	0.0453028	0.021473	0.028454	0.501636	0.0125432	0.0048307	0.0766831	0.0215525	0.00491067	0.000777036	0.076963	0.00265436	0.0167771	0.0433201	0.0208498	0.0327348	0.0015482	
0.482216	0.0330382	0.0043818	0.00401299	0.0061209	0.012185	0.0292749	0.0245108	0.0112725	0.00395274	0.0296109	0.00535574	0.000738212	0.0288091	0.00371146	0.279007	0.00259542	0.00129673	0.0313714	0.00653798	
0.00143262	0.0456572	0.00805633	0.00750377	0.0157726	0.00574891	0.00625869	0.00239336	0.0045598	0.00396911	0.00385074	0.269871	0.0144886	0.0339786	0.0139068	0.00306114	0.173318	0.347533	0.0336984	0.00494099	
0.113723	0.0205643	0.00298639	0.125	0.0150268	0.00843384	0.0053943	0.017672	0.0024056	0.00109514	0.0219509	0.521082	0.0648209	0.0126478	0.00582191	0.0109911	0.00196244	0.0135091	0.0308496	0.00406293	
0.00214873	0.00385803	0.0058863	0.128967	0.000530583	0.00826045	0.0102729	0.00382621	0.00660194	0.000460118	0.0239588	0.536426	0.000224537	0.0293896	0.112181	0.0845421	0.00775347	0.0190669	0.0123542	0.00329139	
0.00244521	0.00880894	0.0091664	0.00260155	0.0324724	0.38808	0.073961	0.00244206	0.00338964	0.00617768	0.00978214	0.0586643	0.000696441	0.0220328	0.00243831	0.0431548	0.232797	0.013827	0.0313087	0.0557536	
0.00282457	0.0666355	0.127513	0.207384	0.101244	0.00176661	0.0873807	0.00101875	0.00839439	0.0140222	0.00665065	0.000921953	0.0011331	0.00785197	0.00302626	0.010589	0.316306	0.00237864	0.0315842	0.00137411	
0.00192709	0.00360299	0.0181913	0.00214518	0.00841771	0.0111696	0.00349899	0.0551387	0.0754224	0.0182303	0.209453	0.00267669	0.00117527	0.155567	0.00638208	0.0110445	0.11059	0.0256293	0.018766	0.260972	
0.00198061	0.0247462	0.00584844	0.00602277	0.00401418	0.00180231	0.0425875	0.0322457	0.0124438	0.0018466	0.00172775	0.033101	0.0208042	0.026275	0.0115924	0.0124751	0.0324564	0.623045	0.03991	0.0650751	
0.0186443	0.0615671	0.473218	0.00200742	0.0437018	0.00277135	0.00691404	0.00548434	0.15934	0.03376	0.0165773	0.0764573	0.0312056	0.00736291	0.0169824	0.00401384	0.00522034	0.00944521	0.0220974	0.00322914	
0.00231911	0.0486894	0.040967	0.0645829	0.0746105	0.0234073	0.0580674	0.000770608	0.00239561	0.0115978	0.00488477	0.0109302	0.000938293	0.0280875	0.00373176	0.0055301	0.501215	0.052347	0.0418276	0.0231001	
0.00418012	0.0280407	0.00593867	0.00440371	0.00412036	0.00797381	0.0329407	0.482911	0.00513621	0.252792	0.0395029	0.00447656	0.000461209	0.00744753	0.00234223	0.00222206	0.000835436	0.0920367	0.00700268	0.0152363	
0.00331068	0.0170875	0.0321474	0.0999761	0.0126234	0.0323725	0.0373135	0.0716566	0.00449116	0.170637	0.13381	0.0577955	0.00134212	0.0227168	0.00341026	0.0190899	0.235455	0.00312815	0.0173516	0.0242852	
0.00314687	0.0417843	0.259092	0.407132	0.0519716	0.00303026	0.00254558	0.0044079	0.000536193	0.0472962	0.0489666	0.0394064	0.0307674	0.0111007	0.00516478	0.00175451	0.00618815	0.00161955	0.0325653	0.00152338	
0.0313387	0.00172446	0.186523	0.11796	0.0252777	0.0078331	0.00968257	0.0101564	0.103167	0.00546545	0.00308906	0.151586	0.00664852	0.0618669	0.0452167	0.118645	0.095586	0.00981826	0.00433919	0.00407611	
0.0358694	0.0129645	0.0259882	0.00461637	0.0457572	0.15001	0.0283394	0.00781475	0.0133638	0.0136406	0.0239221	0.445978	0.0039862	0.124545	0.0150774	0.00605726	0.00903925	0.0128595	0.0169291	0.00324198	
0.00330769	0.0127318	0.0129857	0.0411158	0.00358468	0.0017772	0.0647037	0.136196	0.0025345	0.00421976	0.00789237	0.00691803	0.0152105	0.0212023	0.00409774	0.013431	0.00707918	0.561688	0.0352518	0.044072	
0.0108538	0.0215064	0.0102556	0.34098	0.0339546	0.00249362	0.00902222	0.00123245	0.00155871	0.0023946	0.0105598	0.00584244	0.32262	0.0321151	0.00455131	0.0103175	0.116476	0.00613504	0.0359536	0.0211771	
0.00167359	0.0357905	0.00544151	0.00491947	0.00480154	0.0023522	0.0424377	0.0124646	0.0174051	0.00258668	0.00208	0.0670121	0.0175203	0.0323486	0.0185709	0.0211275	0.0742559	0.560108	0.0383091	0.0387948	
0.0137886	0.0268441	0.00880924	0.0181748	0.0131499	0.011478	0.0528812	0.00152295	0.00476054	0.00952423	0.0056131	0.00741321	0.00178322	0.0395938	0.00879021	0.00921325	0.518444	0.169645	0.0497355	0.0288353	
0.0158899	0.00382925	0.0152544	0.0660195	0.0156369	0.00682928	0.274929	0.00249407	0.00314634	0.00417327	0.0306596	0.134132	0.00198024	0.0488923	0.0117998	0.213561	0.0920873	0.0355996	0.0217562	0.00132981	
0.341932	0.00648312	0.00209535	0.00370842	0.00196399	0.156727	0.0262743	0.00125289	0.0101994	0.00211556	0.00703054	0.0184162	0.000408724	0.0683577	0.0084663	0.21955	0.0465739	0.016591	0.058307	0.00354709	
0.00144188	0.0194449	0.00423365	0.00858206	0.00295678	0.00756513	0.0180529	0.0387636	0.108844	0.00514987	0.219441	0.00278085	0.00187077	0.198101	0.00711932	0.00820962	0.107432	0.145681	0.0219132	0.0724166	
0.00287572	0.0415208	0.266165	0.40573	0.0506535	0.00312577	0.0024835	0.00413958	0.000402402	0.0478108	0.0502291	0.036695	0.0310749	0.00969149	0.00496514	0.00170356	0.00648612	0.00149866	0.0313467	0.00140257	
0.00552097	0.0163343	0.0405643	0.09283	0.00833214	0.026324	0.0207399	0.116171	0.00586182	0.36529	0.0104723	0.0412375	0.000703692	0.0192131	0.00268411	0.0037017	0.140012	0.0148082	0.0115635	0.0576356	
0.00411505	0.0199643	0.0036912	0.00390622	0.00167815	0.00442354	0.0109156	0.104878	0.0100833	0.270386	0.00736165	0.0187171	0.000475194	0.00672124	0.00440473	0.00455563	0.00436034	0.430644	0.00739474	0.0813244	
0.00770379	0.0250615	0.00453293	0.376338	0.0436202	0.00310987	0.153204	0.0350198	0.00229183	0.021863	0.0350715	0.0441122	0.0116722	0.109278	0.00454497	0.0379079	0.046617	0.00394152	0.0279114	0.00619768	
0.00799947	0.00289128	0.191235	0.0195369	0.00878989	0.0190411	0.0243566	0.00295145	0.0546199	0.00533133	0.00561553	0.154904	0.00350243	0.0135511	0.0171059	0.224433	0.219865	0.00786521	0.0117663	0.00463891	
0.0414601	0.00241611	0.074114	0.146004	0.0124057	0.0104749	0.0086226	0.01689	0.0642318	0.0102368	0.00251966	0.164718	0.00363652	0.131044	0.0335693	0.106521	0.113658	0.0139867	0.0293118	0.0141794	
0.0165	0.00668116	0.00408284	0.00933216	0.0169723	0.0697684	0.376668	0.00978269	0.171672	0.00269857	0.0288924	0.0693407	0.0359012	0.0144356	0.00993253	0.0689804	0.0354135	0.0288746	0.0222393	0.00183124	
0.00295098	0.0177098	0.00696285	0.198089	0.0107413	0.0133336	0.072917	0.0768517	0.00229733	0.151773	0.0771885	0.163493	0.00134242	0.0140113	0.00271118	0.00556971	0.155284	0.00265836	0.0208109	0.00330297	
0.0251867	0.00599171	0.0878762	0.0191614	0.030713	0.361434	0.0151894	0.00785924	0.010923	0.00858287	0.0196853	0.0805758	0.286118	0.0123534	0.00106444	0.00292829	0.00958291	0.00255033	0.00777771	0.00444675	
0.0625802	0.0176579	0.0098207	0.133475	0.0089228	0.00491675	0.0364227	0.00205036	0.196221	0.0133173	0.200055	0.00741432	0.00342819	0.0155749	0.121655	0.0422253	0.0781972	0.0048262	0.021564	0.0196746	
0.0236036	0.00345131	0.00687403	0.0406028	0.243595	0.0243198	0.00308627	0.114324	0.00477574	0.208571	0.0279695	0.00279878	0.000877449	0.00652618	0.00150494	0.00227864	0.00437428	0.0182839	0.136472	0.125711	
0.0388031	0.738524	0.0323422	0.0192818	0.00222779	0.00113528	0.00471827	0.0134573	0.00442659	0.0429805	0.0436319	0.0157919	0.0101695	0.00793172	0.000747122	0.000304111	0.00716248	0.0147515	0.00116135	0.000451379	
0.246006	0.00208202	0.0362548	0.00113434	0.0019592	0.0212408	0.00283291	0.00441916	0.142901	0.0219244	0.0465886	0.0681022	0.147623	0.0164971	0.0555545	0.143073	0.0277704	0.000896174	0.00423158	0.00890975	
0.25837	0.00197831	0.0298375	0.00178808	0.00208559	0.0255433	0.00267346	0.00405541	0.131859	0.0199985	0.0421883	0.0631292	0.141667	0.0169404	0.0512789	0.160618	0.0303229	0.000849032	0.00423521	0.0105824	
0.00895999	0.00107746	0.0778504	0.0568035	0.0161171	0.00293455	0.00813358	0.012756	0.00901883	0.000588781	0.0167848	0.0146331	0.629371	0.0105819	0.0215983	0.0189513	0.0173285	0.017475	0.0147999	0.044236	
0.0102251	0.00442527	0.0066179	0.00456258	0.0335586	0.00760217	0.0691507	0.133391	0.0690075	0.322647	0.00270534	0.00735889	0.00086196	0.0199497	0.00278386	0.00261906	0.0433149	0.135687	0.0101739	0.113356	
0.0074415	0.0088563	0.266702	0.120457	0.0124991	0.00202491	0.214327	0.0651158	0.0425812	0.00794399	0.00991837	0.00451046	0.00492812	0.0782299	0.0345673	0.0577595	0.00235758	0.0355519	0.0212281	0.00300067	
0.0321518	0.0861667	0.0197777	0.0353929	0.00857294	0.0646678	0.00446372	0.0432011	0.0109625	0.599312	0.0110367	0.0217405	0.000391798	0.00567066	0.00178935	0.00140601	0.00470018	0.00664709	0.00494984	0.0369988	
0.0184142	0.00522213	0.049049	0.0156562	0.0407696	0.347938	0.0438423	0.0554657	0.0563803	0.01823	0.107006	0.00498126	0.0117585	0.0931716	0.0785572	0.00416597	0.0143024	0.00625014	0.0111452	0.0176938	
0.0115057	0.00811693	0.340587	0.0382359	0.0413272	0.0296058	0.0124341	0.00291505	0.0428512	0.0133466	0.04538	0.0861537	0.00490094	0.148915	0.00342698	0.0594363	0.0754372	0.00816544	0.0234953	0.00376285	
0.0390961	0.660069	0.0425056	0.0254868	0.00313082	0.00164933	0.00531788	0.0202428	0.0101591	0.0396391	0.05568	0.0214543	0.0135836	0.0165277	0.00322531	0.000745225	0.0129749	0.0262252	0.00180591	0.000481147	
0.005317	0.00558318	0.182645	0.0145292	0.00640984	0.0356184	0.0781823	0.000959371	0.0515557	0.0105251	0.00965213	0.0748864	0.00150992	0.0139747	0.00899716	0.274463	0.194741	0.00860157	0.0189841	0.0028651	
0.0092603	0.00493632	0.0128516	0.0168253	0.308768	0.00882972	0.0118467	0.178239	0.0103619	0.123245	0.0544873	0.00471127	0.0462353	0.00743066	0.00496547	0.00138951	0.0114311	0.0834075	0.0723815	0.0283964	
0.177769	0.0178923	0.00674158	0.333061	0.0182759	0.0050764	0.0403811	0.167786	0.0017773	0.0647682	0.00712531	0.0443952	0.00221367	0.0182149	0.00561233	0.00690659	0.00550894	0.0180955	0.0253046	0.0330936	
0.0417571	0.00579145	0.0943653	0.017582	0.0418344	0.394871	0.0118272	0.0098291	0.00714992	0.0304197	0.0283986	0.09281	0.181466	0.0172019	0.00116292	0.00324157	0.00534781	0.00207564	0.0084965	0.00437194	
0.105837	0.00583087	0.00336027	0.00899979	0.018389	0.0635721	0.0726786	0.00534168	0.00951426	0.0472703	0.154091	0.0239319	0.00321093	0.0253006	0.000918412	0.00371686	0.040658	0.0459581	0.32838	0.0330407	
0.151098	0.0790667	0.00701162	0.0140829	0.0114289	0.0583573	0.00687316	0.185009	0.007648	0.14864	0.213747	0.0030325	0.000341156	0.0107076	0.00213423	0.0032795	0.000943379	0.0614744	0.0112433	0.0238822	
0.00333178	0.00222915	0.00492779	0.00826292	0.0111447	0.00606322	0.0218813	0.074776	0.0213767	0.294914	0.00296997	0.00487498	0.000619452	0.00880654	0.00183704	0.00175585	0.0455614	0.178997	0.00936484	0.296305	
0.00364752	0.0005924	0.000650383	0.000482393	0.108754	0.652037	0.00337208	0.00806751	0.00276304	0.0159144	0.0536857	0.0448933	0.0046679	0.0094455	0.000130081	0.00195739	0.0100587	0.000631818	0.0019446	0.0763046	
0.025509	0.00615713	0.125988	0.0171366	0.0163818	0.0205325	0.0045865	0.00507666	0.00689379	0.0048093	0.0210406	0.282674	0.163959	0.0504686	0.0053498	0.110248	0.0930088	0.0151276	0.0175829	0.00746916	
0.00487366	0.0362838	0.0823076	0.03129	0.0209004	0.0292988	0.00217916	0.0309085	0.00942238	0.00118993	0.0217037	0.0219865	0.621859	0.00199188	0.00923307	0.00604052	0.00338757	0.0210228	0.0277142	0.0164067	
0.114815	0.00704419	0.00668028	0.129912	0.00655651	0.101532	0.104673	0.00586557	0.0472687	0.0381223	0.135319	0.00907376	0.00687417	0.146288	0.0231179	0.0677195	0.00565742	0.0229113	0.0177359	0.00283382	
0.0375475	0.651957	0.0322357	0.022106	0.00306589	0.00258566	0.00505614	0.0247403	0.00817688	0.053531	0.0740501	0.0173552	0.0115667	0.013312	0.000824799	0.00078046	0.011267	0.0255059	0.00243689	0.00189867	
0.0329978	0.0696439	0.550348	0.037418	0.0618436	0.00121379	0.00716938	0.00447655	0.00349726	0.0314508	0.0385711	0.00295685	0.0138584	0.0346784	0.0196485	0.0182528	0.0404253	0.00243607	0.0261655	0.00294744	
0.0602412	0.00367469	0.146961	0.147136	0.0117106	0.0238951	0.147434	0.0168655	0.00371873	0.103196	0.0133469	0.0260675	0.000795506	0.0641353	0.0217134	0.0733166	0.0748507	0.0481862	0.0104026	0.00235242	
0.024674	0.00457899	0.0227807	0.0472222	0.306081	0.0238241	0.117164	0.0810337	0.0189392	0.214634	0.013525	0.0125209	0.00180462	0.0106202	0.00351793	0.00897824	0.0409735	0.0305384	0.00838112	0.00820802	
0.0605953	0.00310521	0.00260568	0.0194421	0.000302114	0.0944924	0.00665106	0.0576081	0.0638207	0.173177	0.0334328	0.0520284	0.0244125	0.213104	0.0138	0.0185155	0.0250657	0.0460659	0.0871588	0.00461668	
0.0523515	0.00622527	0.155881	0.0565244	0.0246835	0.231043	0.0118995	0.115433	0.00721056	0.00919027	0.00413706	0.0416132	0.00715948	0.0310316	0.0151148	0.00265797	0.0458897	0.0710255	0.0168894	0.0940392	
0.0598492	0.00516644	0.0217428	0.0721713	0.182434	0.057497	0.0165671	0.0013944	0.0549831	0.00165286	0.033775	0.00677259	0.0868195	0.158058	0.0875875	0.0771962	0.00796581	0.00853166	0.0078691	0.0519667	
0.0271324	0.00414133	0.0685559	0.430381	0.00576904	0.0226342	0.0186248	0.00333518	0.0421116	0.0035894	0.00976137	0.0532306	0.00193802	0.0388042	0.00349007	0.139693	0.0875853	0.00697747	0.0228318	0.00941245	
0.0822563	0.00185007	0.00675884	0.0120671	0.0195853	0.00292667	0.113779	0.00595383	0.00552397	0.00194348	0.00918881	0.0124743	0.00157773	0.0149461	0.000337188	0.0584579	0.0278879	0.00250877	0.603603	0.0163734	
0.0100362	0.0296886	0.432971	0.0117464	0.00263878	0.00288896	0.0213586	0.0259472	0.0309263	0.00271051	0.0334918	0.00192349	0.00116507	0.0446297	0.0212285	0.274503	0.0109176	0.0142962	0.021815	0.00511713	
0.00347179	0.00114824	0.00449095	0.0222381	0.00489267	0.00881417	0.00632163	0.0382573	0.0172575	0.227244	0.020702	0.00759144	0.00155615	0.0196952	0.0128663	0.00550186	0.0711648	0.131888	0.0125707	0.382327	
0.0192097	0.00141125	0.0102933	0.0339434	0.397679	0.0553799	0.00963438	0.2262	0.00247823	0.0707345	0.00375994	0.00597401	0.000423033	0.0739078	0.000961816	0.00263622	0.000769327	0.00252524	0.0329942	0.0490849	
0.00801091	0.0205852	0.0170496	0.0068287	0.00354913	0.00202652	0.0509687	0.323589	0.0036186	0.00272673	0.0300534	0.00275476	0.0118882	0.0215977	0.00218106	0.00283481	0.000408255	0.39958	0.0623081	0.0274412	
0.00339081	0.0356581	0.00272213	0.494137	0.0554954	0.00191482	0.0296341	0.0260228	0.000551709	0.0346825	0.0338153	0.0780883	0.0569929	0.0129188	0.0173232	0.0178174	0.0381565	0.00268966	0.0312969	0.0266915	
0.00463548	0.00702523	0.180894	0.0043611	0.0464214	0.00583113	0.0224769	0.00168668	0.0797405	0.0114149	0.00766338	0.00458956	0.0419889	0.00342331	0.484698	0.00688778	0.0303449	0.0170454	0.00699095	0.0318806	
0.0222821	0.000484737	0.133912	0.100371	0.0312345	0.000265019	0.00548976	0.0173081	0.0113081	0.000981739	0.0101522	0.0338958	0.464752	0.0266525	0.0203148	0.0276952	0.0181711	0.0320176	0.00285178	0.0398604	
0.0306184	0.00228216	0.067669	0.11805	0.00936308	0.0367643	0.00891213	0.0112842	0.0464049	0.0054466	0.012042	0.220194	0.0114238	0.0790655	0.0223304	0.160135	0.110861	0.0153244	0.0210807	0.0107489	
0.284237	0.00468867	0.00223456	0.00155748	0.00333941	0.390873	0.0118757	0.0201479	0.0138521	0.000834687	0.0263685	0.0230681	0.134669	0.00630848	0.00284379	0.0576299	0.000664167	0.000942541	0.00695621	0.00690836	
0.0223777	0.000353903	0.135264	0.100981	0.03129	0.000195835	0.00547434	0.0167483	0.0114031	0.000986268	0.00990269	0.0340532	0.462508	0.0268129	0.0203191	0.0275337	0.0183349	0.0323143	0.00283721	0.0403096	
0.114475	0.00644044	0.176215	0.0861745	0.0176897	0.00241182	0.15114	0.00502028	0.00272799	0.0118591	0.0329347	0.191969	0.00589986	0.0179474	0.00195165	0.113964	0.00600955	0.00568598	0.0345941	0.0148904	
0.0127015	0.00519478	0.0562289	0.00738968	0.0158153	0.234625	0.0497249	0.00329859	0.0423052	0.0170565	0.0100856	0.119281	0.00658269	0.0299511	0.00482361	0.0508812	0.168255	0.0506681	0.0120028	0.103129	
0.0391711	0.738219	0.0343394	0.01899	0.00205514	0.0010317	0.0039893	0.0129124	0.00464435	0.0430187	0.043813	0.015641	0.0102149	0.00823299	0.000737199	0.000318016	0.00708069	0.0139365	0.00121546	0.000439367	
0.0185459	0.000235604	0.00140873	0.0110521	0.0798795	0.173025	0.000604398	0.0104948	0.0138129	0.00548296	0.109505	0.00436714	0.00439163	0.0180837	0.0107803	0.00138405	0.0214304	0.0124326	0.0311984	0.471885	
0.00475944	0.0351271	0.0832499	0.0310317	0.0213539	0.0301937	0.0025259	0.0265709	0.00967483	0.00123066	0.0225052	0.0225271	0.618904	0.00186324	0.00980108	0.00610814	0.00344164	0.0223639	0.0299986	0.0167693	
0.0035161	0.000835522	0.00100806	0.000663534	0.190658	0.499203	0.00215724	0.0124777	0.005522	0.00597518	0.065601	0.00525917	0.00515937	0.00902578	0.00155325	0.000960685	0.0142668	0.00188503	0.0031179	0.171154	
0.0762969	0.00165267	0.237825	0.150526	0.0109622	0.00378135	0.0148629	0.0103786	0.0390797	0.00318608	0.00585868	0.0718739	0.121057	0.0510606	0.0118823	0.07025	0.042422	0.0265378	0.0307657	0.0197399	
0.00633545	0.00362745	0.00869993	0.00616413	0.441261	0.00950681	0.0182958	0.0484126	0.0186733	0.128073	0.00156509	0.0121285	0.00181943	0.0201314	0.0127328	0.00277713	0.0733751	0.166943	0.00867835	0.0107997	
0.0230256	0.00145653	0.135861	0.108726	0.0298519	0.0011762	0.00678075	0.0189491	0.0117219	0.00114209	0.00966999	0.049181	0.430132	0.0244195	0.0183771	0.0250488	0.0186677	0.0416845	0.00906882	0.0350591	
0.00811909	0.0306926	0.323673	0.0626187	0.0393444	0.00254808	0.00439025	0.00494104	0.00169439	0.0413866	0.111295	0.242667	0.0206321	0.0401078	0.0176768	0.00515715	0.00424655	0.00669511	0.0296226	0.00249192	
0.0249256	0.00364891	0.0121985	0.126792	0.0104027	0.0378258	0.00312859	0.00712324	0.00574031	0.20623	0.0148429	0.0729959	0.00249483	0.0141243	0.00262617	0.00520117	0.0319855	0.0291608	0.020549	0.368004	
0.065242	0.00615467	0.00897501	0.424742	0.042928	0.0536106	0.0126722	0.0274738	0.00248335	0.0179897	0.0344436	0.095153	0.00708556	0.148423	0.00105095	0.00987782	0.00238212	0.00169399	0.0199062	0.0177126	
0.149071	0.0198651	0.0253686	0.349237	0.0111506	0.019836	0.0276326	0.0109754	0.00938588	0.00831768	0.0230737	0.0132034	0.0106001	0.0573183	0.00287331	0.220133	0.00599759	0.00187007	0.0249034	0.00918678	
0.0729321	0.118605	0.0365321	0.0324816	0.00507755	0.0386351	0.00328364	0.0188605	0.0122873	0.558984	0.0091206	0.0384581	0.000449261	0.00504243	0.0016672	0.00138618	0.008985	0.00316564	0.00448625	0.0295604	
0.0329895	0.00626227	0.0649648	0.00105605	0.0505355	0.00910517	0.0664959	0.0014976	0.0943252	0.00599388	0.00449415	0.00171023	0.0153339	0.00198387	0.579662	0.00534845	0.00642108	0.0132937	0.00362121	0.0349056	
0.119117	0.0171579	0.0162359	0.0947723	0.128549	0.00523425	0.168858	0.0110014	0.00254091	0.0283625	0.0128058	0.00523064	0.00100472	0.0784408	0.00209293	0.203269	0.027445	0.00501553	0.0697911	0.00307486	
0.0131145	0.00825816	0.0110691	0.00700993	0.0581777	0.015934	0.0537387	0.181898	0.106522	0.294341	0.0120286	0.00837082	0.000873905	0.0523801	0.00278089	0.00745239	0.0175211	0.0976327	0.0194638	0.0314331	
0.00912113	0.00118865	0.00461763	0.00486143	0.46298	0.0036787	0.00922873	0.124074	0.00603831	0.148469	0.0163497	0.00359927	0.0058538	0.00505835	0.00673704	0.0019782	0.0213067	0.110531	0.0239771	0.0303513	
0.302982	0.00954017	0.00759294	0.00212639	0.00632334	0.0575764	0.0406926	0.00378973	0.00931293	0.0068834	0.0128067	0.00698095	0.00509603	0.00859138	0.0104011	0.353185	0.0332862	0.00466595	0.103825	0.0143416	
0.0486644	0.0162008	0.0126707	0.0190628	0.00573445	0.173791	0.029587	0.00969815	0.00410576	0.00890067	0.018569	0.122767	0.00491581	0.0384941	0.0203836	0.349485	0.0433216	0.0240722	0.0185401	0.0310361	
0.132011	0.0103985	0.0064549	0.00691954	0.0119092	0.0798046	0.0205821	0.148385	0.0103927	0.00236586	0.00417253	0.0749854	0.00849518	0.0436133	0.00299397	0.116373	0.0318642	0.257512	0.018483	0.0122835	
0.1056	0.000938756	0.0621911	0.0445347	0.00471213	0.343205	0.00346851	0.000874807	0.0506766	0.00689967	0.000711834	0.150424	0.00899526	0.0582663	0.0280044	0.0545667	0.0474964	0.0175867	0.00219759	0.00864951	
0.00858935	0.00624383	0.0852913	0.0134458	0.00493376	0.0888387	0.117921	0.00198483	0.0678913	0.0219972	0.0129886	0.0369154	0.00186184	0.0147998	0.0339679	0.327072	0.11637	0.013339	0.0217102	0.00383845	
0.00870654	0.000947912	0.00487342	0.0043824	0.42296	0.00382311	0.0059249	0.13939	0.00473091	0.124835	0.026022	0.00305423	0.00643948	0.00530611	0.00445562	0.00138393	0.0140928	0.092717	0.0733155	0.0526389	
0.0067645	0.0443441	0.16591	0.379698	0.0517067	0.00226092	0.0233168	0.0107611	0.0151671	0.0176216	0.0228508	0.00581806	0.0108598	0.0869717	0.0515035	0.0175902	0.0304545	0.00570679	0.0438085	0.00688576	
0.010234	0.00128545	0.0101441	0.0234731	0.484792	0.119733	0.00798245	0.0743485	0.00422968	0.0807249	0.104319	0.00508702	0.000661185	0.0307132	0.00207774	0.000988723	0.00234544	0.0102442	0.0128937	0.013722	
0.00683255	0.00732932	0.0338914	0.0463201	0.0607756	0.0109294	0.00530514	0.120118	0.00782926	0.000995815	0.0402369	0.0202034	0.539014	0.0129819	0.00538844	0.0204632	0.0141141	0.00532276	0.0307761	0.0111728	
0.246556	0.00211589	0.0373776	0.00113786	0.00260734	0.0208558	0.0028964	0.00441112	0.144888	0.0219416	0.0469858	0.0670198	0.146367	0.0164034	0.0556629	0.140497	0.0280969	0.000870278	0.00440133	0.00890781	
0.0211392	0.000417557	0.13701	0.112709	0.0345918	0.000286824	0.00502493	0.0162279	0.0105032	0.000935393	0.0101517	0.0319294	0.454199	0.0247577	0.0182711	0.0253022	0.0191756	0.0286168	0.00867357	0.0400765	
0.0265104	0.00218333	0.0613309	0.134053	0.00986267	0.0351809	0.0158763	0.0125448	0.0342701	0.00744613	0.0122377	0.120755	0.00637756	0.129343	0.0198878	0.208834	0.121212	0.0165122	0.0165877	0.00899423	
0.0438051	0.00931704	0.0784943	0.0882308	0.0135582	0.0245924	0.0125908	0.023729	0.0679029	0.0125164	0.0133022	0.157015	0.00428863	0.0842914	0.045157	0.118244	0.156836	0.0192148	0.0173337	0.0095806	
0.0132313	0.00314452	0.00751327	0.0128606	0.199182	0.00110536	0.0168963	0.0446204	0.00758173	0.0280785	0.0311719	0.00227124	0.00239103	0.00749878	0.000291806	0.00629004	0.00470531	0.0197937	0.425137	0.166235	
0.078343	0.00283232	0.135446	0.0173836	0.00902286	0.119408	0.00287388	0.0059713	0.0109326	0.00934365	0.0145571	0.144053	0.110085	0.035842	0.0217151	0.100517	0.146017	0.00233826	0.00942198	0.0238965	
0.10453	0.000931968	0.0625335	0.0443211	0.00485783	0.342858	0.00347453	0.000924768	0.0503316	0.00691273	0.00175079	0.150829	0.00904158	0.0588344	0.0276386	0.054163	0.0474814	0.0175134	0.0023324	0.00873958	
0.0108391	0.0199817	0.0801124	0.0286259	0.00664892	0.00160539	0.186913	0.10062	0.00163121	0.0067127	0.00849662	0.0105578	0.00364512	0.00818995	0.00285148	0.032751	0.00802082	0.442096	0.0370213	0.00267965	
0.00770855	0.00531617	0.0921923	0.115991	0.00829764	0.118777	0.0148504	0.000544024	0.0718073	0.0557127	0.00262214	0.0330264	0.00114743	0.075563	0.0877266	0.0553864	0.194032	0.0434064	0.0112913	0.00460073	
0.0490516	0.00469157	0.0237355	0.0657666	0.028283	0.0063831	0.00770121	0.0107162	0.0215731	0.0388647	0.00477877	0.0965548	0.00178243	0.139947	0.0235735	0.11025	0.151305	0.0335921	0.108729	0.0727216	
0.0669537	0.00258284	0.228175	0.0315899	0.0112263	0.0546059	0.00200985	0.00879864	0.00587098	0.000933979	0.00559016	0.190041	0.0679923	0.0531749	0.0103408	0.122758	0.114062	0.00156162	0.00739674	0.0143361	
0.00222912	0.000817242	0.000416837	0.00048517	0.108004	0.657703	0.00286163	0.00749118	0.00264494	0.0155117	0.0541795	0.0436689	0.00431983	0.0088278	0.000113745	0.00104524	0.00911438	0.000574303	0.00167185	0.0783191	
0.0814614	0.0104767	0.00624823	0.00391448	0.017897	0.113101	0.0384068	0.00363787	0.0872349	0.00638327	0.00625388	0.0120714	0.0103361	0.0351309	0.0186499	0.0469734	0.206578	0.25212	0.0193537	0.0237706	
0.00723349	0.0137009	0.0375049	0.0352453	0.00781352	0.00802482	0.039241	0.00187228	0.0158693	0.00830917	0.00570155	0.00675174	0.00138893	0.0688206	0.00568544	0.375153	0.295041	0.027692	0.0275764	0.0113751	
0.296016	0.00275306	0.0228781	0.00261258	0.00297227	0.0437344	0.00388149	0.00384176	0.112772	0.0164809	0.0336429	0.0525419	0.105047	0.0170813	0.045907	0.189231	0.0265177	0.00141194	0.00341184	0.017265	
0.474629	0.0340846	0.00334925	0.00313436	0.00598453	0.00978075	0.0323522	0.0320798	0.0145931	0.00536921	0.0352541	0.0134944	0.00119408	0.0316269	0.00624739	0.258283	0.001282	0.00100058	0.028602	0.00765858	
0.0387601	0.734943	0.0339791	0.018654	0.0023238	0.00116566	0.0042239	0.0137863	0.00438641	0.0440672	0.0453727	0.0163714	0.00982715	0.00820014	0.000767206	0.000367725	0.00633239	0.0148921	0.00112078	0.000459263	
0.232126	0.00339283	0.0328561	0.00150094	0.00161516	0.0187498	0.00400132	0.00822797	0.132805	0.0284719	0.0710579	0.0545245	0.155724	0.0222003	0.0571174	0.134645	0.0252147	0.00109889	0.00601619	0.00865496	
0.00608651	0.0028563	0.163141	0.0109479	0.0533676	0.00217601	0.127948	0.00395053	0.00476019	0.00300033	0.00967929	0.00392234	0.00222202	0.0206424	0.285496	0.0264611	0.0074753	0.0823188	0.0213902	0.162158	
0.105605	0.000939354	0.0621992	0.0445368	0.00471251	0.343223	0.00344157	0.000874806	0.0506645	0.00690198	0.000711142	0.150413	0.00899597	0.0582851	0.0279943	0.054563	0.0474975	0.0175906	0.00219844	0.00865237	
0.130614	0.0047321	0.00322309	0.00210928	0.00674023	0.454968	0.0137128	0.0352464	0.00601615	0.00455532	0.0240829	0.0376829	0.126591	0.0165993	0.00833684	0.0818684	0.0115109	0.00381122	0.0100861	0.0175131	
0.106399	0.00102144	0.0613536	0.0444844	0.0053817	0.342847	0.00365628	0.000928025	0.0511308	0.00702107	0.000764966	0.148927	0.00916587	0.0577915	0.0281734	0.0546292	0.0473511	0.0179493	0.0024481	0.00857611	
0.030673	0.00672468	0.0941537	0.0198795	0.00600756	0.0182333	0.0143784	0.00700885	0.0293257	0.00329057	0.020452	0.215017	0.147945	0.0892545	0.00583905	0.191616	0.0403994	0.0283889	0.020525	0.0108881	
0.0444672	0.0193814	0.0756173	0.0146489	0.00613338	0.0891861	0.0415109	0.00677008	0.0235171	0.00819391	0.0116385	0.00740756	0.00131705	0.0700071	0.006195	0.445793	0.0750306	0.0134108	0.0276016	0.0121727	
0.0207466	0.0010857	0.0827307	0.0553429	0.572868	0.0474033	0.0242532	0.000810835	0.00910611	0.000631803	0.0242277	0.0466188	0.0138244	0.0278812	0.0201483	0.00049536	0.0215572	0.00112342	0.0279035	0.00124115	
0.00788374	0.000293276	0.00104413	0.00893292	0.255406	0.273619	0.00237313	0.00850373	0.00937182	0.000668379	0.0715967	0.00521748	0.00522718	0.0100458	0.00812958	0.00128921	0.0149909	0.00660772	0.0271968	0.281603	
0.233005	0.00666334	0.00692434	0.00497647	0.0133361	0.00150318	0.0093267	0.0105072	0.04883	0.019041	0.0309391	0.0625316	0.00369827	0.00783906	0.294122	0.154303	0.0658153	0.00446228	0.00661401	0.0155614	
0.00431605	0.00245822	0.00646792	0.230066	0.00537952	0.00258348	0.0194001	0.002186	0.000886933	0.00257022	0.00968899	0.397143	0.00209808	0.00545628	0.197549	0.0794291	0.0158449	0.00608068	0.00775659	0.00263888	
0.0316623	0.205643	0.00906784	0.00623301	0.00326613	0.0256286	0.00905177	0.043376	0.00798741	0.216286	0.343814	0.00521512	0.000371585	0.00543435	0.00279245	0.0055146	0.00097816	0.0578912	0.00841211	0.0113746	
0.00530787	0.0141483	0.00254131	0.0100652	0.00767793	0.00686907	0.0236478	0.066261	0.119045	0.077448	0.00609977	0.311269	0.00490905	0.00640551	0.0905695	0.00272602	0.00364806	0.211034	0.0108682	0.0194597	
0.0328389	0.00164245	0.0183239	0.0186867	0.0526571	0.00142198	0.0631259	0.026862	0.0071427	0.00383137	0.0171791	0.0147555	0.0112966	0.0115999	0.000224118	0.0182687	0.0214834	0.0224117	0.617713	0.0385349	
0.0324931	0.00712186	0.0354714	0.0543332	0.178625	0.0306142	0.018906	0.0776548	0.0122213	0.427725	0.0194013	0.0228711	0.000676129	0.0066116	0.00185507	0.00260349	0.00748407	0.00539192	0.0175546	0.0403848	
0.00503661	0.0134368	0.019769	0.0106734	0.0419547	0.0106789	0.0494833	0.133149	0.00748873	0.0739683	0.00313948	0.0219716	0.00307697	0.0259718	0.00579491	0.0108811	0.265998	0.218665	0.0187959	0.0600664	
0.0844246	0.015977	0.0129411	0.0289813	0.0133247	0.051456	0.164434	0.0130237	0.219725	0.00425057	0.0095558	0.0152487	0.00245283	0.102923	0.0136657	0.186344	0.0128412	0.0201189	0.0234243	0.00488728	
0.152382	0.00893912	0.0198865	0.0616791	0.00386968	0.00865103	0.018743	0.0146275	0.308208	0.0163498	0.00734549	0.107364	0.00141497	0.104764	0.0374761	0.0687197	0.0191203	0.0213832	0.0153226	0.00375332	
0.10165	0.000993284	0.0620876	0.0468525	0.00451986	0.336011	0.00387189	0.000904261	0.0548727	0.0066697	0.00305622	0.150421	0.00869339	0.0553522	0.0268316	0.06066	0.0483618	0.0168956	0.00266641	0.00862861	
0.0652777	0.00256144	0.224548	0.0261263	0.0113635	0.0565867	0.00170067	0.00879098	0.00282931	0.000486359	0.00560342	0.195594	0.0740957	0.0515757	0.00908011	0.124415	0.11571	0.000878479	0.00758493	0.0151912	
0.105855	0.000944669	0.0620531	0.044391	0.00471086	0.342974	0.00344526	0.000874805	0.0506309	0.00690382	0.000866101	0.150277	0.00905661	0.0581965	0.0281051	0.0545845	0.0477099	0.0175825	0.0021997	0.00863774	
0.0111375	0.000260724	0.00110363	0.00954277	0.152498	0.248006	0.00155974	0.00257767	0.00693869	0.00131566	0.0796522	0.0151049	0.00529269	0.0103229	0.0177064	0.00148419	0.0210183	0.00455252	0.0157197	0.394206	
0.0124547	0.00104459	0.130692	0.0547175	0.0185175	0.00198881	0.00601178	0.0172762	0.0102563	0.000654046	0.0160383	0.0184723	0.570342	0.0122722	0.0181544	0.0197063	0.0124715	0.0196195	0.0128253	0.0464846	
0.0329908	0.00794108	0.00967837	0.00564344	0.170984	0.0664924	0.0092309	0.0330582	0.035757	0.0721068	0.00623277	0.0605463	0.00711041	0.122828	0.00226268	0.0234988	0.101537	0.198186	0.0205886	0.0133271	
0.0662298	0.0122027	0.00517297	0.0158343	0.00248831	0.0474695	0.00962297	0.103037	0.0326054	0.126994	0.0994952	0.0824602	0.0398393	0.196041	0.00721746	0.0081564	0.0329148	0.0500889	0.0525696	0.00955976	
0.0338738	0.00113766	0.1228	0.0968981	0.0247732	0.00854823	0.00726868	0.0154483	0.0919592	0.00742006	0.00264744	0.170532	0.00404379	0.0710798	0.0463593	0.127725	0.133652	0.011805	0.0139604	0.00806766	
0.113653	0.00844102	0.00351351	0.00113621	0.00661659	0.214029	0.049045	0.0630914	0.0795085	0.0660094	0.0287045	0.14912	0.00236196	0.0276452	0.047712	0.00151551	0.0016941	0.122215	0.00578261	0.0082046	
0.0558723	0.00740989	0.0713527	0.0121913	0.00270087	0.0650285	0.0661355	0.00105813	0.00891852	0.00273966	0.00346922	0.0118402	0.000852775	0.134827	0.00438067	0.259463	0.223786	0.0477778	0.0138134	0.00638197	
0.00295162	0.000289309	0.00238046	0.00299313	0.08412	0.197225	0.000644031	0.00626608	0.0229484	0.00242979	0.172151	0.00437762	0.00300746	0.0206216	0.00272856	0.00165777	0.0268752	0.00323368	0.0205814	0.422519	
0.0253301	0.0196175	0.0044345	0.00803077	0.0122717	0.00477323	0.0492186	0.0524746	0.0394423	0.00505367	0.0138159	0.228918	0.16466	0.0273398	0.125404	0.00495354	0.083565	0.102971	0.0224191	0.00530808	
0.0383798	0.0343831	0.00427464	0.152066	0.0393121	0.0127616	0.00546899	0.00558091	0.0044286	0.0265479	0.0302489	0.522039	0.0242653	0.0317937	0.0117683	0.004969	0.00296571	0.0149581	0.0315768	0.00221159	
0.00255621	0.033027	0.0275538	0.0212539	0.0310503	0.0195739	0.00600058	0.00175442	0.0038043	0.00770506	0.0117403	0.290194	0.0479178	0.0338187	0.0109086	0.00318798	0.294866	0.119182	0.0281172	0.00578822	
0.00731986	0.00348404	0.0840441	0.13211	0.0110551	0.129933	0.00800712	0.00126343	0.0738368	0.0505805	0.00269837	0.0383654	0.00160235	0.0894067	0.0845491	0.0461585	0.191207	0.030785	0.0097121	0.00388137	
0.103915	0.00095724	0.0633453	0.045395	0.00470145	0.340478	0.00360634	0.000888388	0.0510977	0.00713575	0.000707186	0.149808	0.0088962	0.0585952	0.0282772	0.0546244	0.0486481	0.0178687	0.00214888	0.00890563	
0.05239	0.00312738	0.0312424	0.0847802	0.166646	0.0595798	0.0141073	0.00153793	0.0651375	0.00174716	0.034328	0.00468892	0.0670929	0.15137	0.0965518	0.0799924	0.00625634	0.0118873	0.00822184	0.0593151	
0.0266692	0.00042236	0.141628	0.0997035	0.0300056	0.000192544	0.00547112	0.0168091	0.0115776	0.000931209	0.0099133	0.0326752	0.456045	0.0259283	0.0184567	0.0283779	0.019125	0.0302183	0.0055565	0.0402934	
0.0769017	0.0111321	0.00464419	0.00352473	0.00241907	0.0423609	0.184627	0.0817201	0.0850661	0.0712463	0.147965	0.0225742	0.00202362	0.014323	0.0480044	0.00383749	0.00133003	0.16169	0.020182	0.0144279	
0.047111	0.101386	0.0240813	0.0296499	0.00633799	0.0460987	0.00243531	0.0413698	0.00886797	0.608463	0.0100472	0.0202802	0.000326058	0.0053777	0.00148103	0.00123724	0.00411466	0.00437379	0.00417965	0.0327822	
0.00134157	0.00089782	0.00255635	0.00139622	0.462342	0.00294351	0.00786204	0.0836728	0.0237714	0.0117238	0.0226507	0.00136496	0.00121877	0.00701895	0.000573424	0.0048897	0.000407055	0.0639789	0.125772	0.173618	
0.0178449	0.00850224	0.0274144	0.00379481	0.141243	0.00255116	0.00335666	0.241576	0.00179036	0.142574	0.147393	0.00305113	0.00214863	0.00774242	0.00293852	0.00429968	0.00337915	0.0859743	0.0785528	0.0738737	
0.0315814	0.00151079	0.0172653	0.0206205	0.0561776	0.00132364	0.0595386	0.0261105	0.00648151	0.00389071	0.0170479	0.0140149	0.0130515	0.0126906	0.000212354	0.0179027	0.021925	0.023317	0.616298	0.0390393	
0.00223308	0.000402472	0.000349755	0.000442568	0.109616	0.658066	0.00284539	0.00756055	0.00288728	0.0149453	0.0551062	0.0443647	0.0035954	0.0082689	0.000101747	0.00071439	0.00872643	0.000530365	0.00125731	0.0779862	
0.00609509	0.0219492	0.0166992	0.00723574	0.00273156	0.00268199	0.0461249	0.340502	0.00460463	0.00456794	0.021982	0.00253856	0.0163465	0.0234566	0.00229362	0.00316841	0.000583262	0.391466	0.0596095	0.0253635	
0.0640998	0.020859	0.00786026	0.0398675	0.0261992	0.0295084	0.492611	0.0399225	0.0192114	0.0322053	0.0384618	0.0135802	0.00244772	0.00544	0.00170856	0.0233271	0.0415569	0.0535607	0.0460509	0.00152177	
0.0575331	0.017009	0.00679898	0.0255416	0.0272714	0.018227	0.466134	0.0395814	0.0115663	0.00533341	0.0288054	0.00188424	0.00119734	0.00199824	0.00174035	0.0283248	0.0494671	0.0491411	0.159958	0.00248755	
0.00668929	0.0054395	0.0682129	0.0333967	0.00894504	0.016656	0.00342878	0.0334177	0.0118627	0.000589572	0.0243543	0.0228478	0.652934	0.0053274	0.016182	0.0242603	0.00691829	0.0231728	0.0212009	0.0141636	
0.0546027	0.00885819	0.0855412	0.00573422	0.00583459	0.0734795	0.0152398	0.0260827	0.0142063	0.00279513	0.0127684	0.126862	0.213074	0.0287758	0.00382	0.163238	0.0120605	0.115215	0.0226157	0.00919578	
0.0026588	0.00420428	0.24122	0.0136726	0.00585776	0.0149049	0.0261176	0.00167282	0.040039	0.00519721	0.00620235	0.131205	0.00175391	0.0193732	0.0117321	0.248668	0.200399	0.00755123	0.0145349	0.00303538	
0.075868	0.00339143	0.22073	0.173905	0.00959756	0.0144339	0.0737781	0.0150596	0.0093201	0.062834	0.00354264	0.0418422	0.00426491	0.0522946	0.0127214	0.0616775	0.0916642	0.0426437	0.0247692	0.00566206	
0.0779185	0.00161997	0.122369	0.086854	0.0132875	0.145002	0.00813224	0.00659426	0.0679464	0.00609745	0.00164944	0.144185	0.00549771	0.0953637	0.0282686	0.0762306	0.0832384	0.0147639	0.00627578	0.00870479	
0.0246148	0.0356084	0.101339	0.34559	0.0515929	0.00273587	0.0586073	0.00949371	0.00984818	0.0754997	0.019471	0.00616663	0.0191968	0.0147051	0.008723	0.026347	0.140749	0.00907882	0.0322372	0.00839525	
0.187824	0.025562	0.013723	0.00516965	0.0289282	0.0912851	0.0419305	0.00978253	0.0264746	0.00449641	0.0235304	0.0121132	0.0022401	0.339908	0.00096746	0.0698336	0.0505106	0.0115959	0.0489568	0.00516758	
0.0713698	0.0147757	0.046965	0.0247821	0.0393851	0.00623259	0.0143585	0.0308775	0.0317699	0.0125187	0.0204609	0.140062	0.00418416	0.0972831	0.0789083	0.0373422	0.285046	0.0146557	0.0179962	0.0110274	
0.0438009	0.00272087	0.195024	0.101948	0.0354112	0.00925034	0.00721384	0.0110191	0.0913833	0.00548699	0.00296161	0.151366	0.00778913	0.0642642	0.0367428	0.111442	0.100933	0.0107197	0.00556765	0.00495484	
