552	20
0.0415625	0.0165417	0.0465585	0.041049	0.0552704	0.0397203	0.0404657	0.00735175	0.088089	0.0665163	0.301013	0.0199924	0.0316455	0.0261823	0.0117743	0.035579	0.0382561	0.0168307	0.0268199	0.048782	
0.0590868	0.017942	0.0313973	0.0171982	0.0568858	0.0333607	0.0445841	0.0806127	0.00610353	0.021504	0.451872	0.0132623	0.0171056	0.0390091	0.00548164	0.00942348	0.00903151	0.0205471	0.0322493	0.0333432	
0.230607	0.00936143	0.0494843	0.1411	0.0435862	0.0178012	0.0408306	0.0570101	0.0406198	0.0382541	0.0206691	0.0521739	0.0551892	0.0381418	0.0239015	0.035482	0.0505414	0.0134322	0.0219246	0.01989	
0.0846161	0.00768746	0.0402621	0.0262831	0.176164	0.0181793	0.0226277	0.163543	0.0650045	0.168154	0.0449983	0.0169914	0.0272135	0.016888	0.0585193	0.0137338	0.00481754	0.00926303	0.0146521	0.0204025	
0.00805015	0.0148313	0.0117708	0.00886293	0.016516	0.0264538	0.016905	0.327409	0.00476838	0.111993	0.026851	0.00573926	0.00200602	0.0133302	0.00291696	0.00733064	0.0330073	0.21305	0.0211794	0.127028	
0.00879336	0.00103505	0.00359322	0.00282232	0.0593268	0.0224581	0.00707553	0.080763	0.0115979	0.00936561	0.00985642	0.00507679	0.00540847	0.043755	0.00959403	0.0110157	0.0185421	0.368338	0.0818675	0.239715	
0.0627804	0.0418436	0.0331105	0.0321128	0.0178195	0.0492465	0.00583397	0.292244	0.00489803	0.322242	0.0330929	0.00799724	0.00160081	0.00696376	0.00533049	0.00445252	0.00315824	0.0236576	0.00829367	0.0433215	
0.231184	0.0102493	0.013723	0.0198238	0.130477	0.0375778	0.0124323	0.164399	0.0132518	0.222049	0.0570662	0.00839122	0.00473515	0.0143897	0.00990171	0.0108679	0.00477405	0.010499	0.0107079	0.0134994	
0.0540312	0.0590024	0.0235583	0.0309709	0.0136079	0.0336312	0.00900966	0.259223	0.00646833	0.318918	0.0329134	0.0115214	0.00215301	0.0133946	0.0067597	0.0078458	0.0047176	0.0360982	0.0105038	0.0656713	
0.196152	0.00701062	0.0263799	0.0150121	0.0371254	0.0438195	0.0355323	0.0132223	0.0253235	0.154099	0.0398567	0.053403	0.00458818	0.0185099	0.0225019	0.0288653	0.0909932	0.121767	0.0179005	0.0479375	
0.0624272	0.00223998	0.015753	0.0109541	0.447489	0.01321	0.0265233	0.0466302	0.0188979	0.036368	0.0349341	0.0362996	0.00510901	0.037082	0.0211537	0.00545804	0.00452391	0.132057	0.0256302	0.0172594	
0.181678	0.000987171	0.0750707	0.0392197	0.0234603	0.0626155	0.0264746	0.021076	0.0343441	0.011864	0.010077	0.0742796	0.00663193	0.0564659	0.0184756	0.0823575	0.149328	0.0832394	0.0080176	0.034338	
0.212482	0.00109842	0.0686282	0.0371548	0.0253202	0.0775503	0.0259461	0.0146426	0.0329747	0.0174222	0.0119098	0.0540907	0.00675955	0.0516677	0.0163773	0.0802734	0.144101	0.0807362	0.0070502	0.0338147	
0.0964131	0.0020111	0.00787959	0.00494494	0.0234891	0.131834	0.0363557	0.018189	0.0193405	0.0142721	0.00763302	0.0167211	0.00950184	0.0448176	0.00392328	0.072925	0.0731875	0.317499	0.0203564	0.0787056	
0.0312828	0.00289299	0.0542416	0.0036103	0.0535413	0.00410901	0.0315318	0.00968721	0.349988	0.0296703	0.0187356	0.0467859	0.00983906	0.0202776	0.166343	0.012168	0.0357775	0.0291707	0.0104181	0.0799298	
0.287358	0.00383881	0.00472738	0.00180024	0.0128211	0.147538	0.0943344	0.00791792	0.0102563	0.00520488	0.0373631	0.0103457	0.00141794	0.0433752	0.0010664	0.306115	0.00276134	0.00417723	0.0106241	0.00695661	
0.00570279	0.0660225	0.519521	0.0076298	0.0716105	0.00428667	0.00876409	0.0276667	0.0160412	0.0648973	0.0375772	0.00803397	0.0291832	0.0272818	0.0155534	0.0112652	0.027253	0.0038278	0.0455415	0.0023403	
0.0300281	0.00547538	0.0409523	0.0185575	0.114228	0.0218899	0.00926398	0.00558187	0.0935498	0.0160595	0.0188047	0.0178165	0.0133959	0.23704	0.0287768	0.0326021	0.155863	0.0665111	0.0332474	0.0403566	
0.0546624	0.0553312	0.0370782	0.0303561	0.0254568	0.0509398	0.0168157	0.4339	0.00380525	0.168283	0.0218763	0.0045115	0.00289604	0.0123676	0.00366178	0.00380289	0.00244059	0.0133916	0.0217584	0.0366643	
0.0120935	0.719408	0.0386735	0.0270249	0.00102884	0.000680982	0.0248563	0.0251693	0.00182187	0.0422337	0.0200702	0.0314097	0.008574	0.0113786	0.000290355	0.000415893	0.0113918	0.0224637	0.000836827	0.000177858	
0.0290007	0.064623	0.0391379	0.0295049	0.0141597	0.0316817	0.0369011	0.532657	0.00335431	0.028923	0.00702508	0.00371685	0.0244564	0.0250489	0.00310551	0.00400678	0.00166856	0.0214599	0.0629031	0.036666	
0.0105189	0.000690243	0.00433148	0.00116992	0.0520193	0.62923	0.00974647	0.0168086	0.00385105	0.0414618	0.0399018	0.0283653	0.0755853	0.0213592	0.00101835	0.00513479	0.0191056	0.00163333	0.00475988	0.0333084	
0.019359	0.000465433	0.00201028	0.0189644	0.0208706	0.040594	0.00182544	0.0540239	0.010381	0.0396051	0.0395039	0.00235733	0.00902704	0.0259548	0.00873133	0.00432328	0.0316613	0.11028	0.122601	0.43746	
0.0983257	0.0467731	0.0158882	0.0241311	0.0456834	0.0277538	0.483943	0.0225421	0.0156432	0.00485852	0.0351374	0.00522799	0.00173525	0.00347441	0.00254281	0.0713922	0.0236971	0.0299957	0.0404878	0.000767581	
0.461401	0.00704631	0.00500869	0.0046972	0.0156157	0.04073	0.0998841	0.0138342	0.0225193	0.0150181	0.0357412	0.0258141	0.00928765	0.0266105	0.0163815	0.163646	0.000967097	0.00903696	0.0154684	0.0112917	
0.0412794	0.0586329	0.00210819	0.0408938	0.0675233	0.0409055	0.00307689	0.00271424	0.00189501	0.0450519	0.0406057	0.502969	0.0245739	0.0236659	0.0286835	0.00435633	0.00648227	0.0233017	0.0347017	0.00657844	
0.0422448	0.0563558	0.00196644	0.0423795	0.0695548	0.0439638	0.00348295	0.00266755	0.00173611	0.0417678	0.0386465	0.505735	0.0228561	0.02371	0.0288812	0.00465599	0.00686707	0.0232069	0.0331018	0.00621995	
0.0391476	0.00542946	0.0347412	0.152401	0.00696534	0.0533736	0.0641369	0.0100706	0.0153572	0.0028183	0.0283448	0.036552	0.00450786	0.0485086	0.0135199	0.403378	0.0412712	0.0155457	0.0156614	0.00826953	
0.00363817	0.0281605	0.0409564	0.0578539	0.0640465	0.0502387	0.0230704	0.000904706	0.0033575	0.030602	0.00727815	0.00879011	0.00261496	0.0449079	0.00421649	0.00985449	0.379937	0.0135291	0.167074	0.0589697	
0.0211414	0.0220016	0.229642	0.265217	0.03364	0.00485856	0.0121418	0.00278952	0.00718952	0.0328614	0.0118894	0.0293045	0.0650639	0.0293364	0.00707822	0.0462217	0.127949	0.00264787	0.0446557	0.00437032	
0.0188362	0.00880747	0.0329826	0.0100854	0.100477	0.0272789	0.010563	0.00541972	0.130418	0.014718	0.0222976	0.0109682	0.00869614	0.234244	0.0168456	0.033674	0.154659	0.071038	0.037652	0.0503387	
0.00824664	0.0431437	0.00287891	0.00338126	0.00813247	0.00513618	0.02834	0.00627456	0.0197993	0.00260306	0.00773137	0.0234029	0.00967033	0.0526427	0.0263769	0.0138858	0.0173452	0.543498	0.102204	0.075307	
0.0054641	0.0641925	0.52224	0.00661224	0.0732673	0.00406749	0.00992124	0.0261343	0.0176102	0.0639304	0.0388917	0.00714487	0.0310561	0.0250392	0.0161896	0.0118356	0.0261332	0.00372919	0.0440409	0.00249965	
0.00463471	0.031034	0.0428264	0.0561449	0.0625428	0.0472684	0.0232675	0.00100621	0.00273879	0.0308621	0.00607833	0.0128873	0.00294517	0.0467886	0.00420676	0.0140829	0.381483	0.0135402	0.158107	0.057555	
0.00511448	0.0301351	0.00915565	0.00534377	0.0177147	0.0266905	0.0200967	0.412017	0.00251493	0.0242008	0.00739653	0.00399039	0.0220596	0.0233087	0.0024093	0.00878035	0.00979387	0.197442	0.046359	0.125477	
0.0350645	0.0512026	0.0512147	0.0243049	0.017029	0.0756095	0.00585986	0.00470198	0.0179766	0.329907	0.250149	0.0357705	0.00185039	0.00790946	0.0052355	0.00424395	0.00526251	0.00646783	0.00732532	0.0629149	
0.00899849	0.04202	0.0155587	0.428007	0.0321122	0.00179021	0.0175833	0.0157313	0.00178812	0.0335106	0.0264422	0.0557927	0.0221663	0.023196	0.0137906	0.11906	0.0538785	0.00279071	0.0582343	0.0275485	
0.0565997	0.00403584	0.0352202	0.00498795	0.0727241	0.0064434	0.0428805	0.0097001	0.392685	0.0295779	0.0211667	0.0282383	0.0181254	0.018757	0.138867	0.0198495	0.0186004	0.0295073	0.0065642	0.0454695	
0.0411339	0.0546744	0.00205305	0.0419443	0.0668763	0.0428349	0.00373853	0.00253767	0.00201701	0.0446353	0.037995	0.504275	0.0243497	0.0236801	0.0308383	0.00527265	0.00671651	0.0240061	0.0340315	0.00639002	
0.0085722	0.0428467	0.00364862	0.00273323	0.00953652	0.00524125	0.0276583	0.00683908	0.0194366	0.00180171	0.00621735	0.0258894	0.0112959	0.0510872	0.0275404	0.0131649	0.0160006	0.541784	0.10273	0.0759759	
0.0321177	0.02397	0.0510663	0.0730383	0.0644018	0.0394608	0.0256874	0.0018885	0.0102438	0.038973	0.0160644	0.0101494	0.00454941	0.0512315	0.0122057	0.0141807	0.364723	0.0113114	0.10534	0.0493965	
0.00793408	0.0434141	0.00325252	0.0024712	0.00917962	0.00556911	0.0290321	0.00746837	0.0195282	0.00223157	0.00511879	0.0245764	0.0114538	0.0511568	0.0243484	0.0150784	0.0189285	0.541511	0.103993	0.0737541	
0.00393906	0.0298109	0.0398032	0.056384	0.0598834	0.0499447	0.0221754	0.00106118	0.00301876	0.0310883	0.00839862	0.00897547	0.00252847	0.045924	0.00386734	0.0142811	0.382261	0.0141673	0.163925	0.0585627	
0.0963507	0.0493029	0.0157126	0.0260778	0.0456539	0.0271524	0.488693	0.0220978	0.0169526	0.00462152	0.0343751	0.0052281	0.00159522	0.00333076	0.00256321	0.0652568	0.0227703	0.0294657	0.041944	0.00085519	
0.336803	0.00440639	0.00399996	0.00845042	0.00822553	0.0821835	0.121984	0.00747175	0.0117577	0.00605871	0.0380377	0.00995047	0.000904417	0.0346703	0.00581583	0.297503	0.00183823	0.00361962	0.0120164	0.00430324	
0.0120074	0.0260792	0.00745845	0.00772617	0.0252606	0.0151884	0.0122318	0.0143838	0.0429835	0.00848664	0.0207142	0.0081749	0.0041317	0.166688	0.00530258	0.0200414	0.0405234	0.397546	0.0842848	0.0807866	
0.0078989	0.014777	0.395568	0.185638	0.0592915	0.0074112	0.00786564	0.00335592	0.00259799	0.0509912	0.030255	0.124403	0.0183476	0.0107966	0.00911818	0.0071909	0.0247465	0.00164434	0.0360855	0.00201709	
0.064729	0.0425022	0.0346857	0.0286106	0.0249562	0.0514526	0.00606865	0.300166	0.00491875	0.322752	0.0274493	0.00600666	0.00188312	0.0069656	0.00516064	0.00420806	0.00281405	0.0158664	0.00921857	0.0395859	
0.0297759	0.0899235	0.0701029	0.0425223	0.00901521	0.0556319	0.00487084	0.0134181	0.0164589	0.47653	0.0493206	0.0503914	0.00237675	0.00602473	0.0080812	0.00482236	0.0248029	0.00669473	0.00600358	0.0332321	
0.00813053	0.0406473	0.0140075	0.432254	0.034699	0.00171708	0.0160829	0.0153469	0.00193441	0.034903	0.0259993	0.0562748	0.0224725	0.0235347	0.0138771	0.114789	0.0555872	0.00306316	0.0577885	0.0268916	
0.0370005	0.00520677	0.12433	0.00696961	0.0574991	0.00937933	0.0175546	0.0117304	0.272483	0.0449227	0.0236655	0.124472	0.0256009	0.0193539	0.119922	0.0202317	0.0240621	0.0203831	0.014252	0.0209806	
0.130514	0.00116465	0.0833991	0.0736621	0.0414417	0.0428564	0.0149162	0.0127051	0.0544944	0.0062641	0.0147543	0.0486167	0.033668	0.124896	0.023424	0.069762	0.129043	0.057841	0.00820846	0.0283684	
0.0893174	0.0300358	0.0214737	0.0120185	0.0518935	0.0290124	0.409978	0.0172144	0.107032	0.00912384	0.0349776	0.0134965	0.00469126	0.0115298	0.00873321	0.060469	0.0188767	0.038144	0.028265	0.00371783	
0.0215115	0.0350375	0.0326938	0.203474	0.047633	0.00536355	0.0150767	0.0118357	0.00524542	0.0541813	0.0426886	0.345253	0.0214078	0.0263523	0.0290462	0.0161409	0.0236644	0.0117633	0.0419649	0.00966609	
0.0251031	0.0039963	0.0412412	0.0319061	0.03886	0.372225	0.0233244	0.0183493	0.00816206	0.0387067	0.0465902	0.135176	0.0421444	0.0426917	0.00311326	0.0472914	0.0301193	0.00851666	0.0249798	0.0175034	
0.0640908	0.00335972	0.0338814	0.00338964	0.0679904	0.00391841	0.0298002	0.00624938	0.316485	0.0261926	0.0140391	0.0228419	0.0138876	0.0154088	0.235726	0.0144878	0.0176425	0.0587519	0.0073176	0.0445397	
0.0533761	0.00264484	0.0618096	0.0442626	0.255823	0.063809	0.0119103	0.0212492	0.0205361	0.238588	0.0856933	0.039706	0.00174325	0.01925	0.0105151	0.00407371	0.0329141	0.00597401	0.0125692	0.0135527	
0.0120766	0.722531	0.0381173	0.0259692	0.00111365	0.000647447	0.0247653	0.0247413	0.00211724	0.0418876	0.0200172	0.0307867	0.0082686	0.0114759	0.000358388	0.000393619	0.011542	0.0220865	0.000937717	0.000166855	
0.0573416	0.0032817	0.0981328	0.00818746	0.122977	0.0066488	0.031344	0.00942908	0.224139	0.0983269	0.0291552	0.0160225	0.0229545	0.0365749	0.0941257	0.066435	0.0112279	0.0179442	0.00998562	0.0357662	
0.280476	0.00452343	0.016078	0.0265681	0.0400941	0.0148528	0.0158618	0.0158929	0.143235	0.0094829	0.0326835	0.034288	0.176219	0.0260009	0.076694	0.0370157	0.00585621	0.00804723	0.0108747	0.0252557	
0.00734869	0.0156032	0.0420868	0.0336977	0.0283991	0.122176	0.00207831	0.0235224	0.00817136	0.00122761	0.0236175	0.0323817	0.560005	0.00421799	0.00324295	0.0116722	0.00652336	0.0128835	0.046686	0.0144595	
0.0476217	0.0194488	0.0601887	0.0442851	0.0858009	0.0580451	0.00978621	0.0223491	0.0190506	0.408851	0.0725505	0.0481841	0.00288347	0.0167638	0.00901775	0.00479091	0.0263803	0.00822136	0.0106779	0.025103	
0.0326946	0.0257815	0.177708	0.135574	0.0328071	0.00890004	0.103115	0.193266	0.00669192	0.0232041	0.0478653	0.0119826	0.0253459	0.0783109	0.00445766	0.0249251	0.0100518	0.0125402	0.039652	0.00512615	
0.0311488	0.0785808	0.0694894	0.0419053	0.0154092	0.0535737	0.00762277	0.0216149	0.0159479	0.48512	0.0415138	0.0508372	0.00257188	0.00685569	0.00832593	0.00296662	0.0214803	0.00655104	0.00569233	0.0327927	
0.0481498	0.00348408	0.0139266	0.00517974	0.0765928	0.233063	0.0156915	0.0108607	0.0414319	0.0741426	0.190298	0.0542867	0.0132219	0.0541254	0.0944244	0.00699876	0.0114689	0.00903139	0.00653355	0.0370883	
0.0217832	0.0236801	0.431801	0.0570128	0.0346433	0.0346201	0.0165626	0.00650589	0.069172	0.0432166	0.0406912	0.0477752	0.0457687	0.0112359	0.00266716	0.0522664	0.0251726	0.00580201	0.0236125	0.00601097	
0.0121874	0.722734	0.0377876	0.0260574	0.0010492	0.000638417	0.0249739	0.0250383	0.00201885	0.0419801	0.0199113	0.0310169	0.00859191	0.0110586	0.000252883	0.000424803	0.0110377	0.0222361	0.000838756	0.000166239	
0.00690459	0.00218215	0.0152152	0.170646	0.00980347	0.00609568	0.0282266	0.00379511	0.00518879	0.00742741	0.0185651	0.0602443	0.00994671	0.04927	0.00422279	0.376326	0.169857	0.0162358	0.0289996	0.0108479	
0.00406274	0.0117185	0.00610086	0.00509174	0.012019	0.0293993	0.0135549	0.266082	0.00440459	0.107057	0.0304647	0.00445151	0.0013038	0.0128846	0.00217978	0.00844649	0.0326171	0.264389	0.0220362	0.161736	
0.276297	0.0237603	0.0607631	0.155006	0.0515736	0.0110083	0.101304	0.0321334	0.0115524	0.045193	0.0381829	0.0256894	0.016933	0.0288552	0.0220836	0.018911	0.0270091	0.00483653	0.0304026	0.018505	
0.0097206	0.000790833	0.00427305	0.0009801	0.0495968	0.629785	0.00869152	0.0192482	0.0036345	0.041775	0.0367614	0.0284842	0.0818802	0.0208192	0.000717278	0.00625137	0.0181203	0.00152496	0.00506601	0.0318792	
0.0104655	0.000395696	0.0230031	0.0266717	0.0434518	0.00228005	0.0177417	0.0229723	0.00300583	0.00185783	0.0157694	0.0160385	0.019813	0.0217933	0.000795339	0.00566184	0.0416518	0.0485706	0.600921	0.07714	
0.0523207	0.0394069	0.0332785	0.0319847	0.00973618	0.0468417	0.00539863	0.301016	0.00526087	0.314449	0.0450947	0.0056749	0.00126565	0.00891763	0.00472358	0.00446261	0.0030379	0.0296357	0.0100428	0.0474517	
0.0302919	0.0857318	0.07129	0.0426872	0.0101675	0.0587498	0.00441502	0.0133932	0.0169958	0.480402	0.0472077	0.0522269	0.00231844	0.00711288	0.00866485	0.00343411	0.0227559	0.00599216	0.00550104	0.030662	
0.0131239	0.0010823	0.00763705	0.00120001	0.0483745	0.618283	0.0103539	0.016485	0.00413953	0.0392332	0.036448	0.0316837	0.07651	0.0222133	0.000615659	0.0120179	0.020162	0.00178658	0.00636205	0.0322882	
0.0410853	0.0557083	0.00194214	0.0430807	0.0672152	0.0429321	0.00358163	0.00265905	0.00184369	0.0430864	0.0402318	0.505116	0.0232881	0.0234757	0.0295145	0.00487721	0.00691153	0.0215915	0.0354878	0.00637167	
0.00671979	0.016867	0.0428321	0.0340301	0.0269488	0.127409	0.00214626	0.0235203	0.00786853	0.00121263	0.0235165	0.0337799	0.555838	0.00441568	0.0030383	0.0116246	0.00653042	0.0127109	0.0454525	0.0135392	
0.0204733	0.00726986	0.0215729	0.236854	0.0546867	0.00611764	0.0226771	0.00705721	0.0167883	0.0141828	0.213641	0.059876	0.0281962	0.0600192	0.0572884	0.0487375	0.0139326	0.0218385	0.0492605	0.0395303	
0.0121248	0.721618	0.0383744	0.026974	0.00114237	0.000706249	0.025617	0.0256694	0.00191655	0.0416302	0.0196523	0.030586	0.00834255	0.0109726	0.000246252	0.000434279	0.0110396	0.0219562	0.000841489	0.000156198	
0.0128084	0.00848076	0.37248	0.178109	0.039213	0.0204432	0.0159506	0.0261887	0.0107705	0.0389141	0.0313003	0.0338945	0.0603028	0.0255356	0.00611334	0.0397461	0.0403646	0.0030653	0.0327192	0.00360023	
0.047894	0.00454977	0.0165165	0.194125	0.0271099	0.00626931	0.0233156	0.0640768	0.011401	0.095242	0.0276991	0.221237	0.0142404	0.0250441	0.0631568	0.0645502	0.0404689	0.0163391	0.025041	0.0117238	
0.126627	0.00780738	0.0324002	0.0351329	0.116227	0.0424202	0.0108608	0.152889	0.0192406	0.275397	0.0566931	0.0217525	0.00402164	0.0132325	0.0125786	0.0226756	0.00817448	0.0136481	0.00888516	0.0193364	
0.0381491	0.00479189	0.0103452	0.1832	0.00970151	0.0102369	0.0135814	0.0241076	0.0180423	0.1815	0.0279756	0.135663	0.0320522	0.0376279	0.102223	0.0534465	0.0646791	0.0173388	0.0253268	0.0100115	
0.115093	0.00298022	0.00648481	0.0116007	0.0645169	0.118933	0.0282798	0.010518	0.0533948	0.0143726	0.00690093	0.0354068	0.0155862	0.0353709	0.10468	0.0174124	0.0248174	0.267771	0.0178744	0.0480061	
0.031131	0.000859455	0.120559	0.232637	0.00426897	0.00267964	0.00319039	0.00782855	0.0249073	0.00124041	0.0163201	0.00234541	0.364675	0.0696209	0.0118848	0.0487487	0.0389986	0.00294852	0.0115363	0.00362017	
0.0153447	0.00295675	0.0323047	0.327355	0.00725878	0.00459354	0.0279646	0.00388692	0.00211893	0.0033113	0.0127804	0.0172564	0.00960409	0.0529513	0.00944308	0.375164	0.0638228	0.00297745	0.0181086	0.010797	
0.0107867	0.000358343	0.0242418	0.0282107	0.04346	0.00222569	0.0163944	0.0233467	0.00295042	0.00195899	0.0153114	0.0154677	0.0210626	0.020729	0.000717818	0.00505894	0.0419799	0.048457	0.599805	0.0774766	
0.040752	0.00522031	0.0321802	0.145792	0.00451433	0.0500502	0.062332	0.00985259	0.0147314	0.00417742	0.0303558	0.0356984	0.00453182	0.0497538	0.0138404	0.412437	0.0425303	0.0175681	0.0176033	0.00607761	
0.0183728	0.000576948	0.00185319	0.0178033	0.0214927	0.0400379	0.0019829	0.0548038	0.0106884	0.0412405	0.0429737	0.00254613	0.00927132	0.0253513	0.00764706	0.00443727	0.0304865	0.105114	0.120602	0.442718	
0.0284505	0.0627679	0.0399879	0.0278778	0.0151265	0.0260315	0.0354806	0.532523	0.00247605	0.0250198	0.00609778	0.00512665	0.0249536	0.0244516	0.00300278	0.00517606	0.00157942	0.0240162	0.0715102	0.0383441	
0.0280372	0.0297503	0.0100536	0.00555363	0.0797959	0.0121863	0.0275803	0.0298235	0.012773	0.0151177	0.0384977	0.0242316	0.0106725	0.0466065	0.0148077	0.0162891	0.00660435	0.440867	0.0750603	0.0756919	
0.00871323	0.038218	0.0152584	0.426112	0.0349642	0.00213951	0.0173895	0.0148654	0.00204831	0.033676	0.0266457	0.0575175	0.0257909	0.0240471	0.0142445	0.115463	0.0547365	0.00313515	0.0593304	0.0257047	
0.0225728	0.00421836	0.0410033	0.00387488	0.0714955	0.00568815	0.0308482	0.00613347	0.292812	0.0277625	0.0159979	0.030489	0.00616989	0.0294963	0.223759	0.0128575	0.0634365	0.0520598	0.00922779	0.050097	
0.0354983	0.00069811	0.116407	0.216815	0.00407026	0.00448811	0.00429499	0.019441	0.020453	0.00120912	0.0160044	0.00379961	0.386161	0.0572437	0.0103201	0.0498763	0.0351154	0.00342689	0.0118501	0.00282646	
0.0274821	0.00380662	0.0753964	0.0515944	0.0233896	0.0656337	0.0211383	0.01147	0.00903755	0.0199555	0.0289184	0.315813	0.0198588	0.0523623	0.0120589	0.106479	0.090577	0.0142054	0.0371064	0.0137161	
0.174934	0.00330327	0.0345646	0.044341	0.00712571	0.0243857	0.0101379	0.0270255	0.0779522	0.00272989	0.0386345	0.0499369	0.343115	0.0164562	0.0227318	0.0895397	0.00532409	0.0050049	0.0152862	0.00747145	
0.17282	0.00110362	0.10821	0.0903621	0.024223	0.0517403	0.015938	0.0154021	0.0356356	0.00923827	0.0191913	0.0568669	0.0434518	0.0779754	0.0229736	0.0656201	0.118815	0.0410989	0.00888982	0.0204441	
0.0362743	0.00655833	0.0283126	0.0614419	0.0420782	0.0418614	0.0642108	0.0103886	0.00548278	0.042308	0.0552986	0.367208	0.017632	0.0406708	0.0236944	0.0312539	0.0227841	0.0259351	0.0321623	0.0444434	
0.0258364	0.00252575	0.055192	0.00610914	0.0410751	0.484598	0.0211414	0.021498	0.0110348	0.0344024	0.0488243	0.0283486	0.0694342	0.0378989	0.00202461	0.0534225	0.0229766	0.0073909	0.0137137	0.0125524	
0.0123522	0.720578	0.03788	0.0261193	0.00107419	0.000678131	0.0250763	0.0255264	0.00210664	0.0421968	0.0201109	0.0311988	0.00810948	0.0116683	0.000264335	0.00044111	0.0110422	0.0224332	0.000952669	0.000191434	
0.0197922	0.000547176	0.00193976	0.017165	0.020575	0.0396573	0.00137292	0.0550906	0.0110114	0.0392208	0.0408719	0.00255048	0.00846607	0.0264724	0.00795526	0.00386459	0.0293209	0.109181	0.122397	0.442549	
0.00645264	0.0177091	0.0429435	0.0323256	0.0284085	0.127976	0.00261908	0.0247819	0.00770428	0.00126544	0.0214973	0.0333315	0.558061	0.00364187	0.003009	0.0114384	0.00637599	0.0118066	0.0444396	0.0142132	
0.01049	0.000805905	0.00557012	0.00112383	0.0482394	0.627599	0.00921929	0.0177936	0.00410475	0.0403246	0.0377606	0.0310488	0.0768903	0.0218114	0.000851242	0.00778833	0.0176405	0.00142408	0.00587607	0.0336386	
0.163465	0.00125597	0.125597	0.0499008	0.0244304	0.0602712	0.0293117	0.0211671	0.0313941	0.00817875	0.0131235	0.0871056	0.00891541	0.0575456	0.0193048	0.084511	0.131369	0.0478543	0.00519096	0.0301079	
0.0500617	0.00150198	0.0546503	0.0381306	0.388371	0.0597218	0.0156365	0.0292952	0.027166	0.0995476	0.0813713	0.0340185	0.00333279	0.0331082	0.0180571	0.00372446	0.0241809	0.0130487	0.0123056	0.0127702	
0.12668	0.00459298	0.00920673	0.0578804	0.02548	0.0336863	0.0178896	0.069745	0.0384666	0.0348498	0.0330749	0.245245	0.0911142	0.0310207	0.027441	0.0652137	0.0289213	0.0215562	0.0291143	0.00882218	
0.00786525	0.0165785	0.415654	0.177275	0.0597598	0.0071063	0.00752817	0.00481102	0.00320018	0.047568	0.0296734	0.107638	0.0227003	0.0118175	0.00790572	0.00827881	0.0246527	0.00147839	0.0366952	0.00181322	
0.0163071	0.000468436	0.00444003	0.00794177	0.0294623	0.0294611	0.00502392	0.0726781	0.0159346	0.0248748	0.0264003	0.00483003	0.00630723	0.0350797	0.00807657	0.0157536	0.0472916	0.244211	0.0794597	0.325997	
0.00836702	0.0433674	0.0130157	0.428679	0.0362655	0.00193048	0.0170803	0.016606	0.0019156	0.0347825	0.0269931	0.0564269	0.0222644	0.0232175	0.0145607	0.114574	0.0537724	0.0033786	0.0571961	0.0256064	
0.00811905	0.0398458	0.014616	0.425577	0.0341501	0.00171539	0.0169462	0.0146262	0.001888	0.0341443	0.0269399	0.055945	0.0278938	0.0239738	0.0141965	0.115032	0.0554577	0.00300649	0.0583049	0.0276221	
0.0320815	0.0813654	0.0709954	0.0433637	0.0186735	0.052694	0.00689844	0.0316526	0.01646	0.477893	0.0320626	0.0484318	0.00234269	0.00610068	0.00887205	0.0034573	0.0217631	0.00760784	0.00639023	0.030894	
0.0652145	0.00362298	0.0319806	0.00369435	0.0689515	0.00362835	0.0308563	0.00661673	0.317959	0.0268206	0.0140862	0.0229196	0.0137355	0.0168162	0.232466	0.015463	0.0174925	0.0553791	0.00810177	0.0441953	
0.187132	0.0411898	0.0435793	0.127599	0.0464604	0.0107498	0.307035	0.0338683	0.00575773	0.0163821	0.0444765	0.0118319	0.00624349	0.0206815	0.00936754	0.0371651	0.00894837	0.00485104	0.0333142	0.00336684	
0.0592871	0.0140375	0.0476917	0.0571809	0.082209	0.0582058	0.0465677	0.0186948	0.0120734	0.287159	0.0783632	0.0466643	0.00230942	0.0783369	0.00528862	0.0117846	0.0397635	0.0157185	0.0176475	0.0210166	
0.0603999	0.0196638	0.0275545	0.0236702	0.0355634	0.0614163	0.00832417	0.239173	0.00600858	0.251263	0.120853	0.00505883	0.00221472	0.00786359	0.00401247	0.00399	0.00353326	0.0516488	0.00849427	0.0592948	
0.0971142	0.00337255	0.0125353	0.00307971	0.0232962	0.110116	0.065219	0.00986645	0.0191488	0.0151453	0.0321603	0.00586782	0.0141481	0.0544909	0.00154729	0.341304	0.112983	0.0343665	0.0179946	0.0262441	
0.0271274	0.00682651	0.0301851	0.185613	0.0159326	0.00988162	0.0704512	0.00761909	0.011223	0.00507225	0.0246388	0.0137244	0.00821348	0.0513685	0.0465212	0.386007	0.0548648	0.0136385	0.0191761	0.0119154	
0.0117764	0.00167352	0.00417277	0.00172853	0.0178952	0.0700523	0.0206194	0.163172	0.00898592	0.0150588	0.00473582	0.00583008	0.00410676	0.0341923	0.00154012	0.0220977	0.0527401	0.347907	0.0265558	0.18516	
0.0791359	0.00187185	0.23007	0.114446	0.0211502	0.0432887	0.0160939	0.0102874	0.0304518	0.00337416	0.0145326	0.150451	0.00611268	0.0316647	0.0111337	0.0798254	0.0941088	0.0203376	0.026876	0.0147873	
0.0519845	0.00675724	0.0304441	0.0795718	0.0334113	0.0134472	0.251265	0.0119745	0.0148459	0.011577	0.04035	0.0122247	0.00872313	0.0741701	0.0596382	0.21864	0.028506	0.0171248	0.0272919	0.00805221	
0.0399753	0.00177342	0.0182387	0.0101979	0.492435	0.0119682	0.0258148	0.0404227	0.0227946	0.0316648	0.0335808	0.0302336	0.00521712	0.0371202	0.0213769	0.00514888	0.00812808	0.122934	0.0253816	0.0155936	
0.00998421	0.0243946	0.0282805	0.38143	0.0271462	0.00250593	0.0127742	0.0131121	0.00337131	0.0240954	0.0310817	0.0430035	0.026422	0.072557	0.0104318	0.17694	0.0563401	0.00372008	0.0346164	0.0177931	
0.0789191	0.00182058	0.042121	0.032946	0.361993	0.0538464	0.0189513	0.110308	0.029682	0.087998	0.0842084	0.0100792	0.00279575	0.014481	0.0139449	0.0218252	0.00312643	0.00933907	0.0136604	0.00795485	
0.0077698	0.0163648	0.0457027	0.0366803	0.0279623	0.117674	0.00163527	0.0220606	0.00859367	0.00130045	0.0231804	0.0348295	0.557368	0.00556168	0.00364276	0.0122164	0.00711322	0.0117246	0.0454299	0.0131897	
0.057433	0.00270383	0.0365827	0.00558602	0.144404	0.00457058	0.0312868	0.0067329	0.281716	0.035387	0.0169724	0.0131843	0.0144684	0.0724043	0.137687	0.0258592	0.0160739	0.0385787	0.00811299	0.0502564	
0.0952727	0.01282	0.237242	0.164231	0.0331253	0.0322253	0.0141901	0.0081664	0.0211984	0.0171564	0.0155056	0.087938	0.0178545	0.0358764	0.0114277	0.0450943	0.0935989	0.0187395	0.026264	0.0120735	
0.0622949	0.00277475	0.017823	0.183025	0.00918918	0.0105591	0.0649179	0.00409982	0.00723568	0.00788495	0.0227146	0.0258249	0.0171269	0.0461266	0.00450177	0.401982	0.0700112	0.0162489	0.0150536	0.0106057	
0.046274	0.00207809	0.0874765	0.195378	0.00806013	0.0433683	0.0193398	0.00562331	0.0109385	0.00285959	0.00922444	0.0597109	0.00880797	0.0673443	0.0114639	0.273742	0.109385	0.0155777	0.0116731	0.0116743	
0.0100343	0.000354276	0.025853	0.0283198	0.0449818	0.00227835	0.0161169	0.0249543	0.00293769	0.00181758	0.0156047	0.0166599	0.019708	0.0214088	0.000721553	0.00500974	0.0403759	0.0460386	0.603251	0.0735738	
0.0375247	0.00110171	0.115428	0.198161	0.00405939	0.0125196	0.00515913	0.00650302	0.0248375	0.00208977	0.0160024	0.011997	0.317609	0.0834851	0.0124384	0.0608763	0.0651087	0.00664474	0.0139317	0.00452331	
0.029848	0.00231855	0.0414374	0.0105725	0.0267448	0.286105	0.0288157	0.00869007	0.0147857	0.0159991	0.0367381	0.210512	0.00617689	0.114752	0.00438677	0.067057	0.0301767	0.010375	0.0442435	0.010264	
0.0351312	0.0390166	0.171916	0.0365107	0.05375	0.00972896	0.354511	0.0584171	0.0230795	0.0110327	0.0475457	0.00502589	0.00463771	0.0096822	0.00490073	0.035083	0.0367063	0.0148493	0.0462374	0.00223814	
0.0427642	0.0159779	0.22634	0.216934	0.0351283	0.0104293	0.0167794	0.00310342	0.019861	0.0304899	0.0162715	0.0359044	0.0457359	0.032247	0.0105046	0.0318684	0.163872	0.00722034	0.0313197	0.00724941	
0.172932	0.00135776	0.0894164	0.0479533	0.0379407	0.0637217	0.0191151	0.0168002	0.0286277	0.00857779	0.0113918	0.115366	0.00665805	0.0592194	0.0203599	0.0834014	0.138141	0.0450196	0.00651276	0.0274877	
0.0140653	0.00190481	0.0671698	0.168406	0.00996454	0.0113185	0.0347194	0.00390479	0.00980714	0.00408046	0.0138163	0.0661464	0.00762005	0.0477415	0.00635788	0.344075	0.142324	0.0113269	0.0239192	0.0113327	
0.0110614	0.000959216	0.00524995	0.00100896	0.0511469	0.628274	0.0103832	0.0170472	0.00373544	0.0405421	0.0380487	0.0285549	0.0796568	0.0209257	0.000636236	0.00718012	0.0178201	0.0012223	0.00476485	0.0317824	
0.035836	0.00249893	0.0029672	0.00346329	0.0282547	0.102339	0.0267167	0.0593951	0.0192107	0.00799184	0.00512081	0.014496	0.00769927	0.0489003	0.00907853	0.0251448	0.0598788	0.383107	0.0304911	0.127409	
0.00550968	0.00326096	0.0370646	0.217753	0.00636932	0.0104366	0.0256984	0.00314684	0.00345821	0.00305099	0.00453778	0.0249728	0.0219183	0.0578013	0.00614308	0.415545	0.113036	0.0099818	0.0194794	0.0108371	
0.240497	0.00263411	0.0576135	0.0378725	0.0226659	0.0420626	0.0415311	0.0120488	0.0962088	0.0102474	0.0653627	0.0568599	0.0655423	0.0351678	0.0243705	0.10041	0.0481282	0.0193699	0.00341097	0.0179959	
0.364166	0.00442524	0.00390562	0.00492069	0.0111386	0.0668384	0.122553	0.00919688	0.0153008	0.00791612	0.0412737	0.0140517	0.00700132	0.0314493	0.00773634	0.263129	0.00137347	0.00422893	0.0124524	0.00694292	
0.0125	0.720406	0.0386462	0.0267705	0.00110052	0.000839416	0.0248447	0.0254088	0.0018715	0.0421536	0.0196511	0.0310314	0.0081687	0.0111183	0.000262093	0.000450133	0.0113537	0.022314	0.000949882	0.000159086	
0.160323	0.00314272	0.0447735	0.0498569	0.00457243	0.0264503	0.00714328	0.0248547	0.0762112	0.0028617	0.0369978	0.0487233	0.34842	0.0196225	0.0202069	0.0934782	0.00708519	0.00459373	0.0142567	0.00642558	
0.15766	0.000967316	0.0127124	0.0138878	0.0264395	0.0472405	0.0704842	0.0552706	0.0304212	0.0784882	0.0239127	0.0095564	0.00673809	0.0148228	0.00869545	0.0552387	0.0462673	0.184444	0.0209352	0.135818	
0.181054	0.000843414	0.0960826	0.0466163	0.0297004	0.0808532	0.0194763	0.0163035	0.0294837	0.00571272	0.0133457	0.0953079	0.0064459	0.066112	0.0210131	0.0779245	0.129754	0.0454515	0.00515849	0.0333615	
0.0202073	0.00145204	0.0122192	0.00398377	0.031324	0.517699	0.0176828	0.0106794	0.0114052	0.0183055	0.0355524	0.0788461	0.0781667	0.045803	0.00133925	0.0536373	0.0126379	0.00621335	0.0288168	0.014029	
0.138612	0.00196269	0.0708059	0.037167	0.0448103	0.153554	0.0126794	0.0121941	0.036746	0.0591889	0.111223	0.059899	0.0145422	0.0475989	0.0482994	0.0392067	0.0616885	0.0218099	0.00434883	0.0236636	
0.106405	0.00348229	0.0562037	0.0665667	0.00521404	0.0237564	0.0114196	0.015206	0.112962	0.00337602	0.0391753	0.04039	0.306653	0.0252005	0.0198925	0.116784	0.0147839	0.0110975	0.0138919	0.00754015	
0.0254968	0.00702964	0.0293412	0.208927	0.00467494	0.0171797	0.0472965	0.00543196	0.0070895	0.0035466	0.0163884	0.0197342	0.00759901	0.049777	0.0081883	0.436051	0.0709973	0.011436	0.016546	0.00726907	
0.0188663	0.000556345	0.0575352	0.0356742	0.533697	0.0440626	0.0313385	0.00315821	0.0198251	0.00196453	0.0243957	0.0529285	0.0177817	0.0257995	0.0190304	0.00185568	0.0297801	0.00747214	0.0695256	0.00475282	
0.0324556	0.000482251	0.00433619	0.0383631	0.268221	0.0616831	0.00221099	0.00597529	0.0339958	0.00493045	0.0505016	0.0035498	0.0106678	0.042146	0.0225824	0.00843379	0.0385899	0.0137183	0.0833346	0.273822	
0.125701	0.00509057	0.0249818	0.00772309	0.0547437	0.004515	0.0166476	0.00643458	0.0990166	0.0247831	0.0131346	0.065454	0.0152034	0.0108637	0.365868	0.0111536	0.0126175	0.100659	0.00998152	0.0254281	
0.0417347	0.0551566	0.00191107	0.0405946	0.065898	0.0426517	0.00284004	0.00228096	0.00185434	0.046003	0.0375613	0.510541	0.0223982	0.0235113	0.030331	0.00493263	0.0068367	0.0234458	0.0329091	0.00660794	
0.0123137	0.0137491	0.0176274	0.0132287	0.0140719	0.0125131	0.0153726	0.0713768	0.0125439	0.248539	0.209532	0.0278286	0.00372329	0.0139153	0.00675026	0.00588388	0.00986361	0.160416	0.014959	0.115791	
0.00441636	0.00721169	0.0065556	0.00551561	0.0116471	0.011723	0.0114364	0.20275	0.00538403	0.21391	0.0877075	0.00549413	0.00103465	0.00569078	0.00246298	0.00532948	0.0126053	0.236103	0.0142243	0.148797	
0.0117635	0.000383093	0.0247815	0.0278892	0.0424536	0.00230773	0.0181288	0.0226782	0.00304205	0.00199107	0.0164414	0.0156516	0.0197941	0.0209876	0.000766027	0.00526188	0.0413731	0.0455112	0.60557	0.0732247	
0.0683114	0.0407388	0.0326964	0.0309044	0.0279737	0.0478327	0.0060724	0.276429	0.00592847	0.337544	0.0234219	0.00892159	0.00210088	0.00690717	0.0057682	0.00519385	0.003246	0.0197462	0.00804654	0.0422168	
0.0117192	0.0124279	0.0218979	0.0152768	0.0196833	0.0413098	0.0264817	0.210176	0.0115163	0.0263596	0.0100038	0.0257776	0.00704855	0.0312003	0.00647904	0.0246516	0.118861	0.225273	0.0282856	0.125571	
0.0594885	0.0118593	0.0800468	0.0241368	0.0509681	0.0600284	0.0496824	0.0129514	0.294642	0.0398085	0.0437916	0.0456605	0.0551886	0.0185941	0.028283	0.0486063	0.0142144	0.0200011	0.0157432	0.0263046	
0.052228	0.00615034	0.0442065	0.00818368	0.0754457	0.0363204	0.041246	0.0411107	0.336225	0.0618945	0.0377214	0.0229306	0.0302007	0.0224794	0.0624756	0.0255586	0.0174743	0.0279907	0.011038	0.0391196	
0.0832029	0.00247925	0.107937	0.0340659	0.0177028	0.149041	0.0186262	0.0104405	0.0192005	0.00417122	0.0187318	0.196369	0.00782658	0.0603102	0.00944165	0.103635	0.0961171	0.0221191	0.0205675	0.0180152	
0.143026	0.00143394	0.129093	0.047805	0.0191523	0.093635	0.0144903	0.0138802	0.0364366	0.00466933	0.0272889	0.107736	0.083458	0.0417547	0.0160147	0.0924907	0.0764934	0.0249033	0.00805981	0.0181786	
0.142078	0.00328884	0.0539596	0.12281	0.021075	0.0331733	0.0218433	0.0264302	0.0350069	0.0349358	0.0341882	0.154748	0.0941297	0.0297347	0.0271797	0.0894343	0.0334271	0.012372	0.0166222	0.0135632	
0.0173154	0.000465748	0.00207775	0.018849	0.0207205	0.0417568	0.00150359	0.054605	0.0102651	0.0385468	0.0387067	0.00283531	0.00937554	0.0259542	0.00793845	0.00434527	0.0326133	0.106178	0.126652	0.439296	
0.0178629	0.00702041	0.0463702	0.0574473	0.00859274	0.107776	0.00359472	0.0234295	0.0118133	0.00127573	0.0236537	0.030582	0.556574	0.00949935	0.00458651	0.0296316	0.00957975	0.010123	0.0348663	0.00572097	
0.0369246	0.00640628	0.0189214	0.0108322	0.0414807	0.0250489	0.0390306	0.0484986	0.0888903	0.0810081	0.0458802	0.0755744	0.00702724	0.0276916	0.0214452	0.0370578	0.113917	0.18019	0.0244337	0.0697409	
0.202674	0.0131218	0.0124561	0.0217202	0.13624	0.0357469	0.0108724	0.192275	0.009951	0.231729	0.0520473	0.00681737	0.00426047	0.0135688	0.00792114	0.00921971	0.00457426	0.00850313	0.00976996	0.016531	
0.050297	0.00344143	0.0365401	0.0128768	0.11182	0.0107859	0.0319682	0.00828581	0.229053	0.0250703	0.0318529	0.0096261	0.0284721	0.117922	0.0293798	0.0877581	0.06704	0.0462544	0.0162319	0.0453242	
0.0501451	0.00371642	0.0199361	0.00522701	0.0774379	0.2225	0.0133843	0.00879383	0.0374659	0.0723446	0.184203	0.0678185	0.0127819	0.0691967	0.084339	0.00997598	0.0120935	0.00778529	0.00727682	0.0335775	
0.00396092	0.00304096	0.0319412	0.195177	0.00368284	0.0136191	0.0427349	0.00358386	0.00621951	0.00255705	0.0100642	0.0276909	0.00712758	0.0500484	0.00615698	0.393486	0.152651	0.0118513	0.0244488	0.00995781	
0.0250834	0.000576444	0.00277052	0.0285071	0.128547	0.0435085	0.00217339	0.0385371	0.0208631	0.0217178	0.0473159	0.00301328	0.00886342	0.0358879	0.013178	0.00754215	0.0319967	0.0790575	0.115028	0.345833	
0.0730792	0.00452249	0.0225195	0.0803689	0.0328343	0.0193084	0.0145322	0.0505544	0.0259658	0.0478874	0.0132126	0.253465	0.0168115	0.0396436	0.081386	0.0432881	0.0831259	0.0627101	0.0218141	0.0129705	
0.0272739	0.042197	0.00745569	0.0672776	0.0562236	0.04089	0.00815713	0.00851238	0.00379959	0.0497604	0.0386435	0.42652	0.0234827	0.0339553	0.0271997	0.0151549	0.0574624	0.0234857	0.0339339	0.0086144	
0.0168856	0.0158109	0.161401	0.0745201	0.0628922	0.025708	0.0135541	0.00307919	0.00844566	0.035905	0.0211871	0.11306	0.0714791	0.0474514	0.0122958	0.0235975	0.221566	0.0144592	0.0445307	0.0121722	
0.0518239	0.00295964	0.0191004	0.00630792	0.02061	0.266804	0.0357558	0.00859996	0.061237	0.014441	0.0383379	0.155984	0.0416263	0.0525777	0.00276438	0.137718	0.0183041	0.0170609	0.0374076	0.0105798	
0.17886	0.000785192	0.110605	0.0503528	0.0253215	0.0809704	0.0169878	0.0157508	0.0303818	0.0069766	0.0138683	0.0910622	0.00675164	0.0616344	0.0204598	0.0811153	0.133017	0.0451219	0.00408989	0.0258872	
0.036918	0.00343246	0.06231	0.305763	0.0579267	0.00395165	0.010834	0.0119658	0.0748499	0.015784	0.0445683	0.00958655	0.117743	0.0973561	0.0204842	0.0426017	0.0285161	0.0100264	0.0206084	0.0247733	
0.0311214	0.000771592	0.129004	0.236817	0.0046408	0.00274938	0.00322937	0.00848692	0.0258507	0.00118783	0.0159324	0.00246443	0.355405	0.0666369	0.011145	0.0493563	0.0391301	0.00270464	0.01083	0.00253629	
0.00556638	0.0101849	0.00521052	0.00864578	0.00884827	0.00646113	0.0114315	0.137956	0.00667525	0.221169	0.180062	0.00509251	0.00143814	0.00819897	0.00309115	0.00445969	0.00699126	0.196994	0.0126325	0.15889	
0.03003	0.0818826	0.070413	0.0407786	0.0119466	0.0546129	0.0053645	0.0153211	0.016495	0.479188	0.0542326	0.0508325	0.00192274	0.00635423	0.00770126	0.00364642	0.0237014	0.0068339	0.0071686	0.0315745	
0.00378088	0.00101283	0.00461638	0.00293072	0.0209713	0.0328676	0.00654248	0.246011	0.00324168	0.0282261	0.0102221	0.00375363	0.00778194	0.0223871	0.00171118	0.0113055	0.0178643	0.255431	0.0500874	0.269255	
0.10342	0.00202903	0.0367871	0.0240362	0.322445	0.0646068	0.012661	0.134483	0.0102381	0.1227	0.102172	0.00651689	0.00197917	0.00991802	0.00652664	0.00856773	0.002605	0.00763357	0.0122358	0.00843941	
0.0111395	0.000407567	0.0233911	0.0282889	0.0443975	0.00208641	0.0174926	0.0233209	0.00331807	0.0020067	0.0155557	0.0166695	0.0198374	0.0209227	0.000759507	0.00520911	0.0412797	0.0476931	0.599982	0.0762422	
0.0104502	0.00054991	0.00369577	0.00101087	0.0481317	0.634228	0.00866725	0.0175234	0.00341384	0.0424628	0.0386045	0.0275248	0.0783074	0.0206579	0.000790861	0.00435421	0.0187309	0.00128009	0.00457825	0.0350371	
0.00388381	0.00310112	0.00441676	0.00237517	0.0117415	0.0634702	0.0119842	0.269806	0.00339739	0.0206159	0.00601528	0.00384527	0.0136219	0.028798	0.00149947	0.0131898	0.021747	0.301588	0.0269406	0.187963	
0.101931	0.0373055	0.0151685	0.0290224	0.038674	0.0314698	0.451535	0.0177752	0.0227792	0.00752237	0.0417523	0.0203391	0.00255509	0.00428489	0.00306657	0.0840163	0.0258568	0.0307584	0.0328086	0.00137822	
0.0950008	0.0473947	0.0151565	0.024772	0.044329	0.0283387	0.489813	0.0240707	0.0170521	0.00510674	0.0347694	0.005284	0.00184528	0.00318045	0.0023218	0.0663079	0.0234831	0.0298182	0.0410994	0.000855937	
0.0162818	0.00392213	0.0487676	0.0604369	0.00696431	0.108283	0.0021125	0.0235294	0.0117264	0.00137957	0.0216811	0.0278766	0.563006	0.0116737	0.00446036	0.0278815	0.0106474	0.00861919	0.035922	0.00482847	
0.0487178	0.00433374	0.00937019	0.034322	0.0091217	0.0602713	0.0108827	0.145198	0.0136342	0.00616316	0.0452373	0.099102	0.343936	0.0147586	0.00992862	0.0446667	0.0144843	0.0266449	0.0500542	0.00917326	
0.0235111	0.00683489	0.38585	0.0884514	0.028062	0.023952	0.0128849	0.00468218	0.0244219	0.0175836	0.0278768	0.109945	0.0157482	0.0266565	0.0107356	0.0705339	0.0708306	0.0090844	0.0342893	0.00806523	
0.170892	0.000827362	0.11439	0.112292	0.0223211	0.0459833	0.0237801	0.0204043	0.0269148	0.00842677	0.013498	0.0507629	0.0723726	0.0584169	0.0194262	0.0693833	0.106317	0.0312038	0.0129296	0.0194582	
0.196149	0.000909136	0.0964651	0.0470322	0.0272771	0.0871733	0.0176387	0.0148603	0.0294909	0.0146384	0.0205786	0.0826799	0.00684196	0.0610943	0.0219658	0.0691956	0.126059	0.049471	0.0046048	0.0258746	
0.016595	0.026407	0.174956	0.323247	0.0341677	0.00336753	0.0165169	0.0207521	0.00577473	0.0288211	0.0218222	0.0151177	0.0999359	0.0345183	0.00996209	0.0645377	0.0554169	0.00267115	0.0402095	0.00520426	
0.0444024	0.024928	0.032867	0.0117682	0.0549143	0.0648027	0.00477353	0.0299176	0.00371117	0.00659943	0.041692	0.0413572	0.00341845	0.338818	0.00222214	0.0449769	0.0461562	0.0774034	0.0708672	0.054404	
0.170122	0.00249205	0.100978	0.0609826	0.0295969	0.0534536	0.0170552	0.0216997	0.0260964	0.012913	0.0190684	0.0909552	0.00907544	0.0777341	0.0351306	0.061506	0.137299	0.0420543	0.00706485	0.0247235	
0.188993	0.000765232	0.094166	0.0465049	0.0265931	0.0693268	0.0205156	0.017371	0.0337337	0.00709768	0.0112688	0.0840948	0.00637506	0.0586241	0.0199142	0.0812393	0.141611	0.0587096	0.00435907	0.0287367	
0.0515843	0.0223724	0.0450525	0.0436794	0.0164953	0.0313445	0.0078282	0.108409	0.0490246	0.377944	0.0338554	0.0436538	0.00447087	0.0124962	0.0515113	0.0101459	0.0182599	0.0209741	0.0117894	0.0391086	
0.0199291	0.000553334	0.00200852	0.0187886	0.0224365	0.0414362	0.00177747	0.0542581	0.0118745	0.0397522	0.0413101	0.00252025	0.0091485	0.0259831	0.0077071	0.00466575	0.0301447	0.106413	0.12212	0.437172	
