552	20
0.0130984	0.0437286	0.0577657	0.0176228	0.0474751	0.0414243	0.0122028	0.00573487	0.0198658	0.00234448	0.415288	0.156587	0.0107994	0.0359463	0.00202437	0.0119218	0.012753	0.00804662	0.0329453	0.0524248	
0.0544462	0.0026376	0.121297	0.102222	0.008211	0.00156867	0.00373969	0.0497734	0.0275664	0.0662903	0.357436	0.00173475	0.000776589	0.0338122	0.00137624	0.00335781	0.0425957	0.0294942	0.0260818	0.0655825	
0.154447	0.0116774	0.0375415	0.0582875	0.0125054	0.00285964	0.00782169	0.0464697	0.190064	0.0144369	0.00482053	0.0103762	0.0861277	0.0706401	0.00925764	0.151676	0.0526559	0.0274153	0.0303919	0.0205274	
0.0255011	0.00280211	0.00444381	0.00321882	0.402695	0.0020108	0.00342266	0.15366	0.0077987	0.146199	0.0320375	0.00394255	0.0236277	0.0314911	0.0114428	0.00149456	0.0317211	0.0723384	0.0195858	0.0205661	
0.0638047	0.0179214	0.00635699	0.00347571	0.087401	0.00414262	0.00764773	0.255277	0.00387184	0.165436	0.040816	0.00242653	0.00235231	0.00851586	0.00205485	0.00555458	0.0378844	0.175623	0.00850625	0.100931	
0.0475106	0.00698599	0.00364072	0.00227619	0.0651055	0.00653675	0.00373778	0.154926	0.00526115	0.124961	0.0146166	0.00412802	0.00147287	0.0347054	0.00196406	0.00312174	0.0460897	0.235542	0.012436	0.224982	
0.0750656	0.0226703	0.00602239	0.00205218	0.151004	0.00470549	0.00690969	0.211004	0.00385659	0.228107	0.0915993	0.00156347	0.00183233	0.00594284	0.0011492	0.0124137	0.030718	0.107243	0.00631288	0.0298286	
0.194865	0.034255	0.00775306	0.00621688	0.0937494	0.00769042	0.0120172	0.126717	0.00375488	0.241603	0.0719929	0.00825846	0.00225667	0.0100356	0.00226792	0.0322023	0.0435812	0.0629876	0.01225	0.0255451	
0.12207	0.0476911	0.00245081	0.00121326	0.115206	0.00815652	0.00869913	0.16424	0.00135709	0.225047	0.0837006	0.00217914	0.000528097	0.00402054	0.000572535	0.017533	0.0439892	0.103458	0.00782965	0.0400581	
0.120549	0.0425967	0.0022016	0.00132463	0.114789	0.00792711	0.00851728	0.169744	0.00141162	0.22548	0.0847965	0.00230133	0.000906012	0.00540825	0.000678499	0.0170201	0.0440272	0.107319	0.00746041	0.0355417	
0.101959	0.0315479	0.00217932	0.00154059	0.153601	0.00595968	0.00907956	0.173233	0.00384422	0.23401	0.080067	0.00179258	0.00150024	0.0058835	0.000718204	0.0157381	0.0381986	0.10426	0.00683887	0.0280481	
0.128854	0.0572725	0.00386496	0.00149824	0.0885669	0.0249646	0.0315558	0.135902	0.00188024	0.175486	0.0789351	0.00637466	0.00471881	0.0290059	0.00121138	0.0284023	0.0701031	0.099007	0.00932801	0.0230695	
0.237194	0.133818	0.00601909	0.0109495	0.0100814	0.0552005	0.0194738	0.00385276	0.0316141	0.0247624	0.0112123	0.0105831	0.0425125	0.0886071	0.00219435	0.0656212	0.0850739	0.067197	0.0911801	0.00285289	
0.0998003	0.00575005	0.00570289	0.0371023	0.00605367	0.170935	0.030492	0.0241547	0.00199171	0.00487312	0.00604486	0.0539295	0.00172635	0.0280648	0.00689846	0.227221	0.1054	0.161291	0.0135233	0.00904381	
0.0317818	0.00500205	0.100047	0.00538589	0.0774637	0.116594	0.0750846	0.00647639	0.0971835	0.0567207	0.0182519	0.126691	0.00247981	0.0605522	0.0433538	0.0193703	0.0383155	0.0691561	0.00796181	0.0421285	
0.306564	0.0137177	0.00567245	0.00298905	0.00589639	0.277021	0.0167466	0.00135864	0.00989413	0.00299147	0.0163981	0.0764215	0.00214825	0.0644529	0.00436802	0.111409	0.0347423	0.0159547	0.0154148	0.0158387	
0.0366445	0.0217078	0.451615	0.00521618	0.0364227	0.00200758	0.00224705	0.0648452	0.0131021	0.00393009	0.0200122	0.00474612	0.236791	0.0224541	0.0120986	0.00425905	0.00238473	0.00129612	0.0512707	0.00694992	
0.00394596	0.00486282	0.00783465	0.0643986	0.00846252	0.00948481	0.00644429	0.0333808	0.196662	0.00394332	0.0186329	0.0162937	0.00266607	0.207826	0.112096	0.0288573	0.118139	0.123559	0.0133628	0.019148	
0.0350289	0.0311564	0.0328402	0.0345254	0.0300448	0.0238332	0.0163976	0.546725	0.00383103	0.0937956	0.034776	0.00495471	0.00114391	0.0178657	0.00301816	0.00312719	0.00143717	0.0186892	0.0301311	0.0366786	
0.0308365	0.772321	0.0160597	0.0115528	0.00200278	0.00108123	0.00491707	0.0208669	0.00253482	0.0344926	0.0363424	0.00850658	0.00544269	0.00756816	0.000168672	0.00122842	0.00572801	0.0369949	0.000718412	0.00063675	
0.0130943	0.0258859	0.0125958	0.00615297	0.0132204	0.00575792	0.00326816	0.510181	0.00206429	0.181022	0.0748028	0.00191309	0.000278122	0.00438442	0.00181771	0.00188855	0.00086428	0.0859972	0.00963435	0.0451771	
0.00337184	0.000271578	0.00041181	0.000158827	0.130392	0.660392	0.00390978	0.00650641	0.00303612	0.0166522	0.0467917	0.0297003	0.00660335	0.00937095	9.85185e-05	0.000619595	0.00951322	0.00073243	0.0016303	0.069837	
0.0798273	0.000757795	0.00214994	0.0213142	0.0963473	0.0652113	0.182923	0.0155414	0.0216487	0.00399037	0.0303477	0.00113782	0.0018961	0.0020854	0.00453674	0.0103884	0.0186588	0.03209	0.0705688	0.338579	
0.0435245	0.0150572	0.0131051	0.0509721	0.0119634	0.0310409	0.473812	0.00820974	0.00270707	0.0716111	0.0200199	0.00459125	0.000715827	0.0983083	0.00280721	0.016203	0.0662974	0.0179219	0.0494526	0.00167953	
0.373194	0.00689769	0.00266551	0.00206919	0.00332101	0.0134311	0.0170488	0.0022204	0.00218414	0.00217079	0.00347478	0.0032207	0.000513758	0.0160665	0.00454061	0.235696	0.0160764	0.00330208	0.287786	0.00412051	
0.00256399	0.013322	0.00675522	0.0097463	0.0150881	0.00661398	0.00469495	0.00266173	0.00405059	0.00569169	0.00469133	0.274685	0.0163901	0.0578194	0.0168543	0.00384879	0.121747	0.390629	0.0359552	0.00619134	
0.104911	0.00488234	0.00140437	0.123463	0.00493428	0.00859458	0.0012968	0.0162083	0.000771194	0.00200499	0.0143406	0.567241	0.0442587	0.045458	0.0020071	0.020111	0.00189282	0.0106102	0.0221703	0.00343961	
0.0027543	0.00289916	0.00834911	0.0587588	0.00111717	0.0244226	0.00679118	0.00566616	0.00718749	0.000461627	0.0339874	0.59415	0.000982977	0.0342561	0.0840914	0.0791955	0.00368056	0.0305778	0.0144697	0.00620118	
0.00723449	0.00761868	0.0107636	0.00315508	0.0475402	0.398497	0.0354881	0.00230724	0.00406037	0.00308275	0.0168286	0.0351617	0.00116118	0.0403415	0.00223133	0.0408031	0.277497	0.0118821	0.0132463	0.0410997	
0.00478734	0.0425171	0.196189	0.188467	0.0780075	0.0030529	0.0274125	0.00271251	0.00285005	0.0255972	0.00954914	0.0118428	0.004453	0.0267102	0.00739956	0.0132104	0.316655	0.00498399	0.0292236	0.00437948	
0.00380887	0.0018116	0.0282114	0.00371663	0.028232	0.00639944	0.00255697	0.0858055	0.0714227	0.017858	0.163694	0.00254565	0.000734459	0.107934	0.0133547	0.0107589	0.133786	0.00287998	0.0157073	0.298782	
0.00292386	0.0170725	0.00576376	0.00662311	0.00686266	0.00255622	0.0383942	0.0224162	0.0130845	0.00329295	0.00441812	0.0504377	0.0173947	0.0379267	0.0175297	0.0166301	0.0365335	0.606039	0.0341525	0.0599483	
0.01571	0.0175706	0.491137	0.00216072	0.0433798	0.00302476	0.00537159	0.0059982	0.149844	0.0338431	0.0157789	0.107118	0.0211312	0.0167891	0.00687138	0.0101132	0.00605384	0.0104115	0.0326988	0.00499442	
0.00122761	0.0322456	0.0508425	0.0559747	0.0653123	0.0419565	0.0587082	0.00360665	0.00148984	0.0185821	0.00501493	0.00722929	0.00127558	0.0387779	0.00391977	0.00713397	0.501023	0.0420297	0.0364465	0.0272031	
0.00491902	0.0591047	0.00914896	0.00516562	0.0130274	0.00763689	0.00693711	0.311811	0.00472304	0.353065	0.0207629	0.00487641	0.00052107	0.0053035	0.00195175	0.00425676	0.00331672	0.132453	0.00878931	0.0422304	
0.0049846	0.0152875	0.037873	0.0702156	0.00878178	0.0243204	0.01665	0.131505	0.00654173	0.174213	0.125067	0.0128202	0.00102601	0.031102	0.00344866	0.0223707	0.24597	0.0039269	0.0202112	0.0436854	
0.0198873	0.0138865	0.247609	0.496491	0.0138019	0.00429059	0.00196238	0.00231197	0.00041839	0.0142303	0.0257372	0.0476977	0.00913	0.0370203	0.0052923	0.00611322	0.0149458	0.00100159	0.0368733	0.00129945	
0.0189134	0.00111587	0.198047	0.159568	0.00335999	0.00118252	0.0366225	0.00780856	0.127583	0.00110255	0.00321675	0.139333	0.0040876	0.0889767	0.0421263	0.101636	0.0499734	0.0074844	0.00530331	0.00255878	
0.0404306	0.00549066	0.0260072	0.0105768	0.0626971	0.261461	0.0219207	0.00397629	0.00926588	0.00387399	0.0232856	0.406853	0.00095947	0.0698923	0.00562256	0.00740093	0.012091	0.0061759	0.0175148	0.004504	
0.0022463	0.0223086	0.0149105	0.0387757	0.00407384	0.0061926	0.0833525	0.0916199	0.00168037	0.00373812	0.00393821	0.00874922	0.0114528	0.0187255	0.00481724	0.0113843	0.00524005	0.596795	0.0337589	0.0362399	
0.00913385	0.0214134	0.00844093	0.3295	0.0269907	0.00177149	0.0072257	0.00110578	0.00154262	0.00145012	0.00865034	0.00395698	0.364928	0.0247521	0.00340453	0.00936824	0.0984305	0.00551802	0.0379151	0.0345023	
0.00182179	0.0152731	0.00466891	0.0044764	0.00614077	0.00235221	0.0341996	0.00490708	0.0174732	0.00285096	0.00219032	0.0907924	0.0243134	0.0449773	0.0287506	0.0229246	0.053331	0.564079	0.037758	0.0367192	
0.00158901	0.0220947	0.00744813	0.0151969	0.00997076	0.00610472	0.0542902	0.0161378	0.0025042	0.0059573	0.00315062	0.00381784	0.00124061	0.0369237	0.00487123	0.00326691	0.545018	0.186105	0.033122	0.0411907	
0.0466551	0.00424072	0.0164804	0.0621748	0.0210334	0.00820835	0.276797	0.00277786	0.00167626	0.00419071	0.0354936	0.101506	0.0014637	0.0770733	0.000907305	0.218734	0.0646821	0.0158835	0.0384749	0.00154729	
0.375309	0.00658604	0.00265199	0.00366832	0.00183899	0.0630687	0.0182511	0.00218644	0.00791144	0.00166304	0.00271278	0.0160917	0.00114029	0.0393838	0.0172922	0.199234	0.0293387	0.0247214	0.183237	0.00371379	
0.00111541	0.030579	0.00485673	0.0724749	0.00587409	0.00449893	0.0134528	0.0261604	0.124686	0.00346153	0.105785	0.00575564	0.00451705	0.233892	0.0244765	0.0116565	0.118586	0.153003	0.0284484	0.0267195	
0.0200217	0.0140891	0.251708	0.498301	0.0131569	0.00446216	0.00169222	0.00171683	0.000340052	0.0138911	0.0233957	0.046244	0.00894745	0.0369033	0.0050487	0.00596236	0.0156274	0.000962947	0.0363256	0.0012037	
0.00454267	0.0118234	0.0371927	0.042924	0.00896507	0.0321554	0.00823776	0.127121	0.00505343	0.497976	0.00445651	0.0323772	0.000695286	0.0166674	0.00409611	0.0040903	0.0840721	0.0171998	0.0104577	0.0498957	
0.00528773	0.24841	0.00463472	0.00401814	0.00195038	0.00330452	0.00438978	0.0589749	0.00931234	0.150954	0.0073421	0.0114519	0.000405469	0.00828652	0.0022788	0.0116493	0.0125367	0.409614	0.00945061	0.0357492	
0.0137432	0.0232281	0.00865041	0.338862	0.0575676	0.0022535	0.217479	0.0273923	0.00142971	0.016533	0.0335047	0.0163383	0.00483861	0.0944199	0.00421599	0.05028	0.0481426	0.0047993	0.0329961	0.00332608	
0.0424562	0.00193998	0.139413	0.041928	0.00677513	0.0988205	0.0245401	0.00653285	0.0654209	0.00783078	0.00535902	0.117245	0.0235405	0.0402437	0.0272213	0.157402	0.15987	0.0176284	0.00822478	0.00760745	
0.0389628	0.00154348	0.0416659	0.124279	0.0084802	0.0252547	0.0174697	0.0171583	0.0615512	0.0163956	0.016161	0.134586	0.00123193	0.12722	0.0323272	0.102388	0.135263	0.0376793	0.0414509	0.0189325	
0.0188331	0.00823882	0.0056272	0.00928746	0.0140809	0.0439059	0.367786	0.0467434	0.12733	0.00398923	0.023123	0.0917997	0.0386447	0.00907041	0.00378226	0.0604523	0.0096309	0.0903708	0.0218229	0.00548076	
0.00273506	0.0138918	0.0377638	0.125937	0.072254	0.0393096	0.0738988	0.0521219	0.00139519	0.0973965	0.0871646	0.16881	0.00158523	0.014922	0.0033559	0.0045634	0.133963	0.0437413	0.0214951	0.00369627	
0.039664	0.00197235	0.0704616	0.0315677	0.00456266	0.500115	0.0163583	0.0139218	0.00707802	0.00119088	0.00973302	0.0614346	0.157523	0.0068721	0.00131108	0.039314	0.00676435	0.0121526	0.00774542	0.0102576	
0.0579538	0.00935656	0.00875453	0.136374	0.00831223	0.00377471	0.0331962	0.0241647	0.182671	0.00519074	0.157148	0.00809939	0.00208232	0.0185586	0.170001	0.0490668	0.0747155	0.0180849	0.0182939	0.0142006	
0.0244584	0.00119395	0.0041455	0.0353216	0.29403	0.0127662	0.00162348	0.086318	0.00302537	0.135628	0.00886873	0.00266732	0.00119939	0.00448514	0.00230401	0.00158959	0.00270905	0.00910179	0.244152	0.124413	
0.0314775	0.770578	0.0157156	0.0116602	0.00209896	0.00126726	0.00438267	0.0213825	0.00224506	0.0350267	0.0384599	0.00794612	0.00615582	0.0068352	0.000152888	0.00122584	0.00597365	0.0360368	0.000737493	0.000641826	
0.169014	0.00378013	0.0576726	0.00378975	0.00238257	0.0142439	0.00553899	0.00624702	0.158428	0.0236931	0.0672617	0.0775072	0.181042	0.0354977	0.0682126	0.0998017	0.0154224	0.0012238	0.00647793	0.00276308	
0.257133	0.00276983	0.0211213	0.00568153	0.0120427	0.00431719	0.00486919	0.00815135	0.0733943	0.0129069	0.0353255	0.0632349	0.131939	0.0475533	0.0743113	0.180333	0.0411161	0.0079114	0.00924242	0.00664591	
0.00615591	0.00287771	0.0688898	0.0808682	0.0150529	0.00808764	0.0114475	0.0200009	0.00621274	0.000841381	0.0188289	0.00958687	0.623073	0.00512679	0.00811333	0.0166839	0.0222831	0.0178272	0.0221664	0.0358759	
0.00413407	0.00198694	0.00662457	0.00340521	0.0775892	0.00888126	0.0493297	0.134844	0.0625087	0.394605	0.00528964	0.00569087	0.000754814	0.0268541	0.001335	0.00303064	0.0284584	0.108381	0.00891618	0.06738	
0.0040085	0.00559782	0.282166	0.103107	0.0159715	0.00115991	0.21769	0.0758641	0.0147184	0.00492273	0.00447819	0.00286302	0.00645573	0.086183	0.0428405	0.0658099	0.00293374	0.0468454	0.0133457	0.00303928	
0.020802	0.0135143	0.0187099	0.0225966	0.0102521	0.0829781	0.00450497	0.0555754	0.0124911	0.626474	0.022947	0.022382	0.000571354	0.00866946	0.00487549	0.0023619	0.0069718	0.017944	0.00707522	0.0383028	
0.0215534	0.00332316	0.0727477	0.0161129	0.0463072	0.303113	0.0142267	0.0444913	0.0448407	0.0318419	0.118318	0.0273859	0.0112925	0.101382	0.0789576	0.00720776	0.0150476	0.014859	0.015934	0.011058	
0.00766511	0.0216574	0.446557	0.0156736	0.0541228	0.0124377	0.00802795	0.00311323	0.0320212	0.0152395	0.0481661	0.08531	0.00664916	0.150945	0.00126088	0.0134532	0.0320422	0.00643796	0.0355686	0.00365111	
0.0310241	0.77314	0.0151525	0.0115353	0.00213683	0.00127666	0.00457207	0.0210454	0.0023833	0.0331124	0.0384532	0.00882967	0.00599087	0.00725762	0.000155154	0.00121968	0.00662286	0.0348218	0.000643091	0.000627478	
0.00812103	0.0031579	0.163529	0.00925863	0.00614943	0.0284536	0.0816661	0.00158897	0.0313434	0.00445305	0.0101182	0.0828503	0.00171082	0.0211333	0.00523385	0.315481	0.201011	0.00541017	0.0166623	0.00266806	
0.0205793	0.0018458	0.00435023	0.00417313	0.397341	0.00188685	0.00397643	0.163427	0.00801475	0.158891	0.0346231	0.00328932	0.0252146	0.021463	0.0094475	0.0014334	0.0287979	0.0760432	0.0165451	0.0186565	
0.20077	0.0177548	0.0361788	0.309087	0.0198462	0.00405383	0.0271148	0.157388	0.00200692	0.0783084	0.0138264	0.0126319	0.00232571	0.0171202	0.00618397	0.00813537	0.00602524	0.0293778	0.0230914	0.028773	
0.062528	0.00362336	0.075173	0.0110232	0.0348657	0.444661	0.0128804	0.00892789	0.00583415	0.0261259	0.0296463	0.15125	0.0521587	0.0373028	0.00094509	0.0114801	0.00859198	0.00329298	0.0132472	0.00644159	
0.0971352	0.001324	0.00419158	0.00917973	0.0137404	0.0664694	0.0803307	0.00202655	0.00770111	0.061152	0.136592	0.0272509	0.00146165	0.0228402	0.000678932	0.00165761	0.0490739	0.0418303	0.326934	0.0484298	
0.106293	0.0427192	0.0131839	0.0334894	0.00735531	0.0179526	0.00470122	0.343248	0.00840721	0.156919	0.141443	0.00330285	0.00061996	0.0125107	0.00275074	0.00465024	0.00168659	0.0510908	0.0154565	0.0322205	
0.0106595	0.00309583	0.00448114	0.00335022	0.0477802	0.00614753	0.0262585	0.138748	0.0298778	0.362887	0.0076838	0.00316354	0.000380884	0.0176371	0.00135023	0.0021263	0.031113	0.143222	0.0074881	0.152549	
0.00474326	0.000446083	0.000979869	0.000261675	0.123279	0.656297	0.00464251	0.00652575	0.00301661	0.0177286	0.0456815	0.0372404	0.00703747	0.0101169	0.000124858	0.00140094	0.0103793	0.000659183	0.00201128	0.0674281	
0.00693153	0.00597159	0.0702282	0.0120798	0.0227181	0.00257985	0.0036971	0.0133097	0.00291612	0.00739641	0.0367485	0.352585	0.191994	0.0662493	0.00685579	0.0610109	0.0814095	0.0213816	0.0290482	0.00488856	
0.0055335	0.0185562	0.107095	0.0259108	0.0299171	0.0276692	0.00129703	0.0436632	0.00927347	0.0012526	0.0251404	0.0238517	0.58242	0.00225017	0.0038323	0.00458472	0.00289166	0.0250094	0.037814	0.0220369	
0.0735102	0.00459032	0.0104476	0.103468	0.0187735	0.128017	0.0880884	0.00378603	0.0722904	0.00826952	0.170068	0.0108157	0.0139167	0.132063	0.0595469	0.056919	0.0106628	0.0170719	0.0115917	0.00610359	
0.0303806	0.688169	0.0176241	0.0115167	0.00271998	0.00327522	0.00262154	0.0282931	0.00389373	0.0496665	0.0837692	0.00790367	0.006112	0.00893202	0.000274461	0.00188146	0.010017	0.0395554	0.00138004	0.00201461	
0.0511839	0.0116941	0.543067	0.0504414	0.0660631	0.0286668	0.00604523	0.0109589	0.00485586	0.0426665	0.0385042	0.00505653	0.0204497	0.0316999	0.0161447	0.00608826	0.0292415	0.0022816	0.031401	0.00349018	
0.0492577	0.000703363	0.164015	0.109874	0.00379152	0.0255331	0.0776424	0.0196269	0.0287026	0.0321658	0.0168295	0.0756319	0.00497335	0.0418819	0.024807	0.0831661	0.115388	0.0553885	0.0487963	0.0218251	
0.0373498	0.0040147	0.0249833	0.0349752	0.285962	0.032186	0.0915244	0.0842972	0.0216679	0.291477	0.0198197	0.0116296	0.00106567	0.00880629	0.00342668	0.0103268	0.00823599	0.0128049	0.00828439	0.00716282	
0.0842715	0.0010402	0.0156099	0.0355231	0.00455057	0.129608	0.010111	0.0374062	0.0506294	0.126006	0.051101	0.0509033	0.0197206	0.181079	0.0259653	0.0121656	0.0194895	0.0608165	0.0824409	0.00156271	
0.0535801	0.0032783	0.116453	0.0524565	0.0123502	0.289602	0.00918925	0.097482	0.0117834	0.00584794	0.00348043	0.0322251	0.0356624	0.0278149	0.0169623	0.0125505	0.0431015	0.0895841	0.014717	0.0718794	
0.0698352	0.00283415	0.0179103	0.0670148	0.146573	0.0430372	0.0256871	0.00161804	0.0469718	0.00115292	0.0705529	0.00502092	0.0729737	0.166617	0.0952887	0.103506	0.00715192	0.00260421	0.00553092	0.0481187	
0.0308912	0.00195668	0.0411931	0.362771	0.00514278	0.0291808	0.0174842	0.00166677	0.0219996	0.00138613	0.0218229	0.0919101	0.000861397	0.0810532	0.00360184	0.181934	0.0767996	0.00390967	0.0174183	0.0070175	
0.15488	0.00068311	0.0102839	0.0185747	0.0102793	0.00286836	0.0303118	0.00791033	0.00628041	0.00149091	0.0101778	0.0173526	0.00250774	0.024694	0.00055719	0.0880804	0.0150565	0.00419586	0.573252	0.0205628	
0.00981492	0.0199951	0.426167	0.0175178	0.00272319	0.00309318	0.0167451	0.0243781	0.0321365	0.00230483	0.031966	0.00377389	0.000922048	0.0503486	0.0219087	0.283431	0.0112109	0.0134856	0.0210618	0.00701526	
0.0126442	0.000745687	0.00333379	0.0211637	0.0121072	0.00705725	0.00144222	0.0621097	0.0214741	0.172148	0.0180836	0.00561366	0.0018734	0.0315592	0.0142933	0.00487897	0.067145	0.153482	0.016445	0.3724	
0.0190852	0.00106404	0.0081793	0.0360668	0.329467	0.00942709	0.00509665	0.176833	0.000964569	0.0554409	0.00319169	0.00266288	0.000290712	0.0417595	0.00147995	0.00175684	0.000878671	0.00351145	0.225734	0.0771103	
0.00722817	0.0113316	0.00363436	0.00263354	0.00669608	0.0122703	0.0323819	0.384126	0.0045665	0.00169075	0.0194326	0.00279473	0.0217904	0.036952	0.00271555	0.00347157	0.000692819	0.371063	0.044175	0.0303529	
0.0032384	0.0273645	0.00192488	0.496037	0.0603094	0.000833922	0.0276551	0.0230497	0.000395655	0.0307162	0.0337035	0.0706337	0.0672389	0.0101033	0.00820349	0.0180893	0.0282649	0.00251024	0.0577816	0.0319458	
0.00590296	0.00426967	0.173162	0.00427285	0.0417087	0.00455112	0.0210884	0.00196403	0.103157	0.0103635	0.0104056	0.00591934	0.0173641	0.00383175	0.506067	0.0100134	0.0276173	0.0156086	0.00702912	0.0257038	
0.0177361	0.00025309	0.0873853	0.0975957	0.0336763	0.000126753	0.00153634	0.0300447	0.00718414	0.00128258	0.0423325	0.0262277	0.51343	0.0166951	0.0188707	0.0301344	0.01809	0.0265394	0.00453381	0.0263256	
0.0420281	0.00266706	0.0476118	0.157727	0.00619847	0.0252	0.00691982	0.0082363	0.0503142	0.00901505	0.0241066	0.19895	0.00614977	0.0899859	0.0156216	0.152895	0.10912	0.0163675	0.0207963	0.0100884	
0.313703	0.0142129	0.00608431	0.0684692	0.00992131	0.131827	0.0160935	0.0389592	0.005956	0.00169982	0.0391308	0.105372	0.146798	0.0143086	0.00362932	0.048715	0.0014195	0.00234459	0.0167474	0.0146084	
0.0177205	0.000289357	0.087988	0.103653	0.0358717	0.000100358	0.00126417	0.0307961	0.0074978	0.00140888	0.045387	0.0285611	0.493112	0.0179584	0.0192127	0.0298417	0.0184669	0.0283219	0.00518581	0.0273635	
0.099277	0.00448401	0.167866	0.126276	0.0260701	0.00306276	0.137196	0.00707638	0.00391909	0.0195077	0.0412134	0.179619	0.00665664	0.0142089	0.0038104	0.0795636	0.00853783	0.00887161	0.0423121	0.0204721	
0.00737019	0.0032871	0.0488132	0.00260254	0.0245084	0.225749	0.0644422	0.0214906	0.0840693	0.0206961	0.0117614	0.1248	0.0132815	0.0360945	0.00430255	0.0239003	0.148687	0.0485362	0.00858355	0.0770253	
0.0319213	0.770096	0.0150324	0.0116544	0.00216208	0.00111028	0.00470392	0.0210957	0.00241439	0.0344332	0.0376374	0.00820727	0.00623384	0.00756321	0.000150993	0.00126309	0.00644375	0.0365526	0.000674437	0.000649441	
0.0193191	0.000269109	0.00208271	0.0148316	0.0523434	0.0809057	0.000629453	0.0404713	0.0196989	0.0280017	0.0717355	0.00304908	0.0118805	0.0313345	0.0112966	0.00248657	0.0330197	0.048587	0.036584	0.491473	
0.00560452	0.0184908	0.110558	0.0272932	0.0252051	0.0238692	0.00170696	0.0435828	0.00936048	0.00128896	0.0244792	0.0227537	0.588005	0.0018307	0.00407844	0.00491456	0.00330209	0.022987	0.0391237	0.021565	
0.00886047	0.00063339	0.00149618	0.000296766	0.192652	0.523972	0.00675313	0.00401056	0.00573085	0.00246309	0.0655528	0.00468271	0.00959601	0.0118075	0.00043248	0.001443	0.0169773	0.00176442	0.00235473	0.138521	
0.0473405	0.000777652	0.223329	0.137393	0.00243619	0.0095198	0.0656455	0.0143982	0.061334	0.018709	0.0108356	0.091616	0.00346433	0.0524831	0.0231661	0.0851605	0.0700268	0.0334868	0.033771	0.0151064	
0.0097032	0.00292247	0.0082462	0.00514009	0.429313	0.0108786	0.00870409	0.0765328	0.0112359	0.127041	0.0043314	0.011448	0.00575804	0.0393412	0.0121052	0.00139875	0.0551497	0.15346	0.0125296	0.0147609	
0.01773	0.000287552	0.0879386	0.10383	0.0358426	0.000100727	0.00126407	0.0307874	0.00750648	0.00140638	0.0452572	0.0285953	0.49313	0.017965	0.0191909	0.0298365	0.0184647	0.028344	0.00519364	0.0273284	
0.00930711	0.0199753	0.326514	0.0360658	0.0429686	0.00593669	0.00258534	0.00441602	0.000973963	0.0564458	0.0753214	0.267079	0.0585857	0.0337944	0.0174766	0.00282839	0.00384526	0.00615153	0.0258364	0.00389237	
0.00894924	0.00136057	0.0118177	0.147839	0.0392314	0.0226156	0.00218221	0.00586594	0.00381814	0.114421	0.04489	0.0625414	0.0018648	0.0734406	0.00443704	0.00464034	0.0305806	0.0566112	0.0361262	0.326767	
0.0774559	0.00768255	0.00973384	0.344689	0.0405898	0.0893346	0.0118503	0.0555521	0.00144825	0.0190527	0.0338645	0.0890607	0.0108329	0.128397	0.00125973	0.0184281	0.00464609	0.00265122	0.0205964	0.0328745	
0.105481	0.0249896	0.0100629	0.352367	0.0290588	0.00446775	0.0616368	0.0137372	0.00105059	0.0106477	0.0246556	0.0130438	0.00397076	0.0519613	0.00528337	0.223764	0.0103002	0.00276008	0.0373941	0.0133683	
0.143608	0.0470881	0.0476674	0.019644	0.00298982	0.0409459	0.00193575	0.00885924	0.0109235	0.578072	0.00597274	0.0447108	0.000226976	0.00334909	0.00230236	0.00149975	0.0099534	0.00408261	0.00375571	0.0224131	
0.0330218	0.00545577	0.0835961	0.00142373	0.0433776	0.00426044	0.0487506	0.0019455	0.0982248	0.009136	0.00510393	0.00272107	0.0158998	0.00291588	0.573982	0.00518841	0.00774036	0.0201865	0.00404756	0.0330219	
0.139666	0.0180259	0.0190348	0.156571	0.0771227	0.00578118	0.135052	0.0113321	0.00106817	0.0208865	0.0131903	0.00873453	0.00131271	0.0709338	0.00100088	0.263069	0.0140001	0.0034324	0.03756	0.00222645	
0.0046355	0.0026906	0.00699445	0.0038847	0.0913411	0.00856345	0.0458123	0.146031	0.0709719	0.376302	0.00969365	0.00398587	0.000778136	0.0354312	0.000835687	0.00391654	0.0191875	0.101515	0.0131666	0.0542635	
0.0105759	0.00111912	0.00323249	0.00534145	0.411772	0.0301854	0.0030985	0.133	0.00387054	0.154	0.10155	0.00264651	0.00758125	0.0207911	0.00438583	0.00176677	0.012846	0.0570953	0.0175924	0.0175491	
0.352175	0.0103749	0.00483909	0.0028344	0.00532979	0.0399451	0.0133993	0.00513448	0.00474322	0.00475904	0.00976699	0.00518229	0.00133754	0.00587306	0.0116911	0.371444	0.0258489	0.00380765	0.114107	0.0074065	
0.0730327	0.00921789	0.00714057	0.026	0.00526497	0.184506	0.0261707	0.0270092	0.00512086	0.00451169	0.0122709	0.0511452	0.00256244	0.0310679	0.023918	0.381902	0.0469773	0.0552772	0.0132076	0.013697	
0.102163	0.0071109	0.0045106	0.00475091	0.00718056	0.100759	0.0151202	0.152331	0.0142096	0.00236711	0.00517976	0.0666458	0.00127299	0.0437138	0.00365186	0.134647	0.0260739	0.278172	0.0183369	0.0118028	
0.0764646	0.00169405	0.141936	0.0359688	0.00739287	0.218208	0.00288623	0.00234008	0.0599746	0.0044457	0.00522692	0.141536	0.0429368	0.0501136	0.020106	0.0894176	0.0698906	0.00667842	0.0027798	0.0200034	
0.0107295	0.00466516	0.0415916	0.0172639	0.00427098	0.111982	0.14889	0.00320339	0.0889538	0.00674208	0.0083634	0.0279479	0.00401499	0.0787917	0.0485639	0.268153	0.0901613	0.0162394	0.0136724	0.00579902	
0.00674834	0.000744456	0.00252738	0.0134197	0.42337	0.00470816	0.000730821	0.105885	0.00381144	0.103426	0.0188389	0.00137127	0.00483504	0.00718506	0.00703117	0.00185086	0.00967558	0.0378788	0.170171	0.0757911	
0.00918416	0.0130329	0.11869	0.375838	0.0484505	0.00331129	0.0239515	0.0161802	0.00348424	0.0121568	0.0283276	0.00990584	0.0130466	0.186901	0.0393591	0.0271266	0.0340971	0.00505407	0.0237561	0.00814597	
0.019051	0.00186421	0.017809	0.0364437	0.493612	0.00520912	0.0101737	0.078188	0.00712767	0.0859007	0.00814064	0.00945411	0.00252285	0.0280874	0.0455121	0.00770364	0.00875284	0.0195902	0.0579184	0.0569382	
0.0109884	0.00243125	0.0591591	0.0632037	0.0574531	0.0009971	0.00293483	0.0804553	0.00603437	0.00142766	0.0328946	0.0193696	0.533041	0.0152657	0.0123014	0.0244043	0.0157971	0.0293237	0.0119731	0.0205443	
0.169874	0.00357136	0.0597793	0.00355904	0.00295971	0.0129332	0.00560674	0.00616321	0.161413	0.0229323	0.065822	0.0752859	0.181235	0.0363192	0.0687376	0.0963461	0.0159801	0.00120946	0.00653975	0.00373297	
0.0178529	0.000431487	0.0890833	0.111274	0.0380503	0.000144155	0.00127137	0.0297921	0.00730468	0.00147208	0.0497442	0.0284634	0.479047	0.0179157	0.0186758	0.0288333	0.0187793	0.0274033	0.0060662	0.0283949	
0.036083	0.00169348	0.0480707	0.141861	0.00780868	0.031601	0.0465122	0.00183868	0.0078017	0.00236218	0.0189574	0.0657795	0.00139313	0.0954427	0.001215	0.332018	0.12835	0.00718299	0.0197348	0.00429424	
0.0316611	0.000793391	0.0537566	0.0907122	0.00742627	0.031308	0.0235802	0.0217074	0.0817921	0.0160638	0.0110817	0.1093	0.00113461	0.101559	0.0488144	0.100241	0.168941	0.0507179	0.0335153	0.0158947	
0.0163004	0.00162922	0.00345133	0.0306964	0.248476	0.00113427	0.00559337	0.0656289	0.00333022	0.0419037	0.01398	0.00245817	0.00237853	0.0125282	0.000388993	0.00265467	0.00484166	0.00777626	0.408093	0.126757	
0.0672492	0.00379024	0.107899	0.032281	0.0050664	0.159206	0.0020988	0.0024691	0.0437614	0.00563096	0.00983884	0.108848	0.0880326	0.0978702	0.00934804	0.105826	0.127292	0.00798143	0.00746585	0.008045	
0.0605312	0.00344788	0.0511219	0.00708635	0.0370978	0.293206	0.0151849	0.00250649	0.0131821	0.00378186	0.0190982	0.317128	0.00640201	0.0857319	0.00373795	0.0204406	0.0329625	0.00440047	0.0155876	0.00736376	
0.00255537	0.0109588	0.0575489	0.0468435	0.00904957	0.026068	0.193751	0.0870566	0.00244383	0.0033616	0.00696191	0.0163262	0.00557041	0.00670582	0.00193537	0.00719053	0.00477039	0.482185	0.0265123	0.0022042	
0.0235451	0.00283345	0.0788952	0.0758853	0.00585979	0.0955484	0.0331413	0.0162095	0.0881613	0.0146249	0.00543395	0.0440618	0.00180392	0.0711868	0.0769493	0.0706285	0.199528	0.07524	0.0126427	0.00782082	
0.0517999	0.00312874	0.00511052	0.0452033	0.0400571	0.00743825	0.00438458	0.014732	0.0342232	0.0454801	0.0159796	0.0756926	0.000372748	0.151641	0.032552	0.0577762	0.130341	0.0476588	0.14128	0.0951476	
0.0804764	0.00178413	0.180839	0.0390951	0.00503135	0.156577	0.00252803	0.00284798	0.0597129	0.00507898	0.0018232	0.140915	0.0504495	0.0544481	0.0108542	0.105936	0.0805856	0.0087638	0.00336491	0.00888762	
0.00457444	0.000470576	0.000695713	0.00018799	0.125134	0.652625	0.00481673	0.00672301	0.00303509	0.0187154	0.0461803	0.0376064	0.00612731	0.0100767	0.000116211	0.00158378	0.0108793	0.000662847	0.00222731	0.0675627	
0.0737868	0.00694918	0.0160469	0.00847055	0.0152612	0.104587	0.0397163	0.00712558	0.0712366	0.004996	0.00694036	0.0138434	0.00403272	0.0353018	0.0341962	0.0555824	0.273352	0.180222	0.0212164	0.0271371	
0.00746535	0.0133939	0.0485535	0.0655429	0.0105523	0.00577846	0.0243376	0.00280766	0.0117508	0.00724618	0.00756058	0.00771825	0.0234078	0.0559118	0.0061173	0.40431	0.230176	0.0289077	0.0249685	0.0134935	
0.251454	0.00281333	0.00425947	0.00604163	0.00710959	0.0831527	0.0789211	0.00817563	0.213355	0.0135349	0.0538725	0.0369856	0.00637801	0.0221788	0.00877727	0.155843	0.00755841	0.00664835	0.00410599	0.0288337	
0.384896	0.00919725	0.00234407	0.00219326	0.00451324	0.0176836	0.0185046	0.00464949	0.00769462	0.00280247	0.00945581	0.00785582	0.000640881	0.0180873	0.00936916	0.236618	0.0133484	0.0026016	0.241782	0.00576129	
0.0308923	0.76888	0.0155286	0.0119008	0.00212051	0.00119842	0.00456327	0.0214949	0.00283024	0.0347194	0.0376833	0.00848771	0.006046	0.00700743	0.000198161	0.00130349	0.00621298	0.0375693	0.000706114	0.000656994	
0.168532	0.00373431	0.0539019	0.00280157	0.00236937	0.0121241	0.00544541	0.00855697	0.1502	0.0255294	0.0818145	0.075889	0.178001	0.039029	0.0664065	0.0997831	0.0149355	0.00125676	0.00652507	0.00316505	
0.0455634	0.00149289	0.119901	0.00615165	0.0599293	0.00153108	0.0537409	0.00578829	0.0301327	0.0241476	0.0242315	0.0428538	0.00649266	0.0148886	0.311352	0.0498564	0.00959942	0.0479919	0.0153783	0.128977	
0.0748107	0.00119758	0.00486379	0.00567269	0.0303931	0.297716	0.0101371	0.00118955	0.01934	0.00352969	0.0459874	0.0972756	0.000476536	0.0324975	0.0590738	0.043588	0.0419173	0.00188592	0.00935836	0.219089	
0.0447667	0.00272079	0.0227745	0.0115075	0.00698934	0.457335	0.0100912	0.0108596	0.00525695	0.0040414	0.0210445	0.118286	0.0903381	0.044952	0.00130488	0.0816689	0.0278099	0.0105856	0.0157473	0.0119206	
0.0898282	0.00133476	0.0226718	0.0426472	0.00394486	0.154937	0.0269315	0.025778	0.0567025	0.088943	0.06046	0.043228	0.0153113	0.169348	0.0415279	0.0225619	0.0213652	0.0506875	0.0601512	0.00163971	
0.0826047	0.00176317	0.177968	0.0375182	0.00511871	0.1628	0.000929176	0.00258756	0.0638149	0.00465312	0.00169683	0.142664	0.0542426	0.0551032	0.0117362	0.101157	0.075622	0.00792447	0.00149969	0.00859736	
0.034378	0.029671	0.0879775	0.0290851	0.00566907	0.0798979	0.0501493	0.00983386	0.0199602	0.00569701	0.0203409	0.016177	0.00160267	0.0556341	0.00484065	0.449143	0.0589417	0.0117685	0.020987	0.00824492	
0.019398	0.000859789	0.0743157	0.0381076	0.59322	0.0629744	0.0188675	0.000948492	0.00996201	0.000734411	0.0248294	0.0392665	0.0142011	0.0286657	0.0156596	0.000554925	0.0169391	0.00129046	0.0376204	0.00158462	
0.0090213	0.000165037	0.000984157	0.00942683	0.297209	0.295219	0.000348718	0.00992593	0.00986408	0.00098799	0.0680974	0.00400338	0.00814773	0.0105239	0.00698381	0.000789492	0.013441	0.00733404	0.0307827	0.216745	
0.265372	0.00536444	0.0169087	0.0103246	0.0263667	0.00156857	0.0150925	0.0072321	0.0259275	0.0168119	0.0189603	0.057046	0.0124251	0.0171836	0.311225	0.106597	0.0411624	0.0135345	0.00740002	0.0234977	
0.0181149	0.00486942	0.0066119	0.21913	0.030533	0.00349124	0.0717616	0.00585488	0.00206439	0.0119929	0.0253898	0.279773	0.00641846	0.0144158	0.0850253	0.164734	0.0107928	0.0191977	0.0153243	0.00450433	
0.0417636	0.210068	0.00606833	0.00297445	0.00179331	0.0271767	0.00348233	0.0416554	0.00284347	0.203114	0.382545	0.00334291	0.000655822	0.00375081	0.000892307	0.00554532	0.000567961	0.0447986	0.00667806	0.0102848	
0.00664953	0.00942804	0.00321395	0.00283539	0.0095961	0.00236853	0.0205168	0.0591621	0.118195	0.0857339	0.00654293	0.32873	0.00961368	0.0183914	0.132652	0.00238962	0.0162916	0.140922	0.011407	0.0153606	
0.0390626	0.000377054	0.0283727	0.0267474	0.0597186	0.00129586	0.0245364	0.0253562	0.00612065	0.00474644	0.0208521	0.0158658	0.0176901	0.018686	0.000253117	0.0165785	0.0148899	0.0200914	0.621416	0.037343	
0.0386102	0.00382564	0.0333295	0.0315176	0.185915	0.0444195	0.0230573	0.0773198	0.0117274	0.443897	0.0161012	0.0262605	0.000593381	0.00876797	0.00187745	0.00388689	0.00541952	0.00959501	0.00974503	0.0241338	
0.00471513	0.010278	0.0197588	0.010783	0.0347675	0.0135122	0.048214	0.149879	0.0101133	0.0555889	0.00439324	0.0235846	0.00304676	0.026905	0.00598704	0.0108075	0.316161	0.185785	0.0236282	0.0420914	
0.0742064	0.00214165	0.00368582	0.01776	0.00238381	0.0980985	0.236096	0.0164281	0.255972	0.0255377	0.0122105	0.0693607	0.00185243	0.050352	0.0190668	0.0814664	0.00647285	0.00682673	0.00811962	0.0119621	
0.0791575	0.00228789	0.00527919	0.0201285	0.00205465	0.0884879	0.207974	0.0220159	0.268355	0.0269022	0.0116995	0.0719743	0.00457417	0.0527606	0.0225509	0.0803374	0.00758108	0.0071897	0.00767836	0.0110111	
0.0822727	0.00176811	0.179308	0.0380363	0.00517109	0.164562	0.000761786	0.00254467	0.0626488	0.00450225	0.00077512	0.143037	0.0527679	0.055138	0.0111694	0.100895	0.0764522	0.00804916	0.00142127	0.00871962	
0.0822727	0.00176811	0.179308	0.0380363	0.00517109	0.164562	0.000761786	0.00254467	0.0626488	0.00450225	0.00077512	0.143037	0.0527679	0.055138	0.0111694	0.100895	0.0764522	0.00804916	0.00142127	0.00871962	
0.0822727	0.00176811	0.179308	0.0380363	0.00517109	0.164562	0.000761786	0.00254467	0.0626488	0.00450225	0.00077512	0.143037	0.0527679	0.055138	0.0111694	0.100895	0.0764522	0.00804916	0.00142127	0.00871962	
0.0138735	0.000238878	0.00109702	0.0127368	0.20715	0.266621	0.000489066	0.00523185	0.010629	0.00186322	0.0867067	0.0114898	0.00972537	0.0141945	0.0125191	0.00108665	0.016674	0.0046741	0.0296558	0.293344	
0.0123959	0.000982312	0.166761	0.0473154	0.0165087	0.00371211	0.00360831	0.0318959	0.00572786	0.000789581	0.0269288	0.0138589	0.551952	0.00789954	0.00959534	0.0200205	0.00948705	0.0138462	0.0237074	0.033007	
0.0279754	0.00717286	0.00962107	0.00244522	0.158947	0.0517451	0.00771398	0.0476325	0.0284604	0.0847292	0.00625208	0.0460824	0.00136242	0.169466	0.00254846	0.00418051	0.0636713	0.198914	0.0216983	0.0593817	
0.0642109	0.0111486	0.00454434	0.0159404	0.0947674	0.0415763	0.0120785	0.104011	0.0168339	0.114226	0.0940156	0.0300468	0.0256806	0.208831	0.0117397	0.00743624	0.0335391	0.0659771	0.0292341	0.0141622	
0.0212636	0.00100909	0.101442	0.0978128	0.00641407	0.0239626	0.0297658	0.0185835	0.095356	0.00966985	0.00657775	0.126939	0.00230915	0.0833813	0.049695	0.118078	0.157047	0.0298822	0.0134073	0.00740374	
0.0594374	0.00497039	0.0929703	0.00868533	0.0519521	0.140467	0.0473117	0.0116317	0.0719906	0.0835135	0.0282522	0.110224	0.00718038	0.0816623	0.0525792	0.00943611	0.0116107	0.0772252	0.0258056	0.0230943	
0.00999543	0.00628109	0.0685947	0.341426	0.00261911	0.00742486	0.0106516	0.00323908	0.0214332	0.00162443	0.00621174	0.010071	0.00198729	0.106329	0.00758831	0.169818	0.173903	0.0290553	0.0184398	0.00330625	
0.00602986	0.00025276	0.00195705	0.0043294	0.124603	0.187108	0.00103834	0.0126432	0.0334596	0.00258583	0.1693	0.00588782	0.00541669	0.0259355	0.0045592	0.00264818	0.0376042	0.00335065	0.0194708	0.351819	
0.0201743	0.00714847	0.00674569	0.00802451	0.0108714	0.00514597	0.00429106	0.0458993	0.0839738	0.00855035	0.00745361	0.25446	0.140906	0.0440029	0.131816	0.0121846	0.0917836	0.0943015	0.0158693	0.00639725	
0.0256318	0.0142108	0.00421536	0.191022	0.0365516	0.0130057	0.00248508	0.00606465	0.00466111	0.0316693	0.0404817	0.466271	0.019068	0.0384807	0.0130923	0.00688804	0.0206831	0.033502	0.0292283	0.00278783	
0.00304264	0.0195256	0.038509	0.0157072	0.0289002	0.0173762	0.00424577	0.00330728	0.0173442	0.00732264	0.0108043	0.277324	0.0841221	0.0681808	0.0115848	0.00528691	0.25993	0.0811328	0.0378916	0.00846213	
0.0201109	0.00140734	0.0941758	0.0754481	0.00803147	0.1262	0.0430528	0.00868401	0.0905116	0.0181828	0.0059737	0.0602441	0.00649006	0.0759931	0.0821814	0.0869651	0.148531	0.0336596	0.00875679	0.00540076	
0.0820625	0.00176708	0.179202	0.0380176	0.00516681	0.165141	0.000771798	0.0025896	0.0625553	0.00449899	0.000840443	0.142892	0.0526873	0.0552289	0.011179	0.10077	0.0763207	0.00810011	0.00147506	0.00873402	
0.0693774	0.00293384	0.0205363	0.0690666	0.150722	0.0408067	0.0216031	0.00189608	0.047616	0.00123158	0.0684786	0.0049121	0.069617	0.163142	0.0967873	0.103248	0.0069109	0.00255542	0.00705747	0.0515024	
0.0357255	0.0015201	0.260137	0.0756979	0.0230407	0.00107013	0.00240204	0.0209001	0.0125098	0.00208479	0.0305833	0.0233901	0.352467	0.0250213	0.00897752	0.0327049	0.014593	0.0112195	0.0233238	0.0426312	
0.0641281	0.00851774	0.00920691	0.00512442	0.00299152	0.00430523	0.190864	0.110247	0.0747273	0.0693722	0.120119	0.0121926	0.00289593	0.0126096	0.0558004	0.00569444	0.00206355	0.209716	0.0167273	0.0226963	
0.00540484	0.0522708	0.0138444	0.0109786	0.00892541	0.0235693	0.00756395	0.0770747	0.0190904	0.539875	0.0339099	0.0148297	0.000598013	0.0101111	0.00629551	0.00292275	0.0088964	0.0951532	0.00829725	0.0603885	
0.000793409	0.00025188	0.00265749	0.00312965	0.588921	0.00140593	0.00138584	0.0863676	0.0181275	0.00185302	0.0241814	0.00155474	0.00196726	0.00886178	0.00235638	0.00317038	0.000373184	0.0661712	0.0593516	0.127119	
0.0541368	0.0165305	0.00640128	0.00227092	0.188952	0.00382168	0.00464399	0.222009	0.0027421	0.202168	0.101799	0.00211344	0.00549683	0.0108988	0.00171137	0.00815364	0.0278016	0.103521	0.00640259	0.0284254	
0.0397004	0.000372824	0.0274459	0.024916	0.0615782	0.00109649	0.0228638	0.0251201	0.00600849	0.00528683	0.0210779	0.0148348	0.0203851	0.0176915	0.000233793	0.016444	0.0151704	0.0209638	0.620071	0.0387383	
0.103508	0.00354614	0.00385909	0.00104019	0.062344	0.513784	0.0404787	0.0207541	0.00953468	0.0371827	0.0337321	0.0631636	0.00929355	0.0231944	0.000385899	0.00996303	0.00360231	0.00395728	0.00628481	0.0503905	
0.00492287	0.010621	0.00322219	0.002884	0.00967257	0.0195759	0.0252208	0.406831	0.00592513	0.00335649	0.0199648	0.0020498	0.0224021	0.0389918	0.00349029	0.00317933	0.000672034	0.344195	0.0409584	0.0318647	
0.0573301	0.0186794	0.00715577	0.0347689	0.0313704	0.0354326	0.478739	0.0289223	0.0152773	0.0315456	0.0397052	0.0270402	0.00193331	0.004524	0.00171171	0.035864	0.0546049	0.0522025	0.0418278	0.00136514	
0.0557422	0.0171687	0.00721631	0.0299887	0.0359528	0.0250727	0.522861	0.031323	0.0110166	0.00515335	0.0412001	0.0026837	0.00112477	0.00182057	0.00159192	0.0262056	0.0617935	0.0491265	0.070552	0.00240547	
0.00865328	0.00325949	0.0920387	0.0410589	0.0089804	0.0237024	0.0031417	0.0361609	0.0114213	0.000684141	0.0264495	0.0220585	0.608728	0.00553438	0.0117282	0.0238927	0.00753763	0.0228451	0.0274373	0.0146878	
0.0475096	0.00268225	0.0845843	0.0211399	0.00394207	0.326186	0.00649302	0.062981	0.011624	0.00146501	0.0104022	0.0667624	0.149317	0.016423	0.00340131	0.0786927	0.0117556	0.0529328	0.013034	0.0286718	
0.00667443	0.0037575	0.185534	0.00870194	0.00593205	0.014794	0.0407332	0.00196638	0.0218109	0.00412549	0.00815262	0.108509	0.00118927	0.0208062	0.00722007	0.307733	0.228136	0.00677204	0.0142388	0.00321276	
0.085083	0.00327705	0.207791	0.139322	0.00342982	0.0167139	0.0588436	0.0195457	0.0106778	0.052172	0.0161096	0.0589952	0.00423283	0.0336039	0.0118563	0.0655262	0.1016	0.0503785	0.0435592	0.0172821	
0.0825373	0.00184442	0.178748	0.0380941	0.00518741	0.163929	0.000824159	0.00258109	0.0628032	0.00454166	0.000924082	0.142606	0.0525397	0.055641	0.0112947	0.100634	0.0765979	0.00817243	0.00173992	0.00875959	
0.00956889	0.0106437	0.0798901	0.514018	0.0151798	0.00302041	0.00942867	0.00352624	0.0298343	0.0064343	0.0113318	0.00895418	0.0210359	0.0585569	0.00503512	0.0753344	0.0976175	0.0107145	0.0244931	0.00538231	
0.166191	0.0312963	0.0181348	0.0044246	0.0243539	0.0871121	0.0275609	0.00879258	0.0229146	0.00454424	0.0216486	0.0149115	0.00329901	0.340599	0.000903502	0.0717502	0.0628106	0.0161403	0.0641297	0.00848294	
0.0285292	0.0159316	0.0474337	0.0238603	0.0245807	0.0131254	0.0126674	0.0288712	0.0371296	0.0111148	0.0150158	0.10617	0.0126246	0.112032	0.0779325	0.0244289	0.275372	0.0996043	0.0199848	0.0135912	
0.0819931	0.00175187	0.178599	0.0386824	0.00527547	0.162476	0.000992522	0.00275173	0.0628794	0.00466635	0.00091874	0.142981	0.0522815	0.0552547	0.0113015	0.100839	0.077238	0.0084298	0.00186275	0.00882528	
