552	20
0.0535727	0.0574385	0.048358	0.0382999	0.0131922	0.00973947	0.0289113	0.0359457	0.0358657	0.00519722	0.513368	0.00839353	0.0153646	0.0239496	0.00395968	0.00756823	0.0344829	0.0399909	0.0116967	0.0147047	
0.0755192	0.0426127	0.0512649	0.0469963	0.0109437	0.00583952	0.0260196	0.0549213	0.0393471	0.0245129	0.465511	0.00319391	0.0139352	0.0259705	0.00392645	0.00398605	0.0344001	0.0487309	0.0097631	0.0126052	
0.114682	0.0038758	0.0590289	0.0769325	0.00562671	0.0336808	0.00817627	0.0239414	0.133787	0.00522583	0.00612714	0.0204375	0.208468	0.0750906	0.0687231	0.0471718	0.0607625	0.0366771	0.00419254	0.00739236	
0.0232308	0.00329518	0.0070839	0.00396482	0.472697	0.00214241	0.00750239	0.142771	0.00983406	0.0856218	0.0245166	0.00558448	0.00815419	0.00813115	0.0107547	0.00642259	0.0100425	0.111487	0.0122447	0.0445197	
0.0762059	0.0160072	0.00814835	0.0116148	0.0338825	0.00997957	0.00958023	0.325679	0.00849315	0.196921	0.0401772	0.0125572	0.00144414	0.020644	0.00635036	0.00325255	0.0217191	0.13892	0.0210807	0.0373429	
0.0710625	0.0088979	0.00950119	0.0130166	0.0787517	0.00782389	0.0342902	0.0749793	0.008037	0.144209	0.0292693	0.0388107	0.00128416	0.00904216	0.003096	0.0074755	0.0482361	0.194523	0.100786	0.116908	
0.0231902	0.00496249	0.0493403	0.0357888	0.126398	0.0843378	0.00306064	0.241102	0.00241893	0.271328	0.103027	0.00197464	0.000477221	0.00463631	0.00105391	0.0142434	0.00364541	0.00693168	0.0106062	0.0114765	
0.184394	0.0297624	0.0148845	0.0282636	0.0437031	0.0138033	0.0110372	0.120886	0.00987713	0.220729	0.101122	0.00578639	0.000970178	0.0156602	0.00336886	0.00874539	0.0576545	0.0900636	0.00655887	0.0327295	
0.121442	0.0492498	0.00812897	0.0218312	0.0454373	0.011859	0.00772799	0.134053	0.00842725	0.211356	0.144901	0.00322307	0.000754039	0.0110729	0.00185993	0.00574089	0.0443106	0.0767509	0.0392762	0.0525973	
0.155749	0.0312607	0.00980708	0.0245542	0.0414018	0.0147452	0.0110397	0.131873	0.00990369	0.210681	0.120434	0.00392578	0.000535111	0.0146202	0.00211847	0.00743082	0.0617076	0.104943	0.00741138	0.0358571	
0.0332519	0.00145562	0.00851724	0.00402372	0.45326	0.00267469	0.00782317	0.131211	0.00558775	0.0841547	0.043215	0.00164632	0.00414552	0.00906515	0.00396354	0.013101	0.00626825	0.125837	0.00997292	0.0508264	
0.151435	0.0217558	0.0216211	0.0308297	0.044489	0.013823	0.0148802	0.106032	0.00783281	0.162531	0.0988516	0.0119598	0.000975492	0.0173541	0.00453306	0.0215293	0.0966605	0.111646	0.0256717	0.0355881	
0.193676	0.154758	0.00558607	0.00675309	0.00464311	0.12677	0.0318066	0.00664164	0.0403868	0.00705636	0.0168231	0.0091159	0.00304731	0.0491201	0.00100505	0.0752503	0.0902707	0.170015	0.00538446	0.00189054	
0.05574	0.0340477	0.0188539	0.0100409	0.007011	0.0897652	0.054536	0.0290352	0.0123042	0.00269294	0.00543747	0.00746588	0.0012532	0.0315888	0.00255273	0.153024	0.172552	0.285619	0.0109753	0.015504	
0.0567384	0.00629432	0.0863637	0.0145129	0.0217045	0.0691887	0.0316718	0.0282731	0.114789	0.0126654	0.0118294	0.137426	0.00691079	0.113014	0.0676537	0.0267922	0.103351	0.0111455	0.0307369	0.0489388	
0.405403	0.00477086	0.00343593	0.00159667	0.00557034	0.253155	0.0406837	0.00600353	0.0112273	0.00457999	0.0303436	0.00695861	0.00259483	0.0787611	0.000936402	0.124757	0.00176119	0.00357033	0.00427403	0.00961692	
0.00459713	0.0515519	0.551693	0.00535283	0.0380176	0.00383747	0.00589737	0.0383881	0.0240993	0.0508989	0.035634	0.00143846	0.0606343	0.0223568	0.0367604	0.0144128	0.0277408	0.00372676	0.0209167	0.00204572	
0.0381706	0.00580414	0.0305874	0.06905	0.0864367	0.00277668	0.00545417	0.00754589	0.14412	0.00539698	0.00832445	0.0118986	0.105491	0.183791	0.135024	0.0210973	0.0719252	0.0171554	0.00368425	0.0462662	
0.0281126	0.0164809	0.038373	0.0345931	0.00832203	0.0392198	0.0173129	0.619584	0.00366306	0.0826665	0.00750706	0.00395909	0.00277508	0.0150699	0.0066789	0.00282338	0.0019114	0.0250417	0.0100391	0.0358664	
0.0124378	0.696285	0.0303024	0.0220526	0.00299302	0.000733126	0.0217416	0.0110842	0.00228219	0.0207387	0.0606506	0.0114458	0.00731124	0.0107831	0.000297429	0.00236404	0.0485958	0.0368273	0.000822219	0.00025172	
0.0147162	0.00807144	0.0129315	0.00664132	0.0291858	0.0200726	0.0283465	0.608581	0.00401374	0.0351032	0.00233716	0.0028592	0.0268024	0.0232095	0.0107065	0.00669199	0.00126198	0.112764	0.0181944	0.0275095	
0.0119808	0.000433064	0.000601139	0.000285645	0.0903282	0.709525	0.010695	0.0205806	0.00224112	0.0348234	0.037801	0.0465827	0.00343592	0.0065471	0.000128444	0.00101925	0.0021907	0.000373521	0.00230784	0.0181194	
0.0322744	0.000552051	0.00163483	0.0245892	0.0237939	0.0357222	0.000639705	0.04836	0.0113595	0.0436987	0.0486968	0.00183723	0.00983199	0.0161846	0.0118546	0.00221626	0.0135694	0.0503563	0.10726	0.515569	
0.0642497	0.018801	0.0262566	0.0457192	0.0201301	0.0489613	0.355923	0.0160077	0.0112343	0.137299	0.0192637	0.00639946	0.0015456	0.134344	0.0024044	0.0123961	0.036094	0.0220204	0.0187372	0.0022129	
0.323524	0.0121985	0.00528865	0.00347802	0.0049835	0.0436865	0.0605925	0.0058042	0.0100421	0.00537992	0.015541	0.00355666	0.0033646	0.0543537	0.00407365	0.403889	0.0219318	0.00259918	0.00888822	0.0068238	
0.0071248	0.0204436	0.0150926	0.0686227	0.0363087	0.0253373	0.0140686	0.00282419	0.0033092	0.026143	0.0330586	0.465838	0.0102231	0.0379441	0.0246027	0.00876012	0.143488	0.0261356	0.0258614	0.00481434	
0.0736473	0.023161	0.00233925	0.0231376	0.0422036	0.135649	0.00175474	0.00117247	0.00078712	0.0158269	0.0340842	0.554034	0.0077851	0.0277446	0.0103921	0.00769948	0.0052328	0.0121987	0.0194678	0.00168197	
0.0241341	0.0137568	0.0403207	0.0635752	0.003721	0.0486993	0.0834119	0.0229543	0.0299253	0.00185991	0.0302991	0.061397	0.00139303	0.0506138	0.0167317	0.438191	0.0139373	0.0380023	0.0122518	0.00482497	
0.00124926	0.248574	0.0467492	0.0449048	0.00668949	0.00935557	0.0331955	0.00148079	0.00210355	0.000820999	0.00378538	0.00628966	0.000946199	0.0305031	0.00327559	0.0508395	0.413995	0.07877	0.0106393	0.00583389	
0.00756107	0.0703133	0.297379	0.289671	0.0312093	0.00342828	0.0103831	0.00414598	0.0032523	0.0206481	0.0201723	0.0323912	0.0121695	0.0317149	0.00619386	0.0294193	0.095102	0.00351526	0.0275188	0.00381124	
0.01451	0.0113046	0.0488128	0.0153211	0.0375222	0.020807	0.0149952	0.00625657	0.156723	0.0136511	0.0115988	0.025422	0.00675205	0.194294	0.0624893	0.0444865	0.241447	0.0373794	0.0105038	0.0257232	
0.00314631	0.106231	0.00404345	0.00465612	0.00411273	0.0022544	0.0303909	0.00121433	0.0281124	0.00193927	0.00389393	0.0330711	0.0228571	0.0261348	0.0422899	0.0271139	0.075945	0.52162	0.0202884	0.0406849	
0.0163836	0.0351737	0.561707	0.0145499	0.0637967	0.00327336	0.00263029	0.00528615	0.010305	0.0488895	0.0285922	0.0811256	0.0251326	0.0200611	0.0157826	0.00625561	0.0110582	0.0033311	0.0448392	0.00182666	
0.00197487	0.243066	0.0449235	0.0447413	0.0195225	0.0160165	0.0366121	0.00154327	0.00166461	0.014593	0.00363078	0.0117153	0.00151139	0.0287931	0.00331314	0.0167165	0.406938	0.0704943	0.0168421	0.0153878	
0.010773	0.0107186	0.00590068	0.00442836	0.00555507	0.00410117	0.00342304	0.495405	0.00189629	0.218224	0.00253957	0.00339888	0.000531364	0.00500314	0.00757849	0.00181068	0.00213221	0.157037	0.00803129	0.0515129	
0.0572503	0.0351367	0.0346333	0.0697055	0.0214811	0.0240473	0.00935695	0.116009	0.00530799	0.234261	0.172938	0.00869484	0.0011215	0.022982	0.00289787	0.00749817	0.0752324	0.0351803	0.0181432	0.0481224	
0.00510492	0.0372182	0.00511691	0.504065	0.0556284	0.0019004	0.0553002	0.0194343	0.000790698	0.0304233	0.0319759	0.0477211	0.0147515	0.0120802	0.0186425	0.0194808	0.0287495	0.00257142	0.0581691	0.0508755	
0.143826	0.00715632	0.0229188	0.0134313	0.0171798	0.0131506	0.0100037	0.011323	0.184391	0.0134206	0.0193704	0.18375	0.0542412	0.0816957	0.0529545	0.119272	0.0138512	0.0232149	0.00544809	0.00940133	
0.0433133	0.00876599	0.0431284	0.00438944	0.0327353	0.0899223	0.00609307	0.00458582	0.00497852	0.0243335	0.0446115	0.56142	0.0174241	0.0547191	0.00213906	0.0108899	0.0162259	0.00622779	0.0153942	0.00870247	
0.00305739	0.112404	0.00403571	0.00440915	0.00384577	0.00190936	0.0326171	0.00171104	0.0283616	0.00178365	0.00294797	0.0350029	0.0228352	0.0254303	0.0449452	0.02616	0.0742118	0.517128	0.0195968	0.0376068	
0.0246944	0.0133303	0.0364877	0.0347844	0.0185875	0.0562756	0.0059569	0.00184875	0.00554723	0.00209211	0.0108971	0.00943176	0.429606	0.0410982	0.0101655	0.0287938	0.219312	0.0147685	0.0196632	0.016659	
0.0034367	0.107964	0.0043684	0.00415854	0.00451861	0.00215837	0.0300074	0.00228461	0.0288516	0.00211797	0.00214307	0.0305741	0.024253	0.0265829	0.0452874	0.0243566	0.073259	0.520267	0.0215524	0.0418582	
0.00182854	0.248889	0.0430357	0.0426511	0.020157	0.0179515	0.0368359	0.00141921	0.0018725	0.0150361	0.00425386	0.00383447	0.001337	0.0285085	0.0041558	0.0159829	0.407144	0.0739666	0.0157932	0.0153469	
0.0787109	0.00696521	0.025247	0.0444834	0.019337	0.0148331	0.344902	0.0126875	0.00582168	0.00847645	0.0175232	0.00501411	0.00174278	0.0636088	0.00606621	0.284429	0.0261083	0.0218921	0.011248	0.000903936	
0.251782	0.0111477	0.00386367	0.00507696	0.00226544	0.0428236	0.0716903	0.00312412	0.00330169	0.00137035	0.00958153	0.00823899	0.000647528	0.0456432	0.00346914	0.47123	0.052127	0.0015413	0.00732477	0.00375016	
0.00591972	0.0326091	0.00768369	0.00658347	0.0134031	0.00564895	0.0125758	0.0747934	0.0752801	0.0128462	0.211456	0.00470123	0.00911203	0.158666	0.00476052	0.0150963	0.00242864	0.276014	0.0270958	0.043326	
0.00719725	0.0389903	0.324765	0.29752	0.0405873	0.00182415	0.00438348	0.00716168	0.00662801	0.032908	0.0296992	0.0619821	0.0431768	0.0153295	0.00786358	0.0114071	0.0305829	0.00349268	0.0308268	0.00367423	
0.0324076	0.0168815	0.0445498	0.0484504	0.027114	0.0643075	0.0056645	0.136576	0.00763124	0.521918	0.0262418	0.00677603	0.00116698	0.00520049	0.00465225	0.0055918	0.00329248	0.0111273	0.00613248	0.0243181	
0.00440271	0.0115512	0.00401039	0.0154957	0.00710522	0.00388696	0.0118271	0.0828509	0.00781742	0.310953	0.0189719	0.0488075	0.000740319	0.00668999	0.0136808	0.00314009	0.01483	0.275924	0.0538321	0.103483	
0.00737035	0.0445908	0.0150366	0.437828	0.0453838	0.00118905	0.163345	0.018956	0.00145852	0.0146688	0.0277165	0.0500663	0.00573101	0.0187732	0.0112165	0.0282068	0.0376969	0.00357499	0.0377932	0.0293973	
0.0416092	0.0139919	0.130374	0.00701049	0.0427835	0.00928423	0.0136777	0.00918611	0.0772618	0.0223142	0.0113385	0.179227	0.00807208	0.0702603	0.0488442	0.0075129	0.261877	0.0123477	0.0174685	0.0155589	
0.0152709	0.00410549	0.00419697	0.26108	0.00299441	0.0474575	0.0114422	0.0162341	0.093091	0.00289753	0.00950748	0.104157	0.00212955	0.139871	0.0282774	0.112932	0.0938325	0.0389739	0.00882774	0.00272084	
0.081597	0.014738	0.00788747	0.0143845	0.0536621	0.0655783	0.413471	0.0136615	0.181804	0.00481895	0.019878	0.0212189	0.0021904	0.0155393	0.00987937	0.0244251	0.00836757	0.0291384	0.0140246	0.00373502	
0.00457928	0.017524	0.0214749	0.269929	0.0443128	0.00629376	0.114637	0.00144821	0.00358618	0.0147426	0.0231653	0.248282	0.00715483	0.0170373	0.00524009	0.0075899	0.14545	0.013255	0.0272566	0.00704163	
0.0335463	0.00471159	0.0275793	0.0218727	0.0135026	0.425068	0.0139648	0.00528209	0.00806572	0.00709523	0.028903	0.0756997	0.135673	0.0486703	0.00250051	0.062164	0.0590159	0.00535521	0.0124659	0.00886335	
0.13403	0.011338	0.0105959	0.00359205	0.00728902	0.00566951	0.0240356	0.00461373	0.11096	0.00394011	0.15964	0.00470667	0.0116443	0.0131539	0.196696	0.094079	0.161826	0.0199	0.0105904	0.0117007	
0.0268957	0.00166356	0.00789258	0.0782834	0.26433	0.0316896	0.00230144	0.0189048	0.0149585	0.114514	0.0498674	0.00932048	0.000746473	0.0141508	0.00409482	0.00306563	0.0202158	0.0171733	0.122292	0.19764	
0.0126364	0.693763	0.0303027	0.0217919	0.00334207	0.000947954	0.0217902	0.0126728	0.00290349	0.0200755	0.059364	0.0112036	0.00716409	0.011128	0.000346361	0.00233656	0.0498176	0.0371408	0.000917253	0.000355746	
0.186736	0.00415719	0.090803	0.0278025	0.00187861	0.0787165	0.0105297	0.00976306	0.13108	0.0216695	0.0187861	0.0993519	0.0598537	0.0476314	0.0436142	0.113952	0.0323267	0.010622	0.0054914	0.00523533	
0.31965	0.00421092	0.0215531	0.013736	0.00488777	0.00274212	0.00594511	0.00304586	0.0799895	0.00953505	0.0172817	0.0163667	0.191356	0.102527	0.0389053	0.110713	0.0334617	0.00584345	0.00579865	0.0124511	
0.00572507	0.0229239	0.0806058	0.0337926	0.0378734	0.0114001	0.00171348	0.0418522	0.0101224	0.000750767	0.02347	0.0196069	0.61295	0.002284	0.00999609	0.00920625	0.00216235	0.0297641	0.0227457	0.0210547	
0.029665	0.00903652	0.00870663	0.0128888	0.058039	0.00625509	0.0122308	0.186004	0.00841265	0.320735	0.0210274	0.0278212	0.00133318	0.0184837	0.00664877	0.00256831	0.0118467	0.1765	0.0348722	0.0469249	
0.024939	0.00518906	0.119924	0.147406	0.01843	0.0035593	0.258175	0.112627	0.0161018	0.0253979	0.0120713	0.00818099	0.0109489	0.0492006	0.00937639	0.132975	0.0143822	0.0128123	0.0168809	0.00142264	
0.0282145	0.0261027	0.0756869	0.0426288	0.00522715	0.0543807	0.0037251	0.0123459	0.0146383	0.60939	0.0171482	0.0380163	0.00200691	0.00347676	0.00377383	0.0016858	0.0149105	0.00538348	0.00448804	0.0367703	
0.113945	0.0041276	0.0560078	0.00257789	0.0547819	0.33954	0.0153731	0.00498646	0.037437	0.00896463	0.155567	0.0156621	0.00796613	0.0217143	0.118001	0.00309587	0.016975	0.00465174	0.00373012	0.0148947	
0.00987334	0.0129306	0.560757	0.0485307	0.0331679	0.024879	0.0037638	0.00132214	0.0440436	0.0362882	0.0110294	0.0712219	0.0090272	0.00710977	0.00113108	0.044285	0.0572278	0.00370455	0.0174353	0.00227216	
0.0132012	0.699128	0.0291448	0.0212364	0.00308201	0.000696599	0.0214781	0.0119045	0.00222275	0.0188142	0.058389	0.0120091	0.00706124	0.0115654	0.000346447	0.00243034	0.0494945	0.0367555	0.000792019	0.000248172	
0.0130156	0.00616278	0.0135581	0.0398895	0.00885688	0.00522605	0.0137056	0.00481448	0.0620706	0.0123281	0.0158134	0.0418812	0.00990322	0.0619237	0.00768326	0.360473	0.257995	0.0413232	0.0148941	0.00848224	
0.0106033	0.00130977	0.00387822	0.00224349	0.492963	0.00176719	0.00726492	0.148856	0.00460592	0.0436115	0.0188974	0.0016232	0.00367677	0.00624278	0.00434247	0.00370155	0.00672018	0.111424	0.087902	0.0383665	
0.180968	0.0196423	0.0431488	0.349846	0.0499417	0.00528392	0.0446044	0.0258855	0.00477655	0.0831178	0.0378854	0.0192753	0.00722722	0.0240318	0.0255779	0.0122078	0.011611	0.00231538	0.0309927	0.0216603	
0.112285	0.00216634	0.00221753	0.00138323	0.0622634	0.536482	0.0179022	0.0163017	0.0068358	0.0354625	0.0504816	0.0794928	0.00450077	0.0304805	0.000481107	0.0123545	0.00217101	0.00232771	0.0055367	0.0188733	
0.012413	0.0010653	0.011682	0.0112413	0.0418053	0.00159793	0.0114107	0.023746	0.00927362	0.0424353	0.0233449	0.0157718	0.00072952	0.00826768	0.000560815	0.00297955	0.0145832	0.0838759	0.616368	0.0668481	
0.0108076	0.00986358	0.00797898	0.007214	0.00279448	0.00573053	0.00295134	0.540116	0.00243186	0.198454	0.00310951	0.00218249	0.000484006	0.00609892	0.00879423	0.00214277	0.00166397	0.125735	0.0064471	0.0549995	
0.0045128	0.0028484	0.00408736	0.0311202	0.0128036	0.00523032	0.0116742	0.024508	0.0116661	0.304047	0.0206549	0.0456272	0.00140055	0.00900962	0.0101695	0.0031916	0.0261419	0.147163	0.0877991	0.236345	
0.0117069	0.000625412	0.00102452	0.000389532	0.0892158	0.705592	0.0117722	0.0210286	0.00213571	0.0342412	0.0391394	0.0458718	0.0034367	0.00714148	0.000184049	0.00260906	0.00252715	0.000471515	0.00213154	0.0187555	
0.0706769	0.0227587	0.00229184	0.0237635	0.0432218	0.136389	0.00213215	0.00132291	0.000908154	0.0171348	0.0345212	0.55488	0.00851279	0.0276182	0.00942913	0.0073818	0.0055466	0.0114937	0.0184251	0.00159181	
0.00578998	0.0192895	0.0847371	0.0336186	0.0343018	0.0122748	0.00117515	0.0412422	0.0092952	0.000937419	0.0235173	0.0210587	0.620316	0.00278275	0.00937866	0.0095467	0.00227313	0.0277783	0.0220682	0.0186184	
0.0782574	0.00688653	0.00904024	0.196796	0.00345694	0.0300367	0.0248644	0.002834	0.0551628	0.00671273	0.197683	0.0109929	0.00240682	0.163999	0.103531	0.0836434	0.00497335	0.00501847	0.00843243	0.00527173	
0.0110624	0.69748	0.0296851	0.0222133	0.00313567	0.000799899	0.0227182	0.0125427	0.00234777	0.0183676	0.0612856	0.0109598	0.00720205	0.0106997	0.000336795	0.00236166	0.0486914	0.0370505	0.000833977	0.000225597	
0.111383	0.0129015	0.387644	0.126453	0.033465	0.0439237	0.0148197	0.00946651	0.00946255	0.0531335	0.0319678	0.00769535	0.0116097	0.0441498	0.0140704	0.0174972	0.0442721	0.00525939	0.0165152	0.00430957	
0.0291252	0.00351937	0.134223	0.143114	0.0207775	0.00212038	0.193657	0.0374779	0.0098108	0.0698356	0.0148642	0.0431524	0.00230072	0.0157359	0.0184527	0.1482	0.0818091	0.010742	0.014114	0.0069678	
0.0235256	0.00453994	0.049314	0.0371495	0.134241	0.0826708	0.00328897	0.232973	0.00263802	0.282377	0.0982411	0.00255145	0.000508182	0.00457907	0.00115362	0.0137413	0.00359864	0.00613675	0.00801912	0.00875318	
0.0879185	0.0030256	0.101165	0.0582222	0.00258809	0.189442	0.00723011	0.0212075	0.0809054	0.0526716	0.0110535	0.118932	0.019623	0.0319686	0.0538615	0.0687885	0.0604516	0.0192712	0.00420985	0.00746382	
0.0717362	0.00776615	0.0825866	0.00480108	0.0168108	0.210516	0.0226491	0.303776	0.0144732	0.00752771	0.0125855	0.00631866	0.0183512	0.0329585	0.0152057	0.00539383	0.00528643	0.138179	0.00872599	0.0143531	
0.0870105	0.00361928	0.045306	0.0622534	0.0107183	0.00126622	0.00278767	0.0118766	0.105271	0.00127643	0.00702744	0.0047107	0.300317	0.131272	0.101441	0.0361786	0.0516102	0.0278056	0.00334392	0.00490812	
0.0615362	0.00707523	0.0572688	0.34894	0.017758	0.062939	0.0288253	0.0109949	0.00399339	0.00561059	0.0210861	0.0335257	0.00315454	0.0695	0.00659814	0.202391	0.0234589	0.00947789	0.0129925	0.0128733	
0.020589	0.000439255	0.0210953	0.0177573	0.0618689	0.000938197	0.00742359	0.0158909	0.0036584	0.0103462	0.0183099	0.0111715	0.00732029	0.0064585	0.000313435	0.00219929	0.0080966	0.0236524	0.688211	0.0742597	
0.0232231	0.0113525	0.0402371	0.0624002	0.00250171	0.0481256	0.0829526	0.0233146	0.031707	0.00231174	0.0287578	0.0637918	0.00166137	0.0551624	0.0187274	0.437116	0.013707	0.0350454	0.0140718	0.00383279	
0.0330115	0.000515202	0.00180752	0.0255918	0.0200621	0.033099	0.000576464	0.0463776	0.0124261	0.0451698	0.0468891	0.00194214	0.0105688	0.0153447	0.0111865	0.0023832	0.0131607	0.0503739	0.112435	0.517079	
0.0249622	0.0142742	0.0307505	0.0323199	0.00985186	0.0368727	0.0129658	0.594198	0.00369744	0.120609	0.0100796	0.00373465	0.00112537	0.0113428	0.00629512	0.00295004	0.00175429	0.0336324	0.00480127	0.043783	
0.0182897	0.0361243	0.00823677	0.00337074	0.0357205	0.00510674	0.0330657	0.167261	0.0130033	0.00654803	0.0501277	0.00576347	0.0166473	0.0451084	0.00411846	0.00598613	0.00159654	0.489074	0.0217843	0.0330668	
0.00525871	0.0378003	0.00522092	0.513267	0.0544501	0.00133656	0.0549898	0.0182688	0.000893326	0.030015	0.0295089	0.0461037	0.0143238	0.0123056	0.0185705	0.0183526	0.0282558	0.0023882	0.0566085	0.0520822	
0.014086	0.0125671	0.236659	0.0119029	0.0521739	0.0050652	0.0362848	0.0033831	0.155946	0.0173102	0.0145344	0.00575586	0.048356	0.0259886	0.261044	0.0107508	0.0520382	0.0199134	0.00683557	0.00940534	
0.0162579	0.00705844	0.110628	0.0884791	0.0278745	0.00102668	0.00153303	0.045183	0.0113766	0.000897728	0.00885392	0.0158603	0.571244	0.0084668	0.00999143	0.0279776	0.00732318	0.00645849	0.0183128	0.0151962	
0.0454098	0.00401494	0.0428043	0.1021	0.00395255	0.0149092	0.0110799	0.00297592	0.00963599	0.00579484	0.0199369	0.33179	0.00971904	0.0517681	0.0135504	0.230092	0.0717918	0.00776678	0.0138021	0.00710505	
0.393511	0.0116359	0.0135853	0.0124175	0.0094035	0.0139483	0.0113048	0.0174293	0.0541887	0.00462906	0.0318804	0.0446417	0.20656	0.0390486	0.0245013	0.0743897	0.00687801	0.00286536	0.0134282	0.0137537	
0.0925211	0.00355801	0.0527456	0.0702722	0.00424176	0.000890427	0.00161308	0.0158779	0.112648	0.000608213	0.0227938	0.00402375	0.291909	0.100279	0.0816251	0.0320195	0.0666956	0.0372851	0.00326249	0.00513061	
0.0176527	0.0134739	0.0317238	0.255118	0.0340628	0.0062044	0.15559	0.00473114	0.0041263	0.0162221	0.0322404	0.283576	0.00678325	0.0139017	0.0049787	0.00626705	0.0519614	0.0155875	0.0272603	0.0185385	
0.0364321	0.00661427	0.0558263	0.00827993	0.0330384	0.435939	0.0489801	0.0226799	0.0788735	0.045	0.0381731	0.0101731	0.0239725	0.0354239	0.00350813	0.0606859	0.0228545	0.00808728	0.0071467	0.0183114	
0.0124686	0.694474	0.028825	0.0221169	0.0030447	0.000880648	0.0212806	0.0119263	0.00234485	0.0196267	0.0612247	0.0112117	0.0075582	0.0106705	0.000346603	0.00239936	0.0506751	0.0377402	0.00094643	0.00023925	
0.0228817	0.000367909	0.00126288	0.0303842	0.212521	0.0295997	0.000781162	0.0130021	0.0274848	0.0096393	0.0267957	0.00268767	0.00578087	0.0254774	0.0229789	0.0047559	0.00755929	0.00920033	0.118094	0.428745	
0.00596478	0.0188615	0.0856503	0.034362	0.0386418	0.012544	0.00184632	0.0396639	0.00985729	0.000834858	0.0208594	0.0200612	0.615607	0.0021412	0.00982649	0.00957497	0.00231951	0.0277155	0.0233466	0.0203216	
0.0126858	0.000541103	0.000953885	0.000454234	0.0883178	0.703562	0.0115188	0.0221024	0.00210466	0.0347241	0.0376526	0.0471259	0.00455802	0.00736574	0.000135659	0.00212494	0.00277202	0.00042727	0.00214919	0.0187235	
0.0187156	0.00164048	0.15995	0.194408	0.00965328	0.00416733	0.0987098	0.0170773	0.0160178	0.0189905	0.0447009	0.129054	0.00454398	0.00738587	0.0150734	0.109411	0.0901147	0.0264684	0.0106086	0.0233079	
0.0159682	0.00232007	0.0095295	0.00737731	0.405563	0.00559912	0.0113002	0.0774874	0.0144669	0.122768	0.0348309	0.018104	0.00284718	0.00974646	0.00494532	0.00488779	0.0156272	0.142762	0.0468443	0.0470252	
0.0342706	0.00803267	0.194801	0.344245	0.0141596	0.00113207	0.0121518	0.0234616	0.0296055	0.0120532	0.0250037	0.127661	0.0599025	0.0102461	0.0108044	0.0427074	0.0164448	0.00860635	0.0183183	0.00639215	
0.0102932	0.0225535	0.259788	0.131481	0.0495531	0.00885873	0.00742987	0.00574848	0.00415734	0.0430453	0.0388528	0.265714	0.0505237	0.0204139	0.0237618	0.00802639	0.0117168	0.00642152	0.0274291	0.00423177	
0.0115971	0.00194803	0.00367516	0.0911491	0.0317272	0.00301666	0.0132335	0.0236805	0.00843796	0.234123	0.0106653	0.098662	0.00195867	0.00739189	0.00899117	0.0024607	0.0299024	0.129002	0.044284	0.244093	
0.0150168	0.00775268	0.00435684	0.373528	0.0904793	0.119503	0.0345157	0.0544888	0.00211797	0.056579	0.0606565	0.0297121	0.0229113	0.0189796	0.00273741	0.0130248	0.0329141	0.00491119	0.0174046	0.0384098	
0.00536528	0.0381885	0.00488803	0.510376	0.0555913	0.000952497	0.0563277	0.0192181	0.00091437	0.0298746	0.0289701	0.0466532	0.0138901	0.0121967	0.0194539	0.0180431	0.0289075	0.00243998	0.056372	0.0513772	
0.0262441	0.0261308	0.0744213	0.0427741	0.00765912	0.0575746	0.00467312	0.0154127	0.0143771	0.608856	0.0126954	0.0373546	0.00237046	0.00355202	0.00396803	0.00201553	0.0142318	0.0074497	0.00433939	0.0339	
0.0375557	0.0097136	0.0778327	0.00182645	0.0424182	0.00326346	0.0417798	0.00204944	0.162042	0.00627244	0.00664003	0.00243471	0.0972827	0.00372953	0.382107	0.00346023	0.00643045	0.0795702	0.00322059	0.0303707	
0.122343	0.00502616	0.0466575	0.128045	0.114047	0.0189898	0.328484	0.0128314	0.00483948	0.0425538	0.0109003	0.0082574	0.00134343	0.017067	0.00775114	0.102012	0.00709672	0.00419523	0.015965	0.00159471	
0.0378342	0.0103389	0.019156	0.0195989	0.0990852	0.0193068	0.0536887	0.0310472	0.0844384	0.266701	0.0283831	0.0178805	0.00247267	0.0786379	0.00562699	0.00632687	0.0238946	0.125275	0.0408939	0.0294135	
0.0123817	0.00081173	0.00536556	0.0296899	0.370245	0.29006	0.00193585	0.0546948	0.001381	0.0657465	0.122179	0.00140314	0.000552749	0.00467085	0.000721125	0.00172251	0.000491401	0.00824022	0.0122149	0.015492	
0.201039	0.0115069	0.00515831	0.00255219	0.00406553	0.0506242	0.0617824	0.00528344	0.00678263	0.00277868	0.00934686	0.00411059	0.00287906	0.0404908	0.00198593	0.50151	0.0676102	0.0076533	0.00785013	0.00499053	
0.0724866	0.0162303	0.0144985	0.00588998	0.010583	0.18269	0.0494992	0.0338507	0.00821825	0.00670616	0.0194367	0.037601	0.00446449	0.0431687	0.0272564	0.388524	0.0399701	0.0137843	0.0103821	0.0147599	
0.137759	0.0229836	0.0250827	0.00486243	0.0214939	0.0968237	0.03834	0.118919	0.0102408	0.0158994	0.0119295	0.0205826	0.0092501	0.0395137	0.00632992	0.0209075	0.0428068	0.307313	0.0175108	0.0314514	
0.0613771	0.00272381	0.126295	0.133359	0.00371754	0.0248979	0.0348807	0.00855847	0.0477627	0.00579449	0.0107186	0.21375	0.0372718	0.0142407	0.0673187	0.111644	0.070977	0.00709	0.00526151	0.0123611	
0.0290407	0.00899111	0.0402883	0.0724896	0.00791582	0.0120498	0.274523	0.0188654	0.00817532	0.0105553	0.0251532	0.0164721	0.0048663	0.0881768	0.0432684	0.28764	0.0159656	0.018921	0.0116154	0.0050271	
0.012179	0.00061403	0.00322197	0.00196485	0.478563	0.00181544	0.00247375	0.119182	0.00347721	0.066458	0.0383377	0.00176704	0.00313024	0.00380249	0.00344656	0.00504161	0.00458131	0.100226	0.0900079	0.0597092	
0.0117409	0.0148662	0.0104029	0.339019	0.0442995	0.00202503	0.0187853	0.0148344	0.00224492	0.0172737	0.0353833	0.0615036	0.00908804	0.186604	0.0695305	0.0579761	0.0359878	0.00734044	0.0320369	0.0290572	
0.0175846	0.00109417	0.0083323	0.0308062	0.454582	0.0704049	0.00377935	0.0905087	0.00560741	0.105429	0.0712128	0.00388391	0.00184512	0.00508758	0.00270375	0.00781107	0.00283302	0.0492345	0.0136105	0.0536491	
0.0117139	0.00310692	0.0872398	0.0395001	0.0520438	0.00191538	0.00154254	0.0655822	0.00537934	0.000848494	0.00736759	0.00389013	0.641857	0.00527613	0.0059121	0.0227653	0.00382274	0.00429651	0.0229851	0.012955	
0.190524	0.00360604	0.0767989	0.025808	0.00402551	0.00318913	0.00477915	0.00693264	0.147102	0.00701637	0.0142219	0.0360286	0.188729	0.0920972	0.066361	0.0844422	0.0253588	0.0146341	0.00390713	0.00443825	
0.0186849	0.00211948	0.187811	0.0825399	0.0813563	0.00493667	0.00134217	0.0172789	0.00696386	0.00179384	0.0224658	0.030371	0.393084	0.0128988	0.0151346	0.0201987	0.0167217	0.00400892	0.0268753	0.0534139	
0.00980314	0.00281073	0.045547	0.163902	0.00482454	0.00479601	0.0251944	0.00407009	0.0116376	0.0135251	0.00962506	0.0398877	0.00743309	0.116543	0.00635375	0.303808	0.201732	0.0119432	0.0110642	0.00549976	
0.0710564	0.00311305	0.0629011	0.138059	0.00122711	0.132144	0.00880817	0.0175271	0.0933825	0.00882514	0.0100835	0.10403	0.00878059	0.0791688	0.0403376	0.0982676	0.0814625	0.0313093	0.0061504	0.00336701	
0.0205376	0.0016079	0.0300141	0.0255243	0.13335	0.00129463	0.00996725	0.0196503	0.00562932	0.0118964	0.0201856	0.0164405	0.00799068	0.00864276	0.000376326	0.00245856	0.0108328	0.0217603	0.571523	0.0803177	
0.0350394	0.00582253	0.0380717	0.0155793	0.00345745	0.221471	0.00477148	0.00142383	0.0116156	0.00179034	0.0190441	0.0361259	0.268812	0.0967802	0.00578264	0.0616446	0.149339	0.00619378	0.0123914	0.00484297	
0.0657901	0.00496727	0.110476	0.0157263	0.0200515	0.142279	0.0105744	0.00588777	0.0259507	0.00599298	0.0319215	0.361446	0.0133294	0.0959027	0.00676989	0.0416505	0.0178819	0.00744171	0.005552	0.0104089	
0.0381718	0.0159816	0.135859	0.0878951	0.025108	0.0407288	0.266331	0.0121581	0.0046319	0.00709816	0.0164123	0.034479	0.00955479	0.00878078	0.00362888	0.0263884	0.0297895	0.215137	0.0187246	0.00314093	
0.0189682	0.00722652	0.11167	0.0609005	0.0062027	0.093414	0.0635553	0.0218605	0.0185963	0.0036731	0.00558635	0.018471	0.00315447	0.021785	0.00399274	0.120432	0.237657	0.157447	0.0117772	0.0136298	
0.0907803	0.00323497	0.00952542	0.00466036	0.0464185	0.0483448	0.0163061	0.00404652	0.011205	0.0445249	0.00836844	0.0785702	0.000780259	0.0406845	0.0443349	0.0354372	0.0987264	0.00694564	0.277251	0.129854	
0.0124121	0.00473123	0.374394	0.0718014	0.00418383	0.0564006	0.0117145	0.00294637	0.0310998	0.00355	0.0105544	0.0991413	0.00621755	0.0236302	0.00202481	0.139709	0.114952	0.0130587	0.0134319	0.00404692	
0.0113339	0.000509991	0.000741115	0.000347559	0.0902109	0.705736	0.0104672	0.0208245	0.00224232	0.0358259	0.0385703	0.0470353	0.00362993	0.0077599	0.000133291	0.00157125	0.00267965	0.000509043	0.00220698	0.0176646	
0.0572073	0.0231359	0.0115414	0.00952466	0.0134536	0.089638	0.0486019	0.0170113	0.0143989	0.0040178	0.00428929	0.0157232	0.00554726	0.036989	0.00635689	0.0515473	0.244946	0.304135	0.0188871	0.0230488	
0.00604157	0.00596768	0.0515465	0.0836739	0.00884263	0.00635041	0.0273191	0.00317398	0.0123883	0.00557905	0.00578406	0.0126396	0.0291344	0.0903529	0.00890727	0.340421	0.253952	0.0279041	0.0112626	0.00875956	
0.325548	0.00526398	0.0278125	0.00903111	0.00322384	0.0105724	0.0292299	0.0130365	0.20128	0.00823902	0.0560755	0.0463069	0.0601492	0.0503063	0.0274867	0.102924	0.00799121	0.00669485	0.00293495	0.00589285	
0.408563	0.00826269	0.00493287	0.00408473	0.00603124	0.0780565	0.0479885	0.0108757	0.0273713	0.0103255	0.0311973	0.0433023	0.00626605	0.0595311	0.0139277	0.216971	0.00305727	0.00230543	0.00830626	0.00864362	
0.0138727	0.694035	0.0294665	0.0235396	0.00298768	0.000816688	0.0221693	0.0110731	0.00256408	0.0196052	0.0609857	0.0117194	0.00654052	0.011503	0.000350475	0.00237972	0.0495414	0.0356838	0.000926668	0.000239141	
0.305856	0.00405908	0.0379384	0.00325669	0.00174983	0.00449857	0.00527905	0.00196307	0.104845	0.0131785	0.0188552	0.0370367	0.169465	0.0970808	0.0370662	0.131059	0.0128785	0.00206834	0.00311325	0.00875298	
0.0543307	0.0027579	0.143952	0.0229773	0.105855	0.00517142	0.0699438	0.0233998	0.0191454	0.0424092	0.019507	0.0320305	0.00477697	0.0134228	0.0103548	0.112606	0.0210877	0.0961196	0.041228	0.158924	
0.0959478	0.0028727	0.0195081	0.00707332	0.0414408	0.071848	0.0178534	0.00461107	0.0187774	0.0382927	0.0122313	0.0867765	0.00240568	0.0474767	0.0499803	0.0389191	0.0964964	0.00758221	0.233664	0.106243	
0.106756	0.00369885	0.00560582	0.00785937	0.0123021	0.458309	0.0498544	0.00827236	0.00977651	0.0150576	0.0334251	0.0297956	0.0414671	0.0551003	0.00126652	0.105429	0.0273086	0.00561378	0.0104308	0.0126707	
0.117071	0.00122164	0.116691	0.0568501	0.00262424	0.208019	0.00696158	0.00902867	0.0756365	0.0128415	0.0225373	0.111673	0.0192141	0.0423039	0.0400076	0.0687567	0.05946	0.0175078	0.00533465	0.00625919	
0.119737	0.00529571	0.064692	0.0199119	0.00423924	0.0402368	0.0121593	0.00525682	0.0811279	0.00629194	0.0211599	0.110062	0.178036	0.103037	0.0198747	0.151052	0.0257471	0.0170705	0.00514928	0.00986294	
0.130508	0.0194049	0.0138798	0.029276	0.00342476	0.0792805	0.060307	0.008461	0.0120438	0.00182819	0.0142372	0.00820858	0.00183419	0.0463448	0.00516327	0.49495	0.0417322	0.0142559	0.00927239	0.00558716	
0.0295374	0.000844351	0.0648835	0.0452313	0.529309	0.0714258	0.0261626	0.00139713	0.018929	0.000401784	0.0299467	0.054423	0.012063	0.0200363	0.0240295	0.000803134	0.0149674	0.00239837	0.0510697	0.00214075	
0.0178094	0.000239668	0.00124972	0.0292181	0.310561	0.0241816	0.00181596	0.00787709	0.0368352	0.00316421	0.015515	0.00241421	0.00691706	0.0328427	0.0316186	0.00532814	0.00605129	0.00346261	0.0612538	0.401644	
0.0695228	0.0121898	0.0564141	0.0119645	0.0444333	0.00244935	0.02678	0.00492738	0.0535031	0.0126426	0.0121536	0.0168824	0.0320228	0.00822104	0.528692	0.00501551	0.00945367	0.0492952	0.00976748	0.0336697	
0.0465162	0.00572991	0.00604993	0.0619346	0.0124582	0.00992989	0.0535035	0.00405756	0.00296811	0.00774164	0.0323982	0.463471	0.00833108	0.0252894	0.00573673	0.184494	0.0191147	0.0292296	0.0186734	0.00237164	
0.00790128	0.128297	0.0119474	0.00790132	0.00856121	0.0123648	0.00901348	0.0464292	0.00541248	0.249482	0.305529	0.0115638	0.000930621	0.00746944	0.00332215	0.0036749	0.00291804	0.0763807	0.0364569	0.0644454	
0.0109437	0.00977384	0.00446559	0.0154046	0.0171673	0.00343218	0.0180534	0.0839479	0.0056869	0.220765	0.0091253	0.133876	0.00126903	0.0107428	0.0478585	0.00470013	0.0369363	0.267726	0.0159124	0.0822138	
0.020727	0.000464185	0.0194415	0.0166987	0.0610379	0.000949874	0.00774805	0.0168969	0.00328143	0.0101903	0.0174813	0.0128481	0.0087216	0.00663961	0.000272519	0.00227775	0.0092996	0.024521	0.687921	0.0725815	
0.0273937	0.00458637	0.0501343	0.0415136	0.156805	0.0782456	0.0059515	0.184036	0.00527259	0.326406	0.062634	0.0100402	0.000918264	0.00675653	0.00195386	0.0090735	0.00346109	0.00938303	0.00481721	0.0106176	
0.00615427	0.0207109	0.035669	0.015007	0.0251153	0.0128904	0.0428005	0.224824	0.00801387	0.00515223	0.00373656	0.0179112	0.00853757	0.0488218	0.0118095	0.0155491	0.26967	0.173825	0.0221445	0.0316569	
0.110465	0.00730866	0.0090222	0.0232707	0.0552186	0.0730962	0.335697	0.00858324	0.218915	0.00624933	0.0153844	0.036927	0.00412979	0.0284874	0.0205303	0.0121872	0.00323879	0.0148912	0.00833296	0.00806609	
0.0430301	0.0105845	0.0325056	0.00915719	0.0818778	0.0309661	0.0210637	0.0387679	0.290771	0.0230619	0.0235213	0.0154791	0.0112721	0.157594	0.0665519	0.0212022	0.0102109	0.0251732	0.00807076	0.0791386	
0.105756	0.00157735	0.125786	0.0657945	0.00175758	0.204115	0.00791814	0.00951173	0.0825038	0.0132548	0.0101363	0.121112	0.0188114	0.0319314	0.0311675	0.0805289	0.0626938	0.0174997	0.00421596	0.00392902	
0.106284	0.00128318	0.152429	0.0556213	0.00260234	0.211159	0.00543901	0.0076916	0.0676616	0.00967419	0.00843756	0.123093	0.0389421	0.0345036	0.0231529	0.0738978	0.05213	0.0182313	0.00320477	0.00456158	
0.106062	0.00148208	0.123782	0.0721529	0.00172454	0.150089	0.00896952	0.0078642	0.0702041	0.0122906	0.00870854	0.147249	0.0356401	0.0306201	0.0511163	0.0836139	0.0638143	0.0136855	0.0033993	0.00753129	
0.0335772	0.000496474	0.00173893	0.0242449	0.0226367	0.0337451	0.000599712	0.0461439	0.0115729	0.0449421	0.0476022	0.00184449	0.0108644	0.0163181	0.0116287	0.00226298	0.0138383	0.0484032	0.109868	0.517671	
0.00982363	0.0141427	0.142526	0.0494695	0.0317126	0.00260384	0.0017153	0.0395045	0.00541771	0.000688917	0.01114	0.0125993	0.600518	0.00427986	0.00784759	0.0210702	0.00476112	0.00471603	0.0207198	0.0147434	
0.0119836	0.00629775	0.0120673	0.0062989	0.21734	0.00752602	0.025081	0.0410771	0.048334	0.0563184	0.00583652	0.0590979	0.00442982	0.0223433	0.00732659	0.00613419	0.0576714	0.249233	0.112965	0.0426381	
0.0921059	0.0146392	0.00671807	0.0209234	0.0810197	0.0114482	0.0178677	0.214043	0.0134841	0.142236	0.0239244	0.0609091	0.00241272	0.102148	0.00672432	0.00520506	0.00803628	0.134399	0.0202086	0.0215463	
0.0700194	0.00189298	0.0787058	0.113594	0.0174344	0.000585902	0.00872142	0.0110907	0.154356	0.00352185	0.00713212	0.00349059	0.207266	0.106496	0.0785695	0.0481476	0.0519903	0.0249988	0.00381351	0.00817293	
0.146931	0.00447828	0.0397623	0.00237893	0.0500183	0.316748	0.0145006	0.0028948	0.036615	0.00801148	0.156041	0.0222626	0.00587926	0.030427	0.123128	0.00259004	0.014096	0.00281181	0.00313164	0.017294	
0.0105143	0.00357089	0.105768	0.201441	0.00285626	0.0067574	0.0147962	0.00189429	0.00734326	0.00661058	0.00858433	0.0155469	0.00861816	0.156922	0.00794011	0.23478	0.185188	0.00878248	0.00874624	0.00333911	
0.0197843	0.000261821	0.00135408	0.0290375	0.262822	0.0254576	0.000764927	0.00930861	0.0319888	0.00570137	0.0186693	0.0025536	0.00685476	0.0292376	0.0272863	0.00538824	0.00812746	0.00538866	0.0930395	0.416974	
0.0418541	0.0200806	0.00707039	0.0297315	0.0227192	0.0126254	0.00765678	0.0616162	0.0121252	0.0551495	0.023553	0.261284	0.00949775	0.0441987	0.07995	0.0100003	0.117462	0.150347	0.0193593	0.0137194	
0.0335144	0.0197429	0.00443132	0.0368803	0.0415879	0.0929012	0.00451908	0.00307995	0.00152033	0.0212016	0.0429171	0.528868	0.00876073	0.0365372	0.0197111	0.0128734	0.0418322	0.0244662	0.021562	0.00309362	
0.00670262	0.0270274	0.0739938	0.0696687	0.0425497	0.0196067	0.0225909	0.00168656	0.00674662	0.0243419	0.0173282	0.274149	0.0489343	0.0321226	0.0155162	0.00489003	0.264551	0.0192062	0.0217693	0.0066184	
0.0398113	0.00326544	0.0385868	0.172531	0.00365111	0.115158	0.00921863	0.0146267	0.101147	0.00711567	0.00814528	0.103698	0.00778074	0.0932451	0.0339251	0.102919	0.101893	0.0319508	0.0072206	0.0041111	
0.10065	0.00170158	0.116548	0.0560014	0.00549082	0.26805	0.00555937	0.00835405	0.0675796	0.0125506	0.0143894	0.0963458	0.0224636	0.0388265	0.0297863	0.0605312	0.063178	0.0217724	0.00433483	0.00588651	
0.0614856	0.00568998	0.00862739	0.154752	0.0516489	0.0396546	0.0285836	0.00311669	0.0596388	0.00813506	0.160772	0.00314324	0.00699859	0.17418	0.133255	0.0506512	0.00413454	0.00506916	0.00632925	0.0341348	
0.015405	0.021615	0.374059	0.121146	0.0322928	0.00805678	0.00316909	0.0108454	0.0154028	0.00197044	0.0150021	0.0458111	0.212013	0.0254442	0.00633609	0.0317041	0.0168656	0.00380888	0.0244791	0.0145732	
0.00642219	0.0408616	0.00476158	0.00827152	0.00620879	0.00423056	0.00946683	0.10634	0.0244231	0.0660015	0.231141	0.00599194	0.00134006	0.0628394	0.00400377	0.00499962	0.00202988	0.305854	0.0491309	0.0556825	
0.0326928	0.0282308	0.0473393	0.0430634	0.0115956	0.0507873	0.00469423	0.0694671	0.0092673	0.570707	0.0500141	0.00889512	0.00144795	0.0048901	0.00568061	0.00308483	0.0052154	0.0127484	0.00583968	0.0343391	
0.00845486	0.000630193	0.00391715	0.0028798	0.435041	0.0017769	0.00434629	0.106896	0.00512689	0.0427256	0.0540789	0.00280765	0.0091834	0.0150532	0.00386629	0.0040967	0.00316117	0.130046	0.0881652	0.0777473	
0.0209289	0.00695334	0.0106174	0.00996038	0.284839	0.0208503	0.00475003	0.114415	0.00629111	0.136648	0.148477	0.00275563	0.00146298	0.00637172	0.00236477	0.00580785	0.00614837	0.0796568	0.0605027	0.0701985	
0.019997	0.000449074	0.020801	0.0172615	0.063127	0.000809529	0.00831465	0.0161379	0.00334247	0.0101301	0.0171543	0.0113993	0.0085784	0.00588613	0.000266575	0.00230084	0.00877744	0.0239112	0.687419	0.0739361	
0.011915	0.000561512	0.000554698	0.000379635	0.0885978	0.708146	0.0104416	0.0220525	0.00203483	0.0353578	0.038092	0.0466403	0.00324253	0.00708673	0.000149825	0.00138828	0.0027086	0.000431058	0.00201473	0.0182051	
0.0141582	0.011021	0.0150448	0.00694748	0.0355007	0.0498877	0.0342777	0.510039	0.00508909	0.0182149	0.00367458	0.0037206	0.021399	0.028134	0.00782355	0.0104777	0.00166062	0.187736	0.0158181	0.0193748	
0.0638781	0.0326931	0.0124846	0.0532	0.0494143	0.0587443	0.461578	0.0228575	0.043643	0.00490347	0.0323126	0.0378711	0.00263062	0.00501606	0.00443905	0.0287543	0.0212911	0.0446526	0.0179418	0.00169399	
0.0616065	0.0712173	0.00846863	0.0359349	0.0307884	0.0447002	0.474659	0.0403259	0.01697	0.00306468	0.0404465	0.00368801	0.00111493	0.0030478	0.00184354	0.0480458	0.0370395	0.0578698	0.0186746	0.000494281	
0.00699554	0.0139337	0.0954684	0.0394602	0.0304796	0.00753829	0.00140223	0.0486407	0.00493866	0.000919657	0.0130193	0.0118002	0.645669	0.00313376	0.00604623	0.0166462	0.00376947	0.0151811	0.0228549	0.0121029	
0.0624	0.00665437	0.112354	0.0533579	0.00444286	0.0279872	0.00736275	0.11164	0.0261402	0.00154866	0.02115	0.0664256	0.201105	0.022837	0.0166278	0.0354844	0.0110451	0.195855	0.0105795	0.00500245	
0.0172704	0.00529745	0.412565	0.0478745	0.00386091	0.0361523	0.0101371	0.00224046	0.0264125	0.0048325	0.0150232	0.126054	0.00430585	0.0173064	0.00320002	0.125205	0.115773	0.00764519	0.0146465	0.00419666	
0.145853	0.00572469	0.145622	0.207823	0.0181742	0.0297249	0.0339537	0.0509455	0.0132283	0.114417	0.0287086	0.0114987	0.00342574	0.0237342	0.00609523	0.0323328	0.0739725	0.0361629	0.0119819	0.00662076	
0.133203	0.00635519	0.135592	0.0481762	0.00521881	0.193716	0.00758375	0.00688972	0.0828519	0.012447	0.0105121	0.0964647	0.0198182	0.0454528	0.0274726	0.0583655	0.0652157	0.0237104	0.01245	0.00850525	
0.0322182	0.0232113	0.146489	0.411323	0.0223012	0.00516642	0.0245832	0.00935209	0.017545	0.0253247	0.0158774	0.0244397	0.0148818	0.0317243	0.00779179	0.0556522	0.0926386	0.0112581	0.0201921	0.0080305	
0.223103	0.0210716	0.0230953	0.0238981	0.0282267	0.0650977	0.0434697	0.01041	0.0044477	0.00478415	0.0515805	0.0343134	0.00692262	0.297092	0.00366375	0.0835566	0.0371242	0.00972522	0.0193371	0.00908089	
0.0572252	0.00809168	0.0868318	0.0110931	0.0292301	0.0148444	0.0161308	0.0180251	0.0723174	0.0095996	0.0111784	0.141055	0.0145012	0.119931	0.0779212	0.014321	0.223318	0.0133485	0.032823	0.0282132	
0.111934	0.00155655	0.147572	0.0601427	0.00211189	0.194142	0.00607091	0.00845641	0.0786928	0.0116725	0.00846022	0.113936	0.0221767	0.0317857	0.0297893	0.0758595	0.0664693	0.0205091	0.00399581	0.00466657	
0.0324191	0.0175929	0.0423481	0.0489928	0.00722953	0.0217495	0.00683367	0.0513675	0.0240481	0.522081	0.0345307	0.0310415	0.00160511	0.0066874	0.0293664	0.0042152	0.0176446	0.041139	0.00851726	0.050591	
