565	20
0.0100909	0.00715579	0.0529513	0.156029	0.0330737	0.00245657	0.0595709	0.0119627	0.18575	0.0774124	0.113149	0.0683864	0.0372181	0.0505712	0.0512084	0.00850628	0.03398	0.0214051	0.0119661	0.00715593	
0.130247	0.0154901	0.0193937	0.0087284	0.0119315	0.0308958	0.0320867	0.0240901	0.0306166	0.0186952	0.141397	0.0756707	0.0112825	0.0235838	0.0584239	0.0936427	0.168225	0.066185	0.0112843	0.0281306	
0.0968057	0.0254104	0.00293956	0.00559074	0.108454	0.00192425	0.0128971	0.183525	0.0147922	0.15199	0.165223	0.00534988	0.000434017	0.029216	0.000758548	0.0113802	0.0325185	0.0997334	0.0314021	0.0196558	
0.0954069	0.0272315	0.00351176	0.00650625	0.110842	0.00225789	0.01517	0.181757	0.0131395	0.149742	0.15353	0.00538377	0.00099067	0.0272547	0.00112699	0.0113351	0.0315256	0.10774	0.0346831	0.0208652	
0.106262	0.0299742	0.00301087	0.00619976	0.107907	0.00206986	0.0144397	0.178679	0.0143557	0.150403	0.157929	0.00454294	0.000299038	0.0268381	0.000599522	0.0126625	0.0323403	0.103333	0.0263994	0.0217555	
0.106221	0.0140084	0.00727822	0.0213005	0.0344224	0.0434959	0.0247166	0.171721	0.0221899	0.202204	0.0454972	0.0879782	0.0026206	0.0334688	0.00761698	0.016933	0.0217779	0.0984303	0.0180188	0.0201003	
0.105289	0.0259336	0.0154655	0.0126769	0.115413	0.00213287	0.0142345	0.164388	0.0144257	0.149284	0.172937	0.00272796	0.000744155	0.0285127	0.000932473	0.0161765	0.0427527	0.078175	0.0226266	0.0151713	
0.124544	0.0546331	0.00537979	0.012978	0.105333	0.00662823	0.0317496	0.125834	0.0092398	0.111038	0.0739163	0.00544095	9.68375e-05	0.0546561	0.000806445	0.0104934	0.0352539	0.0976206	0.0203435	0.114015	
0.101335	0.0245234	0.0039095	0.00561543	0.105427	0.00262576	0.0131996	0.183556	0.017208	0.153742	0.169219	0.00477244	0.000448013	0.0274819	0.000680531	0.0121407	0.0359415	0.0912376	0.0285369	0.0183998	
0.0983992	0.0409341	0.0075956	0.0161222	0.149092	0.00196794	0.0229621	0.160641	0.0102697	0.151048	0.115954	0.00202968	0.00371031	0.0176227	0.000301405	0.0135591	0.0294438	0.107202	0.0324946	0.0186512	
0.131241	0.0656099	0.00498209	0.00708059	0.0838265	0.00782932	0.0269982	0.146731	0.0195033	0.15178	0.114591	0.00275096	0.000398388	0.0180664	0.000799396	0.0253368	0.0345897	0.121322	0.0168866	0.0196763	
0.0991744	0.0412085	0.0069535	0.0157105	0.14769	0.00199781	0.0230525	0.160842	0.0103861	0.15109	0.117028	0.00205028	0.0037012	0.0174394	0.000300465	0.0134628	0.0295045	0.107646	0.0322222	0.0185399	
0.122769	0.0193353	0.00386908	0.00704243	0.200333	0.0121873	0.0228377	0.105109	0.00879718	0.0800841	0.0415603	0.0159022	0.00481146	0.0383441	0.00356728	0.0165878	0.0505244	0.187086	0.0190587	0.0401931	
0.0672902	0.00107546	0.145746	0.0468952	0.0231035	0.080831	0.0117305	0.0167898	0.0401486	0.0491809	0.00216379	0.0745946	0.0101934	0.104853	0.00400385	0.0634386	0.118248	0.0779627	0.00778672	0.0539639	
0.299477	0.158738	0.00225541	0.00133612	0.00302215	0.0648787	0.00367507	0.0549749	0.00204823	0.00780763	0.0470533	0.00918023	0.000684289	0.0276673	0.00065378	0.149826	0.0413967	0.0697727	0.0112511	0.044302	
0.0881926	0.00978031	0.295572	0.0084723	0.0121667	0.0434689	0.0170223	0.00493115	0.0130878	0.0116814	0.0451721	0.00373419	0.0168835	0.143631	0.00319158	0.100774	0.0475804	0.0977743	0.0238202	0.0130632	
0.00828479	0.0534806	0.0551733	0.0868748	0.0406825	0.00153407	0.0634955	0.0243155	0.153701	0.0585965	0.115703	0.0787093	0.0155033	0.0903878	0.0813109	0.00574568	0.0362109	0.0193809	0.00843766	0.00247158	
0.0168154	0.00358403	0.00980716	0.0305695	0.0509329	0.0617091	0.0237843	0.161483	0.0136783	0.234855	0.0366196	0.00971354	0.0540613	0.012551	0.00517445	0.00435338	0.0177235	0.0500162	0.02192	0.180649	
0.0444731	0.008554	0.0215282	0.010013	0.00681634	0.214454	0.0138	0.021617	0.0299781	0.129637	0.0345594	0.0214222	0.11295	0.0362818	0.0187328	0.0432928	0.138945	0.0193675	0.0316079	0.0419696	
0.131258	0.00305142	0.0599327	0.0337744	0.0101796	0.317364	0.00640011	0.00445517	0.0321951	0.0117168	0.0230975	0.133614	0.0182001	0.0362343	0.0245184	0.0603691	0.035423	0.0192106	0.00978449	0.0292211	
0.126984	0.000856221	0.0897732	0.0345692	0.00942491	0.289717	0.00453225	0.00353789	0.0382152	0.0072617	0.00427145	0.146603	0.0247677	0.0369938	0.0246424	0.0849801	0.0413359	0.0155183	0.00205328	0.0139621	
0.053662	0.00156563	0.0807267	0.00647624	0.0184529	0.13453	0.018777	0.0120218	0.0329709	0.0490039	0.00236416	0.0716516	0.0109963	0.106367	0.00366831	0.0645106	0.140778	0.0987025	0.00522847	0.087546	
0.05751	0.00169968	0.216615	0.0724197	0.0134311	0.0308348	0.0185806	0.00734602	0.0426721	0.00572711	0.00356265	0.184799	0.0330266	0.0408726	0.016074	0.119506	0.105528	0.00982301	0.00765921	0.0123132	
0.134819	0.000967507	0.0641551	0.0319703	0.010283	0.290526	0.00450351	0.0091497	0.0453885	0.0147176	0.00702704	0.127964	0.0210964	0.0430417	0.0284647	0.077394	0.0390323	0.0216946	0.00288821	0.0249171	
0.185151	0.00331853	0.0165078	0.00806167	0.00506839	0.0460398	0.00631753	0.0073731	0.0274191	0.0496905	0.0278371	0.0786215	0.00182537	0.018937	0.0981287	0.123363	0.0867745	0.00548875	0.0510502	0.153027	
0.0386749	0.0131646	0.550337	0.0139017	0.0421791	0.00805721	0.00182856	0.0205211	0.0102584	0.00366378	0.0237974	0.0291588	0.195689	0.00923668	0.012188	0.0021178	0.000967227	0.00110972	0.018854	0.0042952	
0.00686995	0.0126396	0.0259415	0.0693793	0.0375373	0.00366633	0.036383	0.0239872	0.216046	0.0205204	0.00902706	0.0210345	0.0374391	0.0281253	0.0830777	0.0140079	0.174529	0.128398	0.0179748	0.0334155	
0.018764	0.019622	0.0269951	0.0247638	0.0211066	0.0306931	0.0235239	0.574344	0.00418268	0.12169	0.0168698	0.00453418	0.0013246	0.0133884	0.00175194	0.00227878	0.00090663	0.0426553	0.0148027	0.0358017	
0.036095	0.723207	0.0274373	0.015647	0.00167309	0.00105801	0.00893771	0.0165297	0.00323854	0.0464014	0.066532	0.0131828	0.00422765	0.00661104	0.000750823	0.000272839	0.00758008	0.0188823	0.00121185	0.000524027	
0.00168489	0.0164152	0.00323582	0.00225111	0.00389465	0.0223899	0.0183639	0.559573	0.00167623	0.200339	0.0369119	0.00206734	0.000553111	0.00466591	0.000596232	0.000726386	0.000445407	0.0912931	0.00700011	0.0259169	
0.00190611	0.000550077	0.000369938	0.000546215	0.0967257	0.678334	0.00430213	0.005662	0.00272454	0.0124371	0.0246194	0.061319	0.0101483	0.00862513	0.000128288	0.000788548	0.0156983	0.000452957	0.00108227	0.0735804	
0.0656289	0.00119441	0.00252922	0.0199259	0.0623033	0.0351575	0.230725	0.0240883	0.0213186	0.00535626	0.0338837	0.00160748	0.00224961	0.00302311	0.00388892	0.0142757	0.0319171	0.0468083	0.038742	0.355377	
0.0639629	0.0232891	0.00997381	0.039876	0.0147005	0.0333869	0.507953	0.0115435	0.00521916	0.078511	0.0209314	0.0052814	0.000968959	0.0722599	0.00292294	0.00935777	0.0490739	0.0181655	0.0310795	0.00154296	
0.494219	0.0117025	0.00385999	0.00407119	0.00741062	0.018737	0.0217977	0.00847163	0.0204332	0.00382615	0.0398777	0.00736955	0.00201983	0.0282981	0.00756257	0.261304	0.00474759	0.00225211	0.0404389	0.0116005	
0.00150841	0.0195046	0.00698853	0.00721802	0.0134573	0.00586359	0.00533564	0.00324822	0.00573069	0.00394776	0.00408895	0.269119	0.0135783	0.0337598	0.0119343	0.00491968	0.165699	0.389926	0.0288265	0.00534583	
0.111969	0.013768	0.00213178	0.114409	0.0157012	0.0176417	0.00535158	0.0204804	0.00365507	0.00100402	0.0236992	0.518377	0.0708244	0.0174931	0.0065756	0.0119235	0.0024866	0.0129806	0.0243273	0.00520204	
0.00226074	0.00241206	0.00604432	0.159417	0.000606494	0.00519709	0.0117893	0.00335988	0.00727281	0.000383073	0.0160844	0.521791	0.000155273	0.0261231	0.123126	0.0848602	0.00773948	0.0106983	0.00739168	0.0032878	
0.00301574	0.00600065	0.00688286	0.00272993	0.0467231	0.435268	0.0601515	0.00239951	0.00331469	0.00381647	0.00987317	0.0498274	0.000904337	0.026793	0.00144843	0.0377367	0.21622	0.00887045	0.0228738	0.05515	
0.00352676	0.0394636	0.155368	0.241663	0.0628682	0.00202209	0.0831632	0.00124176	0.0101336	0.0215348	0.00713821	0.000980741	0.00155407	0.00544001	0.00355569	0.0170706	0.30143	0.0030004	0.0359379	0.00290743	
0.00316863	0.00255114	0.0123951	0.00236049	0.00908345	0.016065	0.00360356	0.0632131	0.0881842	0.0192724	0.202298	0.00382981	0.000968267	0.153362	0.00749507	0.0128832	0.125824	0.0104111	0.0170233	0.246009	
0.00237975	0.0203118	0.00427701	0.00547631	0.0041703	0.0016499	0.0419053	0.0304347	0.0104274	0.00123761	0.00310378	0.0517979	0.0188883	0.0280264	0.00982493	0.0120189	0.0448551	0.616566	0.0393303	0.0533185	
0.0195933	0.0434557	0.496514	0.0024151	0.0410704	0.00244568	0.00613113	0.00519792	0.154034	0.0348928	0.0150281	0.0754943	0.0348503	0.00731105	0.0153108	0.00458325	0.00544528	0.00870243	0.0233242	0.00419994	
0.0024402	0.0371158	0.0472567	0.0633088	0.0449445	0.0599849	0.0494453	0.000711411	0.0023775	0.0155417	0.00427116	0.00865359	0.00126293	0.0279323	0.00369517	0.00592632	0.486985	0.0531758	0.0413323	0.043639	
0.00519362	0.0194442	0.00416808	0.00392878	0.00573953	0.01774	0.0292741	0.462421	0.00474019	0.243388	0.039885	0.00552018	0.000937019	0.0110672	0.00139377	0.00178995	0.000844849	0.107356	0.0131888	0.0219808	
0.00309278	0.010007	0.0320894	0.0587588	0.0113457	0.0909217	0.0236107	0.0583618	0.00366035	0.166986	0.17566	0.0422722	0.00370786	0.0234172	0.00261112	0.0234462	0.224223	0.00245295	0.0148695	0.0285057	
0.00253005	0.0570612	0.260413	0.383986	0.0697911	0.00344945	0.00244123	0.00459385	0.000380922	0.0420829	0.0539221	0.0365031	0.0332184	0.00715145	0.00582233	0.00112916	0.00573053	0.00124607	0.0269926	0.00155429	
0.0167038	0.00239266	0.144156	0.0744903	0.0199176	0.00459487	0.00823327	0.00327098	0.104349	0.0132197	0.00931684	0.0951507	0.196825	0.0681712	0.0617649	0.062452	0.0786523	0.020069	0.00491567	0.0113541	
0.0287155	0.00951283	0.0255348	0.00461185	0.0511087	0.162638	0.027949	0.00695936	0.0115713	0.016033	0.0231274	0.444241	0.00554466	0.11631	0.014814	0.00762377	0.0108599	0.0138533	0.0156435	0.00334734	
0.00481172	0.0304711	0.00849176	0.0321229	0.00294091	0.00128771	0.126724	0.141548	0.00197737	0.00403662	0.00761347	0.00680172	0.0128157	0.012661	0.00293504	0.0081563	0.00543065	0.518814	0.0371322	0.0332274	
0.00942827	0.0205517	0.0129335	0.328344	0.0310142	0.00251897	0.00724706	0.00107195	0.001459	0.00197118	0.0104698	0.00451805	0.343224	0.0344778	0.00341743	0.0107006	0.114431	0.00432339	0.0308069	0.0270912	
0.00139185	0.0251584	0.00445648	0.00447977	0.00505434	0.00263314	0.0404546	0.0117483	0.0162773	0.00190253	0.00181883	0.0815352	0.0192947	0.0321124	0.0170534	0.0182724	0.0918939	0.554541	0.0360606	0.033861	
0.0128833	0.0274264	0.00971004	0.0187348	0.0136907	0.00979111	0.0537795	0.00173918	0.00445898	0.0101576	0.00537578	0.00744206	0.00203585	0.03868	0.00924625	0.00686214	0.517756	0.170113	0.0408091	0.0393073	
0.0150739	0.00327685	0.0129399	0.0591583	0.0246769	0.00459313	0.290838	0.00325558	0.00275161	0.00437793	0.0379642	0.132309	0.00215045	0.0493102	0.012559	0.215887	0.0829663	0.0248833	0.0195142	0.00151378	
0.408638	0.0498521	0.00347999	0.00908094	0.0024236	0.0543292	0.0205314	0.00710056	0.0234853	0.00305816	0.0460097	0.014337	0.000668406	0.0399027	0.0215789	0.21973	0.0357701	0.0196667	0.0109149	0.00944186	
0.00132091	0.0176837	0.00487504	0.0116858	0.00457989	0.00493067	0.0170824	0.038637	0.106404	0.00405786	0.218446	0.00326927	0.00237889	0.204425	0.00242827	0.0090853	0.101743	0.156227	0.0353025	0.055438	
0.00237748	0.0579843	0.266929	0.37954	0.0709647	0.00327075	0.00209246	0.0043656	0.000381373	0.0423433	0.0543215	0.0340403	0.0330634	0.00725329	0.00548941	0.0010228	0.00525342	0.00113857	0.0269061	0.00126181	
0.0052916	0.0178687	0.0312608	0.0983875	0.00615605	0.0362032	0.0153523	0.11344	0.00553445	0.377734	0.0094604	0.043485	0.00169296	0.0196844	0.00231101	0.0034847	0.134493	0.00955692	0.0105667	0.0580361	
0.00482071	0.027263	0.00287303	0.00373156	0.00472908	0.00535819	0.00487036	0.112735	0.00615049	0.298085	0.00668474	0.00632948	0.000473229	0.00467691	0.00227605	0.00660122	0.00358562	0.428396	0.00608391	0.0642761	
0.00718333	0.0185715	0.00512703	0.383145	0.049644	0.00322585	0.151665	0.0314628	0.00202821	0.0231894	0.0472054	0.0415765	0.0117838	0.100863	0.00416044	0.0382302	0.0429538	0.00443136	0.0265237	0.00702938	
0.00806497	0.00241317	0.157656	0.00891311	0.0119116	0.01148	0.00674144	0.00168542	0.0719052	0.00647524	0.00362571	0.229847	0.00480636	0.0252141	0.0281369	0.172374	0.232225	0.00673095	0.00469963	0.00509456	
0.0598397	0.00214449	0.155902	0.226602	0.00499409	0.00848762	0.0128532	0.0105639	0.0511376	0.00680503	0.00692007	0.126892	0.000463802	0.143757	0.0168341	0.0726885	0.0605363	0.0129363	0.0122045	0.00743743	
0.028419	0.00722404	0.00397083	0.0108391	0.0204827	0.0716127	0.3727	0.00847545	0.164439	0.00298848	0.0280319	0.0666092	0.0334838	0.0152779	0.00946101	0.0644903	0.0442813	0.0254824	0.0194596	0.00227176	
0.0035884	0.0146397	0.00710059	0.201455	0.00813819	0.00951512	0.0743249	0.0798619	0.00279632	0.147103	0.0681519	0.181852	0.00187677	0.0157835	0.00228078	0.00404281	0.148587	0.00425989	0.0205851	0.004058	
0.0241951	0.00293325	0.0797462	0.0158665	0.0143797	0.352588	0.00805226	0.00556286	0.00663775	0.00180189	0.015258	0.0551349	0.376593	0.00507951	0.000644545	0.00811854	0.00402592	0.00178849	0.00462021	0.0169736	
0.0648559	0.0136738	0.0134313	0.127334	0.0100755	0.00577676	0.0462883	0.00262447	0.188833	0.0127915	0.177943	0.0127389	0.0155485	0.0208149	0.116895	0.046227	0.0813934	0.00589103	0.0158516	0.0210123	
0.025896	0.00195035	0.0173973	0.03849	0.282226	0.0245966	0.00344578	0.123659	0.00491249	0.188997	0.00982435	0.0049048	0.00145426	0.00699348	0.00194688	0.00320645	0.00173945	0.00753674	0.0901139	0.160709	
0.0368438	0.72238	0.0272009	0.0148944	0.00174454	0.00102945	0.00842246	0.0172943	0.00364515	0.0481754	0.0652316	0.0133951	0.00415416	0.00581867	0.000729877	0.000271958	0.00728556	0.019746	0.00118325	0.000553121	
0.107414	0.00611313	0.067242	0.00343715	0.00327722	0.00409068	0.00438553	0.00593662	0.0720245	0.0196698	0.168904	0.137057	0.148987	0.0332931	0.0182655	0.137474	0.042434	0.00313015	0.0114286	0.0054361	
0.183943	0.00545576	0.01496	0.00941994	0.00951255	0.00254316	0.00547813	0.00588613	0.0908096	0.0151521	0.0824088	0.0353059	0.17252	0.0802701	0.00780618	0.143675	0.0924331	0.0104576	0.0178443	0.0141181	
0.0227793	0.00206853	0.0803386	0.0129935	0.0104927	0.336195	0.00590273	0.0116475	0.00678653	0.00071086	0.0197179	0.0440478	0.395105	0.00308015	0.00123276	0.00989576	0.00274163	0.00297846	0.00488137	0.0264034	
0.0242133	0.0030067	0.00198197	0.00467017	0.00762208	0.0458508	0.18745	0.0619027	0.0811188	0.148399	0.051305	0.0597284	0.00116107	0.00759922	0.074391	0.00125412	0.00161544	0.151589	0.00423833	0.0809019	
0.0555248	0.00437681	0.00735065	0.0786499	0.00393356	0.104553	0.237714	0.00630926	0.0738919	0.0427487	0.0729193	0.0351654	0.00488475	0.131895	0.0670801	0.0509042	0.00704867	0.00777518	0.00526383	0.00201108	
0.00752611	0.00400024	0.00960346	0.0289808	0.00642423	0.111163	0.0374364	0.103081	0.0166363	0.274775	0.00816099	0.00836764	0.0828621	0.00776994	0.00363511	0.00305456	0.0302857	0.0464796	0.00948666	0.200271	
0.00833705	0.00402798	0.00362742	0.0025202	0.0090758	0.181922	0.0113245	0.0724539	0.0447077	0.288373	0.00453868	0.013961	0.0111622	0.014011	0.00105052	0.00390442	0.0336567	0.0915288	0.00839788	0.191419	
0.0124724	0.0336423	0.618055	0.0330259	0.0653106	0.00559474	0.00226001	0.00724926	0.00877482	0.0185142	0.0307053	0.0301251	0.0755771	0.011516	0.00694602	0.00880413	0.00663479	0.00194196	0.0213448	0.00150536	
0.0143557	0.00851414	0.00521731	0.00239368	0.0123439	0.229976	0.0137833	0.0471926	0.0228987	0.303705	0.0190106	0.0510788	0.0081362	0.0118733	0.00258215	0.00498582	0.0256993	0.0624542	0.0194112	0.134388	
0.0461677	0.00440233	0.00353681	0.0386982	0.0335001	0.195723	0.0573342	0.0315225	0.0893423	0.0307421	0.0848213	0.0250705	0.00909435	0.151862	0.0881593	0.0159613	0.0117343	0.0243107	0.0203923	0.0376245	
0.041329	0.00311832	0.274567	0.0738339	0.0161299	0.0298823	0.0171187	0.00568863	0.044184	0.0107125	0.00948089	0.123754	0.00915371	0.0761426	0.00795432	0.0983498	0.124715	0.0111491	0.0142005	0.00853579	
0.0384077	0.652954	0.0345709	0.0207001	0.00343047	0.00177598	0.00675486	0.0202867	0.0091238	0.0481327	0.0869276	0.0203132	0.00747114	0.0117541	0.00287053	0.000571377	0.0120877	0.0197535	0.00160439	0.00050906	
0.0111811	0.00482643	0.195277	0.0132102	0.00741573	0.0282682	0.0950438	0.00189049	0.0341875	0.0064946	0.0127797	0.047683	0.00218541	0.0310418	0.00151435	0.249169	0.232756	0.00517001	0.0166036	0.00330163	
0.0112523	0.00903075	0.00928236	0.0158488	0.281501	0.00599077	0.0114213	0.184818	0.0107619	0.138539	0.0709895	0.00786021	0.0347857	0.0051857	0.00590733	0.00252647	0.010952	0.107682	0.0243507	0.0513139	
0.183869	0.0162086	0.00504546	0.331581	0.0226448	0.00479648	0.0335573	0.163651	0.00195347	0.0768298	0.0129903	0.0291522	0.00308558	0.0174646	0.00495637	0.00580443	0.00536826	0.0200779	0.0238693	0.0370944	
0.0351712	0.00341508	0.0875042	0.0147198	0.0222559	0.37436	0.00716923	0.0065637	0.00546399	0.00935051	0.0237058	0.0676295	0.298925	0.0100971	0.000685005	0.00754534	0.00345697	0.00182629	0.00528119	0.0148738	
0.0966702	0.00167485	0.00270394	0.0119155	0.0265889	0.0599276	0.0763848	0.00199232	0.00820644	0.0443838	0.149533	0.0265683	0.00158855	0.0200542	0.000787337	0.0020869	0.0406	0.0442417	0.343304	0.040787	
0.12845	0.0829567	0.00663931	0.0326387	0.0211275	0.0170853	0.00787907	0.194301	0.0110714	0.157376	0.166921	0.007877	0.000550061	0.0202456	0.00265282	0.00688827	0.00743952	0.0784536	0.0244633	0.0249846	
0.00134721	0.00160032	0.00324618	0.00425558	0.00665466	0.0809848	0.00677859	0.056098	0.0152366	0.284831	0.00446928	0.00267394	0.00974096	0.00596203	0.0013184	0.00268646	0.0347377	0.14159	0.00654222	0.329247	
0.00310809	0.000596562	0.000761162	0.000589896	0.0956186	0.670632	0.00418881	0.00599552	0.00307459	0.0131895	0.0242122	0.0644733	0.0115662	0.0093569	0.000114511	0.00161695	0.0165549	0.000565278	0.00134178	0.0724437	
0.0198859	0.00461214	0.112186	0.0130106	0.0147852	0.0146072	0.00757346	0.00582793	0.0166388	0.00539997	0.0404252	0.298346	0.160184	0.0343083	0.00762157	0.118761	0.0833049	0.0173163	0.0187302	0.00647516	
0.00781568	0.0177457	0.122302	0.029087	0.0326084	0.0792054	0.00164896	0.0233165	0.00924584	0.00113372	0.0243723	0.0247667	0.55426	0.00170644	0.00733525	0.00553245	0.00190244	0.0190242	0.0183563	0.0186351	
0.0724983	0.0027942	0.0042693	0.115422	0.00532928	0.126526	0.141415	0.00838923	0.0534562	0.0182574	0.127509	0.0160067	0.00661199	0.162895	0.0538518	0.0630389	0.00836854	0.00655822	0.00522699	0.0015767	
0.0416738	0.664895	0.023495	0.0193	0.00241523	0.00198056	0.00631776	0.0251083	0.00646856	0.0573271	0.0804825	0.0149472	0.00673759	0.0093204	0.000780877	0.000551887	0.0103572	0.0246451	0.00136288	0.00183297	
0.00344468	0.00843967	0.559047	0.0350892	0.0202023	0.000901414	0.00631877	0.00771392	0.00479238	0.0189781	0.0299613	0.00173612	0.00838051	0.0348369	0.00608701	0.12564	0.096936	0.00337294	0.0257813	0.00233992	
0.0316753	0.005941	0.0600118	0.109148	0.00898771	0.0328318	0.218695	0.024557	0.00540841	0.125784	0.00878789	0.146156	0.00143812	0.0780051	0.0408809	0.0377329	0.00560552	0.0471777	0.00682365	0.00435171	
0.0359946	0.00485726	0.0273552	0.0535393	0.34351	0.0489866	0.104445	0.0359807	0.0196987	0.262433	0.0128333	0.0114785	0.00100373	0.00761295	0.00219341	0.0016937	0.00490196	0.00581255	0.0100366	0.0056339	
0.0359906	0.00619116	0.00883199	0.0249555	0.0331584	0.206465	0.0104454	0.0683661	0.052156	0.166536	0.0472251	0.0934966	0.00108299	0.13076	0.0055431	0.0167036	0.0358589	0.0372105	0.0119233	0.00709932	
0.0155092	0.00276678	0.198411	0.104722	0.00778149	0.16855	0.00401799	0.073907	0.0334867	0.0070962	0.0151286	0.0657987	0.0407376	0.0374588	0.0373711	0.0543563	0.0755334	0.00236504	0.0110942	0.0439078	
0.0615253	0.00400823	0.0234643	0.0632625	0.24541	0.0621147	0.00589195	0.00150143	0.0495127	0.00121543	0.0183167	0.0182602	0.0695869	0.131167	0.0863508	0.0247127	0.00811575	0.00918287	0.0103959	0.106004	
0.0235834	0.00307643	0.0664619	0.419757	0.00463012	0.0131227	0.0225647	0.0014256	0.0329385	0.0030079	0.0503463	0.0397963	0.000878793	0.0270225	0.0165896	0.111831	0.11444	0.0271676	0.0153625	0.00599625	
0.0631115	0.00258017	0.00617241	0.00992782	0.0258016	0.00196735	0.0147039	0.00930195	0.0204648	0.00475705	0.0188475	0.014444	0.00147249	0.0112262	0.000216875	0.0241724	0.00749857	0.00189379	0.666604	0.0948354	
0.00856104	0.00777509	0.481579	0.0143072	0.00220901	0.00280191	0.0113847	0.0249102	0.0273597	0.00228859	0.0298643	0.00244919	0.000770323	0.0440002	0.0172088	0.2691	0.0165674	0.00854626	0.0228366	0.00548027	
0.00197928	0.00136588	0.00277198	0.00874716	0.0057789	0.0607794	0.00429534	0.0458061	0.0207748	0.25086	0.0156374	0.00326513	0.00734381	0.0135542	0.00497666	0.00369104	0.046728	0.131992	0.00838724	0.361266	
0.0182854	0.00141444	0.0181214	0.0254728	0.386585	0.0460303	0.00701527	0.175832	0.00195504	0.0736925	0.00322806	0.00438755	0.000458217	0.0537427	0.000796829	0.0039189	0.000567682	0.00065968	0.0828749	0.0949609	
0.00916484	0.0623624	0.0113717	0.00710897	0.0022669	0.00105362	0.128057	0.294624	0.00135946	0.00426541	0.0228867	0.00313792	0.00608536	0.0119782	0.00106403	0.0012227	0.00033163	0.390854	0.0281696	0.0126352	
0.00372334	0.0279153	0.00216275	0.507932	0.0455216	0.00205448	0.0298546	0.0236729	0.00058671	0.0443853	0.0387981	0.0788516	0.0457322	0.011313	0.0192134	0.0220092	0.0358373	0.00267051	0.0256755	0.0320905	
0.00671907	0.00604039	0.213648	0.00424661	0.0460427	0.00401305	0.0253113	0.00260905	0.0762367	0.00863795	0.00796263	0.00654993	0.0370231	0.0044297	0.461182	0.00914645	0.0323967	0.0178306	0.00717425	0.0227997	
0.0166994	0.00136664	0.0602287	0.0892111	0.00184423	0.000658033	0.00532433	0.0330152	0.00226333	0.00125797	0.0193111	0.00889916	0.660733	0.00629165	0.0197488	0.0506609	0.00613166	0.00380517	0.00230751	0.0102417	
0.0297343	0.00225397	0.0976702	0.0712305	0.00861673	0.0469266	0.0140752	0.00695003	0.043027	0.00337332	0.0085423	0.277933	0.0313536	0.0389475	0.0193922	0.154626	0.114545	0.0103887	0.00764422	0.0127698	
0.310427	0.00683621	0.00298155	0.00248029	0.00394229	0.321092	0.0108039	0.024318	0.0187106	0.00103936	0.0351993	0.053977	0.128551	0.00650817	0.00172626	0.0499374	0.000831727	0.000977334	0.0101898	0.00946954	
0.0429151	0.00479954	0.00378092	0.041633	0.0539384	0.00283333	0.0885791	0.0674579	0.00662935	0.00117455	0.037258	0.133835	0.177869	0.0646494	0.0615729	0.00105747	0.0498225	0.122065	0.0182657	0.0198646	
0.0955053	0.00385807	0.168347	0.0753429	0.0125785	0.15297	0.0741873	0.00594913	0.00929161	0.0150609	0.025366	0.157503	0.0241712	0.0152861	0.00533852	0.0992004	0.0274738	0.00504361	0.00887419	0.0186527	
0.0482201	0.00165926	0.0643725	0.000822835	0.018103	0.15171	0.0252499	0.0110199	0.0332588	0.0559444	0.00303624	0.0708623	0.00849511	0.0928064	0.00307403	0.0627548	0.153065	0.0984216	0.00512847	0.0919958	
0.0367422	0.72336	0.0274004	0.0153799	0.00180651	0.00120095	0.00913914	0.0162623	0.00347852	0.0451322	0.0637918	0.0141141	0.00437776	0.00693569	0.000737973	0.000326839	0.00807114	0.0200991	0.00112339	0.000519881	
0.0241282	0.000514249	0.00133802	0.0176758	0.070654	0.124652	0.000457526	0.01113	0.0249043	0.00658925	0.0776892	0.00157741	0.00870692	0.022823	0.00937612	0.00201471	0.0293482	0.0116613	0.0873197	0.46744	
0.00788559	0.0179804	0.128398	0.0286815	0.0331	0.0826727	0.0017699	0.0224468	0.00990249	0.00118187	0.0235394	0.0261927	0.548214	0.00141386	0.00680085	0.00520174	0.00180892	0.0165981	0.0177558	0.0184553	
0.00570485	0.00105794	0.00236976	0.000726224	0.186046	0.503091	0.00332073	0.0100315	0.00858781	0.00413795	0.0401005	0.00300557	0.016293	0.0143134	0.000498326	0.00171689	0.0271018	0.00163881	0.00401486	0.166243	
0.0735863	0.000851378	0.256389	0.191934	0.00583144	0.0113684	0.0142425	0.00815679	0.0413914	0.00963101	0.00204379	0.102418	0.00278251	0.095304	0.00757754	0.0598653	0.0631299	0.0222872	0.0227667	0.00844333	
0.00552391	0.00527106	0.0149049	0.0096717	0.372362	0.00649798	0.0223899	0.0352671	0.029486	0.112582	0.00299612	0.0181978	0.00304775	0.0164987	0.0135579	0.00212822	0.0936758	0.205163	0.010262	0.0205162	
0.0346858	0.0145601	0.156811	0.138551	0.0155439	0.00710174	0.0124155	0.0312546	0.0115693	0.00197973	0.00751308	0.12592	0.249814	0.0120358	0.00541407	0.01456	0.0216446	0.0825396	0.0492264	0.00686029	
0.00664365	0.0374307	0.326015	0.0547536	0.0370185	0.00233914	0.00332408	0.00491269	0.00135346	0.0366621	0.117984	0.246069	0.0226174	0.0432283	0.0165716	0.00468782	0.00526937	0.00622084	0.0241423	0.00275585	
0.0269527	0.00424135	0.0140782	0.123038	0.0135964	0.0382803	0.00376769	0.00615453	0.00639478	0.200622	0.0152382	0.0818365	0.00510814	0.0155766	0.00315891	0.00543525	0.0306428	0.0276996	0.019041	0.359137	
0.0589866	0.00580673	0.0098001	0.413875	0.0793735	0.0599387	0.0110966	0.0251073	0.00201531	0.0203659	0.0438359	0.0788181	0.00411117	0.143518	0.000991829	0.00434039	0.00207421	0.00175631	0.0168973	0.0172905	
0.178773	0.0122832	0.039259	0.344836	0.00875693	0.0184372	0.0183562	0.00946733	0.00762634	0.0126913	0.0212955	0.0144257	0.00200071	0.0505125	0.00158409	0.225196	0.00470459	0.00172401	0.0195398	0.00853005	
0.102787	0.107049	0.0372705	0.0401667	0.00332019	0.0360921	0.00332136	0.0215786	0.0136519	0.517241	0.00509381	0.0436479	0.000436153	0.00474078	0.00162106	0.00153354	0.0121625	0.00284368	0.00454883	0.0408931	
0.0273454	0.0059212	0.065994	0.000993626	0.0451984	0.0100353	0.0493546	0.00176928	0.0963	0.00521998	0.00392961	0.0021522	0.0226811	0.00203695	0.601318	0.00499417	0.00579546	0.0115549	0.00317938	0.0342262	
0.124039	0.0132316	0.0145313	0.0858921	0.132589	0.00463191	0.195532	0.0134084	0.00357629	0.00554833	0.0261957	0.00967467	0.00242577	0.0946189	0.00200671	0.21526	0.0264133	0.00569374	0.0188042	0.00592728	
0.0569964	0.0163051	0.00498156	0.00698733	0.0782868	0.0212255	0.0233363	0.189582	0.0351032	0.221983	0.0921031	0.014077	0.000549558	0.0458397	0.00217151	0.00907663	0.0184643	0.108738	0.0375299	0.0166631	
0.00926598	0.00541114	0.00592182	0.0113111	0.329779	0.00452601	0.0105207	0.14806	0.0122331	0.16095	0.051726	0.0110834	0.0100511	0.0105352	0.00740419	0.00309045	0.0126862	0.129647	0.0121556	0.0536433	
0.4416	0.00462732	0.00434984	0.00154876	0.00477208	0.0555779	0.00761008	0.00165414	0.0389532	0.00565487	0.107007	0.0113688	0.008222	0.0093143	0.0217217	0.227209	0.020812	0.00266602	0.00438875	0.0209414	
0.0197879	0.0171531	0.010365	0.121338	0.0701	0.0587599	0.0342972	0.0113726	0.00413756	0.00628828	0.0272757	0.1133	0.00245067	0.0739629	0.037473	0.299575	0.0442104	0.0135447	0.0167556	0.0178528	
0.257234	0.146525	0.00264619	0.00102219	0.014266	0.0707638	0.00675679	0.0426956	0.0019621	0.00237637	0.0195843	0.0199645	0.000779771	0.0308398	0.000804847	0.236635	0.0465929	0.0684541	0.00738662	0.02271	
0.132543	0.000876716	0.0758512	0.0347447	0.00855311	0.328189	0.00366188	0.00306847	0.038876	0.00771435	0.00491775	0.135462	0.019679	0.0409475	0.0244259	0.0738252	0.0339698	0.0170301	0.00227459	0.0133892	
0.012646	0.00662572	0.0150557	0.0023586	0.00438652	0.212852	0.0642318	0.0429515	0.0866804	0.0244453	0.00535743	0.00757056	0.00187566	0.0388725	0.0318717	0.217105	0.069751	0.139841	0.0105949	0.00492705	
0.00506853	0.00148568	0.00209229	0.00439832	0.282418	0.00262327	0.00608577	0.1581	0.0163588	0.133637	0.0583448	0.0264764	0.0100141	0.00843927	0.0212114	0.00172404	0.0167225	0.121375	0.00924782	0.114177	
0.029093	0.00569886	0.138724	0.386649	0.00455693	0.00504907	0.0571926	0.00452842	0.0458783	0.00327341	0.011727	0.0412611	0.000753469	0.0640692	0.00404977	0.108175	0.0572289	0.0102056	0.019067	0.00281986	
0.0236067	0.00209241	0.020482	0.00957404	0.508869	0.0174074	0.0280905	0.0826951	0.133982	0.00232841	0.0176376	0.00724534	0.0110324	0.0158666	0.00658075	0.00274885	0.00227596	0.0372159	0.0385164	0.0317521	
0.0167394	0.0013654	0.0604611	0.0890535	0.00184857	0.000661666	0.00534176	0.0331402	0.00220046	0.00125166	0.0193427	0.00880839	0.660685	0.00619829	0.0196311	0.0507216	0.00600995	0.00392002	0.00228153	0.0103377	
0.162964	0.00450118	0.0860901	0.00295426	0.187621	0.00179346	0.0211465	0.0119553	0.086364	0.00730886	0.0147538	0.0277384	0.003788	0.00875953	0.131913	0.0753835	0.0324433	0.00575538	0.0137667	0.112999	
0.0202531	0.00547956	0.0486305	0.402486	0.0047188	0.00915242	0.0232149	0.000677453	0.0266855	0.00429004	0.0918163	0.0283256	0.00109968	0.0119509	0.0157356	0.113425	0.133344	0.0369302	0.015817	0.00596726	
0.0721969	0.00287208	0.0100952	0.119522	0.00539221	0.131289	0.123678	0.0108352	0.0481516	0.0176137	0.131373	0.0167961	0.00732933	0.159354	0.0520892	0.0652784	0.0109783	0.00638751	0.00551709	0.0032507	
0.014872	0.0010611	0.0177721	0.0348962	0.392004	0.00663495	0.0126087	0.061815	0.0119543	0.0376544	0.0340581	0.00616693	0.00108665	0.0295284	0.000336374	0.00275708	0.00122093	0.00363141	0.289033	0.0409086	
0.00658777	0.0030923	0.0848248	0.0107773	0.00544295	0.0779812	0.00807101	0.00312766	0.0523841	0.0141279	0.00495964	0.264099	0.00375616	0.0543868	0.0247676	0.124817	0.21588	0.0204664	0.0105537	0.00989633	
0.0362345	0.00354401	0.00447291	0.00664285	0.0416466	0.00132353	0.00246532	0.0139446	0.0124717	0.00794718	0.0220191	0.00294104	0.00305941	0.00826748	0.000173977	0.0109211	0.00762741	0.0183457	0.662188	0.133764	
0.0621825	0.00342284	0.116205	0.0381462	0.00854924	0.0731615	0.0132129	0.0104695	0.0316798	0.00184179	0.010553	0.180896	0.09563	0.017668	0.0249128	0.139291	0.132127	0.00592877	0.00771863	0.0264032	
0.131751	0.000738489	0.0760058	0.0346644	0.00817033	0.321859	0.00325792	0.00282787	0.0395426	0.00832098	0.00458729	0.13539	0.0192182	0.0427839	0.0247027	0.0750987	0.0365828	0.0178171	0.00205068	0.0146303	
0.00872576	0.0389949	0.0164085	0.0158608	0.00265288	0.000901666	0.235763	0.188904	0.000870017	0.00361022	0.0105968	0.00876709	0.00251937	0.0034295	0.00123654	0.00192989	0.00166127	0.427747	0.0264569	0.00296361	
0.016204	0.00579321	0.0843527	0.0792857	0.0125791	0.00234199	0.0193714	0.00358468	0.0780237	0.0368094	0.00802343	0.108085	0.0832619	0.0382272	0.0631853	0.0725942	0.188894	0.077953	0.0126076	0.00882194	
0.0481572	0.0129265	0.0565137	0.0268261	0.0162093	0.0711921	0.0148371	0.0075881	0.016042	0.0413634	0.00611786	0.0772064	0.00304595	0.119964	0.00990394	0.145574	0.16176	0.0587021	0.00676291	0.0993074	
0.0639346	0.00167057	0.221893	0.063448	0.0186462	0.0364516	0.0120769	0.0074477	0.0404017	0.00657942	0.00590776	0.178921	0.0351857	0.0404179	0.0161635	0.122784	0.102125	0.00756129	0.00592798	0.0124561	
0.00227192	0.000596643	0.000543142	0.000539593	0.0945255	0.675015	0.00459567	0.00579122	0.00308396	0.0144281	0.0248576	0.0617515	0.0115376	0.00897499	9.78381e-05	0.00108611	0.0160589	0.000524245	0.00130136	0.072419	
0.0756278	0.00922704	0.0115153	0.00330915	0.0136234	0.120635	0.0450335	0.00454679	0.0886191	0.00762617	0.00506257	0.015935	0.00398506	0.0426887	0.0170573	0.040048	0.183801	0.253788	0.0167987	0.0410733	
0.00459546	0.0235583	0.080231	0.0626987	0.0090039	0.00348785	0.0276086	0.00228734	0.0131138	0.00935412	0.0049766	0.00498368	0.00104568	0.0426251	0.00404956	0.368497	0.266998	0.0160498	0.0212043	0.0336314	
0.435683	0.00424349	0.00460828	0.00197743	0.00441415	0.0613588	0.00926507	0.00186154	0.0457972	0.00620801	0.0862245	0.016478	0.0045305	0.0116501	0.0245976	0.227198	0.0203501	0.00273915	0.00381585	0.0269999	
0.471912	0.011851	0.00276816	0.00355879	0.00700258	0.0153282	0.0243868	0.0127915	0.0243218	0.00539474	0.0368807	0.018669	0.00209154	0.0305373	0.0133423	0.239667	0.0032306	0.00164769	0.0610189	0.0135993	
0.037442	0.724629	0.0268415	0.0152008	0.00175286	0.00110678	0.00792892	0.0169786	0.00378043	0.045312	0.0653418	0.0129009	0.00418487	0.00625126	0.000792208	0.00029153	0.00822826	0.0194335	0.00106489	0.000537863	
0.169251	0.00700072	0.0283839	0.00296062	0.00266495	0.0184288	0.00479091	0.0148612	0.0882767	0.0434063	0.156286	0.0415144	0.177543	0.0431965	0.0229167	0.100979	0.0393455	0.00386689	0.0222509	0.0120748	
0.0175039	0.00278879	0.184313	0.0057392	0.0631317	0.0019358	0.132427	0.0023214	0.0264653	0.00218159	0.00860607	0.0293029	0.0021251	0.0145639	0.298774	0.0232989	0.0238698	0.0580588	0.00998165	0.0926108	
0.133793	0.00088534	0.0740094	0.0324631	0.00765202	0.30833	0.00232509	0.00274931	0.0388287	0.00952285	0.00426243	0.150541	0.0188533	0.0468469	0.0283369	0.0717686	0.0344567	0.0173058	0.00224463	0.0148252	
0.0818616	0.00400508	0.0340984	0.0166787	0.0124256	0.400929	0.0141192	0.030551	0.0222217	0.00617648	0.0224857	0.0846379	0.045983	0.0335691	0.0193716	0.105402	0.0230983	0.0123478	0.00922309	0.0208148	
0.13483	0.000707699	0.0768743	0.0348899	0.00820065	0.322155	0.00278123	0.00284574	0.0397754	0.00800484	0.00413084	0.134907	0.0199192	0.041289	0.0254097	0.0750164	0.0350447	0.0176914	0.00177263	0.0137548	
0.0342757	0.00493664	0.113555	0.00978919	0.00606956	0.0148871	0.00959184	0.00557188	0.036484	0.0046094	0.0625437	0.231493	0.129238	0.0568655	0.00959487	0.175404	0.0600229	0.0138632	0.0129865	0.00821818	
0.0334678	0.0345969	0.0884583	0.0173719	0.00751219	0.110012	0.0246865	0.0119674	0.0259788	0.00497671	0.0252393	0.00588038	0.00199125	0.0505217	0.00695865	0.458813	0.0398705	0.0165159	0.0190716	0.0161097	
0.0176163	0.000455865	0.0967035	0.0549709	0.55387	0.063476	0.017954	0.00125503	0.0104775	0.000817951	0.0188545	0.0515752	0.0174902	0.0278355	0.0192441	0.00036279	0.0180854	0.000923144	0.0263881	0.00164423	
0.0116106	0.000335392	0.00150903	0.0167764	0.256571	0.278245	0.00109637	0.00616513	0.0147013	0.000784506	0.0474338	0.00185082	0.0130602	0.0172003	0.0088947	0.00146506	0.0326377	0.00477731	0.02358	0.261306	
0.209522	0.0036235	0.0185153	0.00325579	0.0395727	0.0075222	0.00980068	0.00667296	0.0481054	0.0307327	0.03216	0.0514692	0.00644473	0.0059065	0.268434	0.12628	0.0518661	0.00474521	0.00507383	0.0702977	
0.00383667	0.0025981	0.00645744	0.232558	0.00335852	0.00173327	0.0199111	0.00186111	0.000856161	0.00232553	0.0100222	0.413806	0.00164371	0.010785	0.183163	0.0778274	0.0122135	0.00499723	0.00726273	0.00278354	
0.0325124	0.321355	0.00935606	0.00706372	0.00460969	0.0137753	0.00698136	0.0322886	0.00657381	0.178481	0.295408	0.00512487	0.000414518	0.00488775	0.00281146	0.0031175	0.00089173	0.0560437	0.00614787	0.0121549	
0.00408697	0.0280531	0.00290271	0.00916407	0.00743844	0.00670287	0.0348115	0.0671679	0.115257	0.0813643	0.00956025	0.287098	0.00174803	0.00593084	0.0937364	0.00168192	0.00233804	0.202548	0.0091201	0.0292902	
0.0332497	0.00216125	0.0147272	0.0152218	0.0470087	0.00128911	0.0148806	0.0178139	0.0113181	0.00479844	0.0210404	0.0107326	0.00710809	0.010331	0.000138299	0.00889956	0.0121016	0.0189071	0.672142	0.0761305	
0.0363712	0.00397967	0.0321023	0.0457873	0.246799	0.0511051	0.038985	0.0589609	0.0123999	0.374716	0.00261313	0.019436	0.000873072	0.0050344	0.00152259	0.00178046	0.00394889	0.0037064	0.0133088	0.04657	
0.00487965	0.0158137	0.0111908	0.0131342	0.0238557	0.0113121	0.0461511	0.134202	0.00689929	0.00526326	0.00494187	0.0833544	0.00974386	0.0419037	0.00834755	0.0109723	0.282191	0.219003	0.0321947	0.0346458	
0.0474334	0.00591526	0.0238827	0.0254724	0.0115165	0.0693091	0.225762	0.00745083	0.247282	0.00540317	0.011793	0.0209058	0.00381045	0.0995089	0.0259011	0.0954014	0.0335953	0.0250191	0.0116942	0.00294301	
0.0501523	0.00931565	0.140627	0.0232788	0.0039552	0.0261157	0.053431	0.0192455	0.277096	0.0300512	0.00946198	0.00628449	0.0011559	0.117684	0.0242911	0.110378	0.0541181	0.019949	0.017113	0.00629708	
0.108959	0.00112065	0.0827111	0.0382663	0.00877261	0.273284	0.00498892	0.00366726	0.0422632	0.00697458	0.00582086	0.166494	0.0229673	0.0334948	0.0205233	0.0982401	0.0515354	0.0139282	0.00281267	0.0131755	
0.127352	0.000905173	0.0886625	0.0338708	0.00951318	0.29328	0.00432358	0.00324733	0.0384638	0.00702162	0.00395458	0.146117	0.0260117	0.037218	0.0238332	0.0834927	0.0413004	0.0155855	0.00191759	0.0139287	
0.135834	0.000773823	0.0766205	0.0339166	0.00801707	0.316282	0.00237079	0.0027985	0.0398279	0.00867264	0.00407431	0.136971	0.0196105	0.0428629	0.0268488	0.0745196	0.0353964	0.0178257	0.00204836	0.0147298	
0.00712096	0.000488656	0.00171178	0.0225912	0.151411	0.23762	0.000791114	0.00451616	0.0172277	0.000757051	0.0675945	0.00297099	0.00884311	0.0219216	0.00725202	0.00183666	0.0654164	0.00362497	0.0245627	0.351741	
0.0208238	0.00197926	0.0563858	0.0126699	0.014402	0.29771	0.00461998	0.0203022	0.0097809	0.000792594	0.0243796	0.0343232	0.404204	0.00277784	0.00342675	0.0104391	0.00239192	0.00801787	0.00787412	0.0626987	
0.0424644	0.00440012	0.0902667	0.0183739	0.0304418	0.0574386	0.00721517	0.0217837	0.054081	0.060854	0.00388229	0.0522645	0.0814559	0.121092	0.0147275	0.0380983	0.112561	0.13529	0.0100088	0.0433005	
0.0950101	0.0251039	0.00269528	0.00527196	0.10529	0.00211071	0.012905	0.182512	0.0141196	0.149897	0.161435	0.00719546	0.000203997	0.0374565	0.00089416	0.0107183	0.0319871	0.0978152	0.0342982	0.0230806	
0.00874611	0.00251795	0.15801	0.00911222	0.0133294	0.0107951	0.00639162	0.00182537	0.0732543	0.00659471	0.00414974	0.230535	0.00532544	0.0258985	0.0295217	0.170628	0.227327	0.00668722	0.00426286	0.00508781	
0.107999	0.00591901	0.00176211	0.0179707	0.0106333	0.204486	0.0425349	0.0529251	0.0832688	0.0916476	0.0161087	0.109336	0.00164067	0.044139	0.0504823	0.00344459	0.00332494	0.13248	0.0046199	0.015277	
0.0252879	0.0056434	0.171125	0.0277718	0.00520447	0.0547175	0.0780723	0.00119986	0.0206967	0.00373776	0.00795879	0.0392304	0.001752	0.0727108	0.0032735	0.206632	0.24307	0.010404	0.0120167	0.00949485	
0.0214216	0.000623302	0.00253522	0.00479973	0.0702906	0.105767	0.000979253	0.00709751	0.0544671	0.00589773	0.133733	0.00287013	0.00776852	0.0199939	0.00272127	0.00351995	0.0120498	0.00520115	0.121003	0.41726	
0.0402146	0.00625262	0.00388008	0.0474	0.0478711	0.00229915	0.0818499	0.0651857	0.00757954	0.00150092	0.0339578	0.14586	0.179055	0.0588629	0.0679763	0.00102162	0.0546209	0.120603	0.0172437	0.0167657	
0.0581713	0.0311489	0.00150957	0.0343993	0.0521187	0.16895	0.00267718	0.00315841	0.000916427	0.0310968	0.0285559	0.503806	0.0129819	0.0278227	0.00734967	0.00287454	0.00361847	0.0118372	0.0157454	0.00126199	
0.00434104	0.0236801	0.0300657	0.0191827	0.0307187	0.0171236	0.00740967	0.00222168	0.00604406	0.00927722	0.0127011	0.268318	0.0473497	0.0336052	0.00968723	0.00333922	0.344279	0.0990727	0.0256154	0.00596737	
0.0244622	0.00322429	0.121141	0.119437	0.0229827	0.201429	0.00812392	0.0098199	0.104822	0.0091714	0.00604193	0.0614498	0.0157998	0.0476721	0.0555152	0.0737025	0.0914125	0.00479777	0.00781425	0.0111797	
0.133049	0.000707733	0.079179	0.0348838	0.00826207	0.318412	0.0030563	0.00290288	0.039626	0.00786872	0.0040658	0.136376	0.0204816	0.0410579	0.0251097	0.0761432	0.0358697	0.0174178	0.0017931	0.0137385	
0.0558371	0.00238949	0.0259507	0.0675797	0.242807	0.0590384	0.00700754	0.00126372	0.0505238	0.00130048	0.0214034	0.0124496	0.061953	0.127918	0.0860279	0.0336896	0.00671299	0.0098892	0.0100417	0.116216	
0.0547052	0.00841748	0.244904	0.118369	0.0136151	0.000784096	0.00795017	0.0114335	0.0120265	0.00368983	0.016042	0.037973	0.326196	0.0353002	0.00783427	0.0283507	0.00715639	0.0274508	0.0249416	0.0128601	
0.0389781	0.00732017	0.00380257	0.00298018	0.00307005	0.0109011	0.264779	0.0656806	0.0840118	0.0928691	0.121984	0.00394985	0.00202661	0.00819739	0.0782373	0.00299751	0.00107095	0.151723	0.00853325	0.0468871	
0.061504	0.0448441	0.0240029	0.0429892	0.0057793	0.0388157	0.00282343	0.0654625	0.00727549	0.592067	0.0050814	0.0136156	0.000499324	0.00452091	0.00140456	0.00136356	0.00473348	0.00167413	0.00426974	0.0772743	
0.00239625	0.000912213	0.00253005	0.00160152	0.511155	0.00532311	0.00236782	0.107076	0.0282967	0.0211793	0.0321947	0.00261615	0.00248713	0.00575317	0.00166	0.00751165	0.0014199	0.0854651	0.0196223	0.158432	
0.0315656	0.00903913	0.00214543	0.00536451	0.152822	0.00226775	0.00483094	0.21998	0.00784052	0.148593	0.156842	0.00764078	0.00486756	0.0235644	0.00340531	0.00439599	0.0114457	0.107494	0.0376645	0.0582303	
0.0305094	0.00207225	0.0168677	0.0172098	0.046818	0.00119871	0.0145469	0.0182982	0.011049	0.00467765	0.0203809	0.0114816	0.00723247	0.00963097	0.000150841	0.00881962	0.0127393	0.0198102	0.671186	0.0753205	
