564	20
0.031583	0.0205275	0.0515804	0.0516976	0.0666108	0.0231878	0.0294778	0.00802557	0.140193	0.0486696	0.319216	0.0145829	0.0307066	0.0162866	0.00584868	0.0379943	0.00572223	0.0174395	0.0291629	0.0514873	
0.0352595	0.0160907	0.0289316	0.00862574	0.0691907	0.0202773	0.0332104	0.11069	0.00538957	0.0318323	0.478269	0.00813386	0.00480648	0.0230091	0.00296532	0.00435443	0.00942898	0.0222076	0.0207326	0.0665943	
0.229715	0.00816712	0.0583395	0.190328	0.040428	0.0101168	0.0523131	0.0437747	0.0373513	0.0281075	0.0158093	0.0285913	0.029218	0.0373946	0.0288354	0.0330274	0.0798321	0.015497	0.0174014	0.0157527	
0.0902093	0.0208881	0.0171596	0.0126267	0.0259737	0.055769	0.0138591	0.254221	0.0293357	0.27093	0.0237469	0.0574065	0.00110026	0.0122101	0.0278571	0.00796921	0.00678574	0.0256501	0.0123721	0.0339293	
0.0267086	0.0217818	0.0186553	0.0176252	0.0516243	0.0167432	0.0193503	0.280655	0.00814053	0.159414	0.0621246	0.0129694	0.00129648	0.0160429	0.00341462	0.00496043	0.0511369	0.115044	0.0229801	0.0893327	
0.00409025	0.00235375	0.00485958	0.0036622	0.0860521	0.0118853	0.0149413	0.139073	0.0159216	0.00548326	0.00566924	0.00614768	0.0328304	0.0354754	0.00354414	0.00631462	0.00826856	0.292823	0.0831307	0.237473	
0.063332	0.0511578	0.0208754	0.0255847	0.00632362	0.0376781	0.00680765	0.22115	0.00834319	0.417111	0.0159656	0.0192551	0.000577903	0.0073623	0.00333296	0.00236497	0.0073706	0.0382436	0.0053772	0.0417873	
0.215709	0.0267347	0.00700381	0.00440376	0.00842182	0.0395796	0.0160442	0.190054	0.0171789	0.296295	0.00928411	0.035823	0.00184513	0.0164834	0.00452326	0.00211196	0.00947402	0.0576506	0.00687977	0.0344997	
0.0557307	0.0644893	0.0179374	0.0213561	0.0544539	0.0196912	0.00875054	0.123649	0.012279	0.280437	0.0350231	0.0178668	0.000990065	0.0198058	0.00257206	0.0113196	0.0667162	0.0825897	0.0203794	0.0839635	
0.201891	0.0197215	0.022864	0.00942495	0.0408237	0.0367479	0.0236857	0.0437387	0.0224536	0.191272	0.0054186	0.035284	0.002494	0.0204145	0.0098187	0.0209476	0.0948242	0.093525	0.0197281	0.0849223	
0.045992	0.00296088	0.012227	0.010172	0.499326	0.0102654	0.0222944	0.0749603	0.0233098	0.0386564	0.0305036	0.0265783	0.00462525	0.0252847	0.00866898	0.00299805	0.0344022	0.083319	0.0277359	0.0157202	
0.130478	0.00343132	0.0836258	0.0597416	0.01021	0.0243096	0.0461585	0.0398613	0.0206608	0.0117392	0.00600724	0.0530676	0.00159327	0.0488189	0.0133585	0.118001	0.183117	0.115295	0.0137294	0.0167959	
0.226575	0.00411483	0.0596652	0.0530951	0.0214343	0.0186526	0.0395484	0.0301324	0.0301007	0.0309304	0.0103555	0.0256322	0.0174615	0.047888	0.0150549	0.104574	0.146095	0.0692329	0.0194864	0.0299712	
0.0861175	0.00573795	0.0275879	0.0110618	0.0206338	0.0788963	0.0459864	0.0280447	0.0233086	0.0158474	0.00608923	0.0178353	0.00321359	0.0527654	0.00727376	0.129152	0.118291	0.264163	0.0210176	0.0369773	
0.0309769	0.00408989	0.057177	0.00342221	0.10931	0.00414895	0.0103962	0.00802784	0.189115	0.144258	0.0772373	0.0406014	0.00608349	0.0726026	0.0709066	0.0221887	0.0140161	0.0305893	0.0116038	0.0932489	
0.271752	0.00569633	0.0115526	0.00263998	0.0152865	0.208436	0.0419481	0.0107584	0.0174011	0.0051785	0.0265875	0.0125971	0.00251439	0.0374673	0.00257279	0.300117	0.00367984	0.00984522	0.00772415	0.00624625	
0.00546752	0.04379	0.57944	0.00758989	0.0588218	0.00223165	0.0129489	0.0241739	0.014724	0.0412965	0.043303	0.0122771	0.0226208	0.0253031	0.0192201	0.011112	0.025509	0.00608245	0.0423979	0.00169086	
0.0386778	0.00482813	0.0273306	0.00893865	0.0752112	0.0381604	0.0672751	0.00528292	0.089726	0.0133049	0.00674823	0.0302578	0.00663895	0.181761	0.0488367	0.103413	0.172765	0.0384755	0.0169138	0.0254548	
0.0454624	0.0537158	0.0347072	0.0427254	0.0251737	0.0480542	0.0231111	0.482224	0.0066822	0.128624	0.00797726	0.0116803	0.00261129	0.0204275	0.00429223	0.00286115	0.00308325	0.0137669	0.0162518	0.0265681	
0.0124246	0.742642	0.0253241	0.021861	0.000860931	0.000611753	0.0150654	0.0253014	0.00418174	0.0347711	0.0213609	0.0291658	0.0199225	0.00920461	0.000309393	0.000520888	0.0100248	0.0254389	0.000875454	0.000132771	
0.0157515	0.035686	0.0192973	0.0157119	0.0132859	0.0156058	0.0329603	0.530747	0.00791428	0.0194796	0.00628572	0.004707	0.0244665	0.033407	0.00286868	0.00471259	0.00240762	0.10257	0.049349	0.0627864	
0.0111487	0.00101617	0.00299995	0.0017759	0.0680932	0.660414	0.0154327	0.0188052	0.00640856	0.0453861	0.0355835	0.0345442	0.0132233	0.0179619	0.00127877	0.00408121	0.0142322	0.0016286	0.00311561	0.04287	
0.0186097	0.000510592	0.00158609	0.0176318	0.0191798	0.0368661	0.00276245	0.0519842	0.0112324	0.0424224	0.0573921	0.0025046	0.0106348	0.0144517	0.00822361	0.00276013	0.0217778	0.0583993	0.130083	0.490988	
0.10503	0.0286093	0.015354	0.0218608	0.0415022	0.0320104	0.505327	0.0312787	0.0323996	0.00520265	0.0295545	0.0028314	0.000930188	0.00344603	0.0114	0.05144	0.0214119	0.0391016	0.0204627	0.000846892	
0.515075	0.00699588	0.00335847	0.00267348	0.0113844	0.0252359	0.139113	0.00859085	0.0409584	0.0111712	0.0162597	0.0201969	0.00530203	0.0185191	0.0221296	0.119419	0.000640401	0.0109801	0.0152363	0.00675967	
0.0298164	0.0477688	0.00235526	0.0410416	0.0520405	0.0513521	0.00632673	0.00432638	0.00219426	0.0421627	0.0329125	0.534344	0.0381773	0.0193708	0.0145042	0.00562038	0.00424292	0.0356491	0.0335659	0.00222836	
0.0313937	0.046561	0.00222224	0.0431374	0.057774	0.0517662	0.00585933	0.00483647	0.00252981	0.0374721	0.0302422	0.53552	0.0355675	0.0197432	0.0141636	0.00505568	0.00368415	0.0388819	0.0314546	0.00213474	
0.0326515	0.00751087	0.0354373	0.0802434	0.00787875	0.0636631	0.061	0.0138772	0.0298094	0.00436797	0.0255958	0.0355062	0.00090021	0.0502667	0.0187543	0.436195	0.0458717	0.0308308	0.0141669	0.00547272	
0.00431393	0.0263455	0.0391768	0.0548852	0.0596254	0.0412409	0.0217442	0.00127707	0.00348501	0.0239255	0.00591886	0.0112111	0.00102772	0.0425221	0.0050535	0.0136537	0.423478	0.0269833	0.14248	0.0516526	
0.0386871	0.0125167	0.186597	0.203413	0.0271617	0.00824777	0.0166998	0.00716108	0.0231175	0.0174653	0.0131169	0.0280496	0.150691	0.0357661	0.00895956	0.0409888	0.13459	0.0140085	0.0273096	0.00545215	
0.0200449	0.00737501	0.0316078	0.00655697	0.0760092	0.0389931	0.0211594	0.0066802	0.0877216	0.0163336	0.0108908	0.0125656	0.0035879	0.277159	0.0171659	0.0512969	0.190605	0.0485426	0.0355819	0.0401222	
0.00715682	0.0327947	0.00526517	0.00485034	0.0110413	0.0117341	0.0294568	0.0713178	0.0266517	0.0079863	0.0157381	0.0140654	0.0211411	0.0490627	0.0210698	0.0124173	0.0124057	0.531256	0.0465748	0.0680141	
0.00556514	0.0451645	0.573339	0.00689415	0.0620765	0.00172958	0.0121148	0.0246274	0.0150716	0.040169	0.0431307	0.011081	0.0218524	0.0243369	0.020547	0.0127556	0.0254886	0.00571242	0.0468894	0.0014545	
0.00425557	0.0285294	0.0423437	0.0555077	0.0569915	0.0386747	0.0213949	0.00152863	0.0034064	0.0237604	0.00629984	0.0183912	0.00131584	0.0424999	0.00470446	0.0150183	0.417081	0.0287708	0.141119	0.0484062	
0.00549932	0.0254152	0.0114083	0.00682448	0.0188646	0.0134625	0.029587	0.44051	0.0100534	0.0122149	0.0113198	0.00508888	0.0305035	0.0311472	0.00256038	0.00603609	0.00345385	0.169683	0.0562519	0.110115	
0.0200663	0.0388429	0.0332462	0.0269079	0.00861317	0.0611529	0.00396698	0.00335297	0.0184733	0.455839	0.207189	0.0415859	0.000346725	0.00746687	0.00918939	0.00757107	0.00199189	0.00427996	0.00502457	0.0448933	
0.00826599	0.0285437	0.0124014	0.462476	0.0495612	0.00293746	0.0169886	0.0185594	0.00351123	0.028903	0.0301372	0.0549144	0.053464	0.0197092	0.00962049	0.0572744	0.0438363	0.00445797	0.0662921	0.0281462	
0.080666	0.00474566	0.0165408	0.00140814	0.0614925	0.00378607	0.137529	0.00695045	0.362439	0.0154925	0.00646283	0.0176284	0.0103286	0.0085848	0.134676	0.0271324	0.0111537	0.0581027	0.0050325	0.0298475	
0.031551	0.0469566	0.00278716	0.0457054	0.0532601	0.0483448	0.00677567	0.00458373	0.00232294	0.0395435	0.0312783	0.531712	0.0368202	0.0187702	0.0165341	0.0058155	0.00401554	0.0402444	0.0304739	0.00250506	
0.00358482	0.0462314	0.00444154	0.00305642	0.00774316	0.00533133	0.0473383	0.00751195	0.0337835	0.00281159	0.00470601	0.0535882	0.0108765	0.0295154	0.0440319	0.0173951	0.0269701	0.571886	0.0439634	0.035234	
0.0363803	0.0207992	0.0335954	0.0484466	0.0536863	0.0332373	0.0272634	0.00273207	0.0138968	0.0280966	0.00990013	0.012923	0.00255498	0.0609493	0.0143116	0.0214833	0.398495	0.019727	0.10787	0.0536514	
0.00362791	0.0419038	0.00451851	0.00286547	0.0075753	0.00599219	0.044295	0.00889883	0.0350888	0.00287763	0.0041901	0.0498623	0.0100968	0.0325386	0.0448228	0.0191724	0.0265976	0.573651	0.0419112	0.0395138	
0.00424607	0.0270553	0.0382839	0.0538651	0.0563462	0.0427167	0.0214118	0.00115435	0.00353626	0.023634	0.00518194	0.0118031	0.00115117	0.0458029	0.00556176	0.0147147	0.419221	0.0276257	0.148243	0.0484449	
0.132551	0.00290032	0.0122911	0.0159234	0.0337974	0.0125804	0.480117	0.0118174	0.0794057	0.00635215	0.0112839	0.00280691	0.000757363	0.00290984	0.0461686	0.070765	0.0189927	0.0431263	0.0146269	0.000827023	
0.373029	0.0056218	0.00584006	0.015181	0.00529497	0.0586153	0.114216	0.00666503	0.029879	0.00673904	0.017552	0.0155267	0.000711145	0.0286135	0.0170659	0.259325	0.00248443	0.0214042	0.0133394	0.00289621	
0.0100249	0.0230444	0.00672231	0.00506276	0.0206132	0.0180514	0.020242	0.0894773	0.0482616	0.0109239	0.0175249	0.00715053	0.00566148	0.158023	0.00309803	0.0215895	0.023395	0.40012	0.0454001	0.0656133	
0.00536287	0.0149763	0.434196	0.188033	0.0540024	0.0145267	0.00558542	0.00504337	0.00137763	0.0338378	0.0233452	0.0954288	0.0304581	0.00842032	0.00307842	0.00633015	0.0210462	0.002315	0.0512333	0.00140274	
0.0628886	0.0517274	0.0231604	0.0266405	0.00802988	0.0468135	0.00825446	0.253156	0.0078571	0.393139	0.00949648	0.017702	0.000413	0.00722831	0.00384277	0.00245147	0.00569701	0.0285392	0.00571582	0.0372469	
0.0308488	0.0486885	0.04597	0.0355022	0.00826327	0.0628303	0.00565104	0.0225879	0.0183548	0.506237	0.0752632	0.050724	0.000526367	0.00782493	0.00677036	0.00582298	0.0184737	0.010651	0.00634613	0.0326636	
0.00803566	0.0272384	0.0134366	0.467782	0.0519002	0.00326491	0.0173979	0.0210685	0.00236802	0.0276366	0.0293527	0.0583612	0.0552605	0.0175002	0.010324	0.0526699	0.0407428	0.00426644	0.062761	0.028632	
0.02892	0.00711114	0.22934	0.0156215	0.0436911	0.023604	0.0154433	0.00838011	0.194647	0.0787669	0.0592717	0.0832839	0.0310993	0.0181988	0.0159893	0.092504	0.0106882	0.0171782	0.0166991	0.00956317	
0.0581464	0.00278828	0.0392605	0.02737	0.0824012	0.0170996	0.0359602	0.0057751	0.0837188	0.0145883	0.0045603	0.0218434	0.0253796	0.206264	0.040404	0.0834062	0.166417	0.0350139	0.0191837	0.0304201	
0.124888	0.015797	0.014358	0.00481703	0.0407542	0.0202852	0.446851	0.014657	0.12148	0.00801502	0.0138222	0.00631326	0.00130407	0.00896028	0.0299007	0.0552592	0.0103269	0.050041	0.0111503	0.00101908	
0.0159584	0.0282571	0.0133115	0.212389	0.0350012	0.00535733	0.0234777	0.0126509	0.00989503	0.0270247	0.0196979	0.387368	0.0813134	0.0303448	0.0115731	0.0235231	0.0154883	0.0107743	0.029095	0.00749887	
0.0396547	0.00385057	0.0476388	0.0390618	0.0528692	0.404084	0.0175667	0.0182172	0.0091078	0.0532168	0.0287212	0.110156	0.0166074	0.0380081	0.00869673	0.0324983	0.0467063	0.00884577	0.00997548	0.0145169	
0.0719725	0.0050051	0.0181887	0.00155462	0.0670343	0.00264161	0.14374	0.00534526	0.329356	0.0176145	0.0074958	0.0131451	0.00712247	0.0100657	0.164259	0.023168	0.0117675	0.0657579	0.00650521	0.028261	
0.0330044	0.0024943	0.0640311	0.0621131	0.308979	0.0754966	0.00944695	0.0078591	0.0211468	0.23984	0.0289618	0.0590604	0.000627181	0.0153462	0.00691731	0.00269875	0.0347428	0.00456657	0.0126949	0.00997217	
0.0117492	0.743063	0.0256577	0.0221516	0.000729849	0.00056512	0.0149546	0.0264067	0.00382535	0.0345505	0.0216687	0.0270959	0.0206141	0.00913134	0.000311367	0.000471011	0.00996905	0.0261154	0.000861677	0.000107206	
0.0241149	0.00384508	0.048791	0.00430812	0.0367202	0.00760986	0.0223979	0.0064256	0.115461	0.285404	0.186062	0.0453504	0.00254921	0.0247237	0.0748837	0.0622972	0.0092863	0.0111313	0.00592604	0.0227111	
0.0340315	0.02797	0.0116991	0.0119118	0.0102818	0.0100886	0.0119565	0.168928	0.00983506	0.37685	0.0668905	0.0146172	0.000520682	0.00617168	0.00294861	0.00318096	0.0139476	0.115856	0.00589313	0.09642	
0.0192685	0.00364257	0.0469468	0.0049475	0.0231658	0.00723828	0.0103486	0.00572145	0.103917	0.319335	0.221864	0.0495998	0.00262439	0.0218037	0.0639199	0.0564898	0.00679722	0.00669461	0.0052872	0.0203869	
0.0408963	0.00346697	0.0261252	0.00671092	0.0336527	0.399967	0.0155064	0.0149494	0.0223093	0.0348079	0.0313467	0.142243	0.0176471	0.0589061	0.00599935	0.0925221	0.0188556	0.00820877	0.0152504	0.0106283	
0.00890911	0.0132058	0.0183171	0.00548369	0.0552816	0.0190006	0.0382198	0.175892	0.164517	0.0101299	0.00611156	0.0127448	0.0349644	0.0363233	0.0104026	0.0183653	0.0118113	0.24333	0.0402526	0.0767377	
0.179947	0.00378037	0.00922297	0.010232	0.00537708	0.0143937	0.00637791	0.0130832	0.193085	0.00188459	0.0140392	0.0262777	0.320107	0.0338272	0.0094001	0.100328	0.0206081	0.00421656	0.0256784	0.00813438	
0.00636253	0.0357416	0.0418317	0.0571894	0.0184435	0.021094	0.00235901	0.0182907	0.00743065	0.0011498	0.0396201	0.0502063	0.587153	0.00419993	0.00318746	0.00953755	0.00589022	0.0206494	0.0517431	0.0179197	
0.0349422	0.0465865	0.0418836	0.03643	0.0175098	0.066905	0.0067717	0.027074	0.0166674	0.501853	0.0683528	0.0455997	0.000427312	0.00848677	0.00705255	0.00472255	0.0210914	0.0106178	0.00652846	0.0304979	
0.0269835	0.0417005	0.189721	0.176068	0.0346906	0.0124398	0.103842	0.179197	0.00540285	0.0268358	0.0267831	0.0149913	0.00561915	0.0771399	0.00789441	0.0177714	0.0116117	0.0167785	0.0203159	0.00421339	
0.0340861	0.0523922	0.043622	0.0347031	0.013048	0.0590579	0.00845103	0.0330677	0.0175362	0.50881	0.0652902	0.0457615	0.00048797	0.00857348	0.00774814	0.00377214	0.0161935	0.0105753	0.00566054	0.0311629	
0.0468861	0.00505992	0.0130367	0.00337356	0.0576127	0.328247	0.0284513	0.02841	0.0666888	0.0666205	0.1262	0.0380258	0.0129981	0.0214931	0.0651651	0.0218539	0.0153695	0.0141422	0.00888333	0.0314824	
0.0133148	0.00383084	0.370658	0.0466424	0.0434964	0.0576103	0.0179251	0.00605003	0.144681	0.0239876	0.0411435	0.043734	0.0203457	0.0093897	0.00118057	0.108766	0.0157855	0.00579597	0.0221636	0.00349864	
0.0120192	0.744121	0.0248954	0.0221828	0.000755747	0.000723046	0.0149783	0.0253303	0.00389918	0.0353884	0.0225444	0.0273107	0.0206588	0.00899344	0.000350075	0.000658598	0.00977893	0.0245819	0.000728193	0.000101592	
0.013886	0.00312844	0.0106137	0.0947138	0.0132776	0.0107064	0.0364768	0.00394075	0.00953828	0.0106148	0.0154179	0.0641194	0.00339135	0.0663369	0.013316	0.38089	0.191272	0.0288986	0.0221201	0.007342	
0.00580948	0.00775853	0.00644023	0.00690728	0.0169126	0.012698	0.0199305	0.201751	0.00858067	0.0903102	0.174832	0.00472179	0.00600314	0.0193578	0.00271456	0.00557539	0.0218385	0.219235	0.0187592	0.149864	
0.275868	0.0248585	0.0115966	0.217509	0.0562545	0.00594709	0.0792305	0.0259634	0.0150006	0.0475339	0.0362134	0.0365079	0.0085496	0.031963	0.0257882	0.0133358	0.026517	0.00427848	0.0288897	0.0281953	
0.0129415	0.00113502	0.00397164	0.00161625	0.0730477	0.652808	0.0129231	0.0197272	0.00594193	0.0445591	0.0369752	0.0347826	0.0131392	0.0168566	0.00110592	0.00684626	0.015106	0.00149472	0.0036522	0.0413694	
0.0103846	0.000377085	0.0283731	0.0272644	0.0349682	0.00160115	0.00846366	0.0174453	0.00504908	0.0020132	0.0176125	0.0184259	0.0260357	0.0138258	0.000718568	0.00530777	0.0387451	0.0281371	0.623229	0.0920227	
0.0617818	0.0321758	0.0104559	0.0129701	0.00288723	0.018292	0.00686337	0.219685	0.00775013	0.352055	0.0654267	0.0150693	0.000427753	0.0072173	0.00244569	0.00166648	0.0067022	0.0801657	0.00619117	0.0897708	
0.0315008	0.0494361	0.0466809	0.0383102	0.0112663	0.0608516	0.0055454	0.024213	0.0186165	0.507582	0.0736561	0.0474589	0.000411442	0.00867827	0.00663545	0.00462089	0.0178449	0.00895004	0.00590718	0.0318343	
0.0133638	0.00196038	0.00589159	0.00155001	0.0675289	0.642719	0.0155121	0.0192129	0.00634544	0.0440505	0.0367311	0.0380937	0.0123494	0.0182705	0.0009856	0.015774	0.0162643	0.00193231	0.00307465	0.03839	
0.0306234	0.0474445	0.00300868	0.0411114	0.0562498	0.0489794	0.00589482	0.00403799	0.00277847	0.0392133	0.0318035	0.535102	0.0369471	0.0195201	0.0133203	0.00543265	0.00374874	0.0385688	0.0337069	0.00250813	
0.00668855	0.0360004	0.0411756	0.0581715	0.0194357	0.0215708	0.0028538	0.019353	0.00907697	0.00117602	0.0389475	0.0541221	0.580904	0.00417218	0.00258677	0.00944809	0.00557372	0.0213343	0.0477793	0.0196303	
0.063511	0.0335355	0.0119049	0.246686	0.0629377	0.00397537	0.00981155	0.0079492	0.0334084	0.140128	0.126805	0.0180265	0.0155597	0.0736872	0.0233782	0.0551135	0.00961218	0.00603801	0.0172681	0.0406648	
0.0119225	0.741404	0.0258847	0.0216851	0.000820378	0.000626595	0.0148664	0.0257899	0.00396259	0.034401	0.0227223	0.0293441	0.0207106	0.00920969	0.000360653	0.000492655	0.00995469	0.024919	0.000814816	0.000108177	
0.00653338	0.0393372	0.410512	0.143772	0.056328	0.00493772	0.0141426	0.0333411	0.00347442	0.0395366	0.0361308	0.0297705	0.0672844	0.0211452	0.00936508	0.0126518	0.026874	0.0040191	0.0388083	0.00203532	
0.0368686	0.00944514	0.0372807	0.211896	0.0229545	0.0156545	0.0321497	0.0469408	0.0123358	0.113611	0.0420124	0.191806	0.00332492	0.0210456	0.0564782	0.0912955	0.016033	0.0122515	0.0118284	0.014788	
0.0350094	0.00330752	0.0650045	0.063563	0.287212	0.0738189	0.0106602	0.00962593	0.0198373	0.261662	0.0245546	0.0596539	0.000565252	0.0162818	0.00662026	0.00328296	0.0354086	0.00516102	0.00995524	0.00881583	
0.0600986	0.0257731	0.0462605	0.0578351	0.0569424	0.0363845	0.010892	0.0800589	0.0232695	0.296121	0.0324998	0.0356806	0.000891229	0.0208425	0.00683404	0.0357813	0.0822188	0.0335734	0.0212353	0.0368074	
0.125042	0.000888681	0.0500982	0.0427528	0.0116229	0.237597	0.0188117	0.00248102	0.0279603	0.0191233	0.00234577	0.161986	0.032263	0.0717389	0.0425379	0.0664868	0.0479706	0.025983	0.00246534	0.00984471	
0.108961	0.00669725	0.269499	0.0316798	0.0495881	0.00852865	0.0322342	0.0130095	0.0236211	0.00770179	0.00295506	0.0504599	0.00281974	0.0484186	0.0637017	0.0604088	0.0863968	0.107333	0.0117102	0.0142761	
0.0301832	0.00346751	0.086593	0.147269	0.0132646	0.00525799	0.00582151	0.00554136	0.0210358	0.00175938	0.0284931	0.0101606	0.424273	0.0765274	0.0147818	0.0359983	0.0509048	0.00610294	0.0250143	0.00755068	
0.0332735	0.0066823	0.024236	0.337863	0.0107799	0.00614836	0.0211865	0.00962591	0.00778594	0.0107996	0.0211839	0.0201904	0.0019945	0.082188	0.0108394	0.307451	0.0494939	0.00737423	0.0216022	0.00930103	
0.0115607	0.000424921	0.028746	0.0261493	0.0351469	0.00164049	0.00933183	0.0177995	0.0054249	0.00214396	0.0191341	0.0192209	0.0248871	0.0138999	0.000725496	0.00479318	0.0389138	0.0288133	0.619062	0.0921817	
0.0302433	0.00673697	0.034637	0.0825692	0.0052764	0.0610746	0.0603735	0.0154162	0.0282482	0.00694626	0.027926	0.0361443	0.000879804	0.0530965	0.0181994	0.438262	0.0447542	0.0299894	0.0158355	0.00339131	
0.0169116	0.000607854	0.00139588	0.0164637	0.0205273	0.03842	0.00274883	0.0511428	0.0108817	0.0430526	0.0570321	0.00222348	0.0115511	0.0152411	0.00772177	0.00267628	0.02277	0.0555866	0.136693	0.486353	
0.0291719	0.0523435	0.0406571	0.0390343	0.0214548	0.0392007	0.0415824	0.5767	0.00436171	0.0208552	0.00371037	0.00723479	0.0110856	0.0298164	0.00286627	0.00567701	0.00229872	0.0165	0.0268351	0.0286137	
0.0378747	0.0360967	0.0228304	0.0096355	0.0336929	0.00980027	0.0410457	0.0221262	0.0197778	0.00670878	0.0792466	0.0471003	0.0162523	0.0458725	0.0205153	0.0273826	0.00582773	0.447779	0.0341642	0.0362703	
0.00942606	0.0303602	0.0143492	0.459368	0.0457868	0.00313828	0.0186356	0.0193105	0.00316853	0.0314674	0.0294768	0.0584564	0.0584806	0.0202632	0.00981973	0.0547553	0.0400636	0.0046938	0.0618122	0.0271678	
0.0285189	0.00704958	0.0243709	0.00328468	0.0723385	0.00658315	0.0573117	0.00518212	0.224757	0.0228943	0.00774553	0.0153978	0.00500912	0.0271734	0.256842	0.0200183	0.0816505	0.0891841	0.00918323	0.0355052	
0.0358666	0.00479815	0.0217376	0.14998	0.00371043	0.00273037	0.00973449	0.0197087	0.00769828	0.00216008	0.0208023	0.151926	0.46588	0.0115535	0.00542442	0.030529	0.0152125	0.00748187	0.0300437	0.00302184	
0.0813197	0.00180117	0.0541843	0.0541466	0.0155122	0.156541	0.0292414	0.00693208	0.0222927	0.0153225	0.0046039	0.276541	0.0221216	0.0589821	0.0252251	0.0749034	0.0592505	0.0204075	0.00841839	0.0122527	
0.165317	0.00389347	0.00937356	0.0213802	0.00359648	0.0121946	0.00747982	0.0146243	0.143565	0.00124574	0.0165336	0.0498348	0.374712	0.0240047	0.0079518	0.10204	0.0124221	0.00393763	0.0213979	0.00449478	
0.12107	0.00738265	0.119797	0.122314	0.0306531	0.0172488	0.0266705	0.0424203	0.0146182	0.0140145	0.0119447	0.0320242	0.0158812	0.14061	0.0737288	0.0609933	0.0646519	0.0610577	0.0132943	0.00962581	
0.0336922	0.0121361	0.0331047	0.0785733	0.0247422	0.0318975	0.0698695	0.0131833	0.00999237	0.027135	0.021388	0.420324	0.0255502	0.0351527	0.0148881	0.0372835	0.024569	0.026085	0.0206495	0.0397837	
0.0437817	0.00377955	0.0707443	0.00670088	0.0305078	0.402747	0.0245854	0.0195034	0.0233943	0.0184746	0.0367487	0.0277093	0.0118729	0.0499947	0.00434301	0.160184	0.0376082	0.00934434	0.00919601	0.0087799	
0.0821179	0.026821	0.031151	0.0357758	0.0380792	0.0296283	0.0158086	0.157885	0.0104767	0.292685	0.0220692	0.0240704	0.00151756	0.0157721	0.00490644	0.00986909	0.0909538	0.0417346	0.0178526	0.0508259	
0.0129888	0.7408	0.0260171	0.0228094	0.000837357	0.00101999	0.0150636	0.0257375	0.00376705	0.0343311	0.0220336	0.0279328	0.0201922	0.00958052	0.000361132	0.000515369	0.0101397	0.0249767	0.000746606	0.000149364	
0.018354	0.000498811	0.0012731	0.0153579	0.0189816	0.0384744	0.0024333	0.0495989	0.0107291	0.0430517	0.0555084	0.00203651	0.0113202	0.0164492	0.00786187	0.00258537	0.0229883	0.0555891	0.133916	0.492992	
0.00609162	0.0354747	0.0407083	0.0553391	0.02087	0.022008	0.00322823	0.0202421	0.00834802	0.00126205	0.0381144	0.0534083	0.586687	0.00365665	0.00259314	0.00899763	0.00525001	0.0234368	0.0459826	0.0183014	
0.0121713	0.00100042	0.00394686	0.00141924	0.0712125	0.653707	0.014694	0.0194317	0.00620386	0.046873	0.0357224	0.0358926	0.0128892	0.0156243	0.00118668	0.00676772	0.0151028	0.00184313	0.00292226	0.0413892	
0.103264	0.00320443	0.147373	0.0471753	0.018679	0.00862124	0.062293	0.0268446	0.0214601	0.00988781	0.0113483	0.0474874	0.0145852	0.043145	0.0144496	0.140687	0.098035	0.125168	0.0234656	0.0328268	
0.031686	0.00159185	0.0537494	0.0485022	0.448278	0.0689492	0.0136592	0.0289212	0.0241262	0.111215	0.0356065	0.0384244	0.00126995	0.0187357	0.0108627	0.00269287	0.0262437	0.0112215	0.00918462	0.0150796	
0.182141	0.0206766	0.00455526	0.0489081	0.0248556	0.0522073	0.0165646	0.0978079	0.0377101	0.0852889	0.0170857	0.251318	0.0480362	0.0268569	0.014875	0.0115061	0.0113841	0.0252276	0.0169498	0.00604577	
0.00554813	0.0153733	0.426398	0.195609	0.0549083	0.0144434	0.00660377	0.00666039	0.00149478	0.0340265	0.0237797	0.0883659	0.0316864	0.00854888	0.00349302	0.00699307	0.0212747	0.00263135	0.0508927	0.0012688	
0.0781677	0.00374487	0.00981678	0.0119006	0.0543791	0.0196478	0.00674759	0.0285628	0.0363684	0.0882629	0.022314	0.0087693	0.00483725	0.0354263	0.020488	0.0118343	0.0901771	0.0564968	0.0792959	0.332763	
0.00822562	0.0287029	0.0139559	0.462712	0.0487704	0.00298984	0.0170871	0.0192985	0.00291102	0.0306044	0.0308164	0.059933	0.054454	0.0190068	0.0101003	0.0535069	0.0431872	0.0042625	0.0627793	0.0266956	
0.00865409	0.0279272	0.014714	0.46568	0.0494099	0.00352859	0.01823	0.0216994	0.00272762	0.0300529	0.0297989	0.0577603	0.0553433	0.0189492	0.00971962	0.0563211	0.0389212	0.00385477	0.0609266	0.0257813	
0.0372939	0.0500385	0.046006	0.0372281	0.0185152	0.0575222	0.0094885	0.0471097	0.0171418	0.500322	0.0475004	0.0483545	0.000479582	0.00751849	0.00632406	0.00409976	0.0212074	0.0135192	0.0051169	0.0252141	
0.0697237	0.00448713	0.0192156	0.00137773	0.0643373	0.00208283	0.132419	0.00545304	0.335609	0.0179808	0.00707546	0.0131873	0.00812753	0.0104209	0.167506	0.0228027	0.0122857	0.0675728	0.00576433	0.0325707	
0.201533	0.0245003	0.0378323	0.156569	0.0549322	0.00791583	0.290714	0.0456938	0.00963115	0.018197	0.0361389	0.0103617	0.00314453	0.022128	0.00712346	0.0227152	0.0134204	0.00627176	0.0283621	0.0028159	
0.0595944	0.0197058	0.0432992	0.0560791	0.0800099	0.0530755	0.0544729	0.0196085	0.0174783	0.306912	0.0345195	0.0526248	0.00118202	0.0891505	0.00570948	0.0131318	0.041008	0.0179481	0.0158065	0.0186838	
0.0606993	0.0319869	0.0129616	0.0129199	0.00556976	0.0171151	0.00933428	0.248062	0.00748315	0.338007	0.0490066	0.0149713	0.000522504	0.00722261	0.00256957	0.00174147	0.0101444	0.0893636	0.00473319	0.0755858	
0.0306076	0.00416793	0.0127456	0.00439218	0.0168009	0.122676	0.0493628	0.00852257	0.0167599	0.00992645	0.0144108	0.00710443	0.0060657	0.0627403	0.00402925	0.402314	0.178434	0.0230908	0.0138502	0.011999	
0.0305206	0.00673468	0.0231906	0.0841256	0.014638	0.00841632	0.0902089	0.00805277	0.0170464	0.0121006	0.0185856	0.0245255	0.00184237	0.0574263	0.0523725	0.421396	0.078437	0.0272922	0.0169434	0.00614411	
0.0104646	0.0109837	0.0104165	0.00191715	0.0376311	0.0761802	0.0275693	0.165655	0.0220271	0.0147446	0.00793627	0.0118319	0.00848951	0.0456322	0.00192836	0.035287	0.075707	0.36071	0.0170959	0.0577928	
0.0691443	0.00225266	0.1343	0.106358	0.0131396	0.0997084	0.0302384	0.00787548	0.0231626	0.00678477	0.00341359	0.237002	0.00985945	0.044082	0.0178264	0.0797325	0.0777228	0.0199164	0.00597555	0.0115049	
0.0998455	0.00538658	0.0177053	0.0204418	0.0142483	0.00831762	0.248673	0.00759388	0.0597231	0.0363246	0.0204431	0.019725	0.00350505	0.0160462	0.0673351	0.259888	0.0601899	0.0209769	0.0111185	0.00251237	
0.0257583	0.00179625	0.0143868	0.00771671	0.553178	0.00791133	0.0219405	0.0563636	0.031295	0.0267484	0.0165647	0.0253631	0.0133079	0.0262966	0.0132558	0.00251295	0.0213528	0.0951312	0.0252509	0.0138691	
0.0157802	0.0208733	0.0153105	0.405593	0.0349598	0.00382974	0.014521	0.0193259	0.008226	0.0250378	0.024876	0.051778	0.0243383	0.103564	0.00752918	0.111476	0.0478035	0.00619223	0.0388084	0.0201771	
0.0760078	0.00502885	0.0186435	0.0016157	0.0514887	0.00289611	0.0875608	0.00409209	0.246713	0.0187361	0.00850931	0.00807428	0.00533353	0.00772275	0.291023	0.0150774	0.0178862	0.0926347	0.00629924	0.0346569	
0.0203428	0.00227684	0.0134815	0.0105855	0.514922	0.00937766	0.0268902	0.082084	0.0298195	0.0164289	0.00971876	0.0153553	0.0158229	0.0287532	0.0113094	0.00283081	0.0148889	0.114747	0.0277644	0.0325999	
0.0448274	0.0278398	0.0172105	0.282176	0.0644367	0.00358496	0.0122885	0.0163526	0.0454339	0.152176	0.086092	0.0140238	0.0156563	0.0717215	0.0313744	0.0393291	0.0113351	0.00754279	0.019351	0.0372477	
0.0287535	0.0183838	0.0376753	0.0303813	0.0828731	0.0403981	0.0362831	0.188309	0.00590232	0.0345845	0.342721	0.00964054	0.00644099	0.024147	0.00326016	0.00680081	0.00410784	0.0186196	0.020491	0.0602272	
0.0285459	0.00188265	0.0353588	0.0380502	0.46972	0.0698299	0.0203681	0.103325	0.0114561	0.0604505	0.0773435	0.0105476	0.000981765	0.0097497	0.00359402	0.00161196	0.00538453	0.0157451	0.0142438	0.0218101	
0.00577177	0.0368751	0.0424195	0.0571777	0.0214132	0.0215452	0.00195018	0.0209214	0.00841006	0.00121557	0.0361446	0.0487362	0.587806	0.00535901	0.00315097	0.00904777	0.0060697	0.022639	0.0440824	0.0192643	
0.0745272	0.00536228	0.0181253	0.00110629	0.0649931	0.00297178	0.14228	0.00589303	0.34185	0.0187632	0.00734987	0.0146624	0.00840985	0.0105695	0.147989	0.0250222	0.0120528	0.0620996	0.00633814	0.0296345	
0.0888521	0.00438859	0.245345	0.157543	0.0262017	0.024515	0.0195667	0.0124083	0.0161968	0.017146	0.0079178	0.0837881	0.020918	0.0346019	0.0152145	0.0564282	0.105275	0.0294341	0.0277242	0.00653487	
0.0548373	0.0035021	0.0656719	0.0677315	0.0196138	0.00917464	0.0418117	0.00840024	0.0195073	0.0301146	0.0511144	0.0549713	0.0170662	0.0548187	0.0320408	0.331247	0.0830914	0.0329262	0.0145255	0.00783389	
0.033442	0.00337828	0.0293205	0.0635629	0.00787467	0.0987608	0.0396246	0.00623374	0.0169972	0.00594493	0.00410998	0.0542447	0.00511202	0.123066	0.0260569	0.283783	0.152597	0.0243737	0.0144145	0.00710304	
0.0103272	0.000511906	0.0284793	0.0288753	0.034233	0.00174022	0.0104755	0.01638	0.00535419	0.00204903	0.0183857	0.0185275	0.0251102	0.0148098	0.000793732	0.00502789	0.0380889	0.0273111	0.621928	0.0915912	
0.0662433	0.00320461	0.0644027	0.11366	0.0137353	0.0337539	0.00870194	0.0038101	0.0281357	0.00358101	0.020189	0.0298564	0.351538	0.0544254	0.0459812	0.0376663	0.0874938	0.0074531	0.0170682	0.00909989	
0.0839662	0.00231046	0.0643559	0.0281601	0.0220248	0.255034	0.0195348	0.00624933	0.0314961	0.0213965	0.010942	0.17595	0.0194689	0.100588	0.0246521	0.0610716	0.0374971	0.0188943	0.00770141	0.00870649	
0.0316778	0.0254895	0.176931	0.0318556	0.0537115	0.00868894	0.383108	0.0542814	0.0320465	0.0113355	0.0437841	0.0035831	0.00224233	0.00850804	0.008602	0.0374135	0.0317354	0.0253166	0.0277879	0.00190107	
0.0750521	0.00373797	0.180833	0.190625	0.0170104	0.0155477	0.0212975	0.0127428	0.0152645	0.00739601	0.00409626	0.0618161	0.0276849	0.0425708	0.0100991	0.0913237	0.152779	0.0432568	0.0164353	0.010432	
0.121694	0.00331823	0.0987408	0.0711258	0.0804307	0.0424532	0.0242776	0.0106752	0.0218503	0.0166131	0.00761214	0.0987296	0.011022	0.053206	0.0220478	0.101417	0.152933	0.0354778	0.0144163	0.0119597	
0.0247545	0.00330104	0.0242642	0.015623	0.0139386	0.00839005	0.129283	0.00376114	0.0300203	0.0109494	0.0100365	0.0395378	0.0015128	0.0533025	0.0429921	0.35478	0.176166	0.033641	0.0175549	0.00619093	
0.0119747	0.0012615	0.00307466	0.00141289	0.0717438	0.658917	0.0140508	0.0186515	0.00586781	0.0464068	0.0366663	0.0357704	0.0133054	0.0148213	0.000974563	0.00404355	0.0145085	0.0016219	0.00325953	0.0416667	
0.00875689	0.00737738	0.00404645	0.00655881	0.0220114	0.0949927	0.036635	0.034279	0.0349786	0.00796801	0.00762826	0.0388203	0.0168872	0.0458191	0.0172165	0.0103904	0.0410199	0.491714	0.0264452	0.0464547	
0.00830101	0.00435987	0.0205497	0.0781753	0.00659804	0.0345102	0.0680353	0.00470582	0.00782628	0.00465071	0.00262531	0.0255962	0.000745993	0.0657792	0.0130097	0.396787	0.20786	0.020595	0.0231451	0.00614416	
0.16401	0.0015494	0.050367	0.0443987	0.0131548	0.179596	0.0184124	0.00530307	0.0413138	0.0177311	0.00723862	0.141013	0.0391645	0.0610637	0.041344	0.0855584	0.051767	0.024989	0.00239333	0.0096321	
0.440623	0.0051822	0.00385214	0.00323534	0.0110216	0.0445413	0.130545	0.00771938	0.0372059	0.00850753	0.017702	0.0123889	0.00695095	0.0194762	0.0180429	0.202783	0.00112134	0.00985433	0.012781	0.00646594	
0.0122352	0.742417	0.0253295	0.0227887	0.000778529	0.000747136	0.0153974	0.0250241	0.00413654	0.0342743	0.0214313	0.0275646	0.0204643	0.00934303	0.000348818	0.000543519	0.0104345	0.025752	0.000865704	0.000123347	
0.16691	0.0034468	0.0108157	0.017204	0.00332603	0.0132436	0.00640317	0.014325	0.150626	0.00132453	0.0166796	0.0442558	0.369969	0.0256584	0.0075652	0.10713	0.0130155	0.00385658	0.0203166	0.00392885	
0.0194889	0.00150206	0.0108907	0.0139422	0.0291579	0.0175398	0.106351	0.071972	0.0219066	0.0446462	0.0546676	0.00812907	0.0112921	0.0131108	0.0087201	0.0131736	0.0305887	0.290219	0.0433672	0.189334	
0.12585	0.000917366	0.0506447	0.0403179	0.0120218	0.232006	0.0189473	0.00291504	0.0282632	0.0209062	0.00223859	0.163753	0.0296825	0.072946	0.0413955	0.0665104	0.0504807	0.0270851	0.00257386	0.0105438	
0.0476441	0.00346897	0.0134536	0.0044689	0.0362267	0.42136	0.028909	0.0714419	0.0222082	0.0271626	0.037525	0.0227935	0.0113239	0.0497818	0.0186817	0.11207	0.0279196	0.0155872	0.00984552	0.0181273	
0.125811	0.000885273	0.0502405	0.0407829	0.0128641	0.238863	0.0176631	0.00264687	0.0284329	0.0204772	0.00235422	0.163194	0.0305965	0.0715841	0.0412659	0.0655086	0.0474699	0.0262005	0.0033141	0.00984522	
0.131782	0.00305543	0.0263515	0.0203823	0.00449008	0.0202124	0.010767	0.0132489	0.164449	0.00198819	0.0209765	0.035973	0.315748	0.0316024	0.00822393	0.134866	0.0156095	0.0108025	0.0232371	0.00623505	
0.0370125	0.0113616	0.0175019	0.101121	0.00664754	0.0376043	0.0542512	0.00788719	0.0149986	0.00693531	0.0213223	0.0204449	0.0013653	0.0578727	0.0141929	0.472376	0.0775631	0.0208719	0.0137532	0.00491647	
0.0246069	0.00107899	0.0500871	0.0340182	0.567493	0.0530115	0.0298813	0.00571466	0.0208371	0.00283641	0.0262126	0.0417894	0.0123303	0.0243249	0.0183399	0.00195767	0.0258084	0.0077495	0.0471979	0.00472397	
0.0277364	0.00071108	0.00328314	0.0363392	0.256989	0.0589457	0.00236154	0.011511	0.0254711	0.0078546	0.0647825	0.00379361	0.0092492	0.0267196	0.0180885	0.00846522	0.0299042	0.0134053	0.0902716	0.304118	
0.106329	0.00747324	0.0200868	0.00671085	0.0446579	0.00244007	0.0290566	0.00528989	0.106545	0.0185218	0.00755598	0.0132468	0.00690708	0.00996753	0.456719	0.00489512	0.0201128	0.0951111	0.00776122	0.0306118	
0.0323687	0.0486613	0.00222592	0.0449506	0.0506154	0.0507486	0.00645184	0.00471775	0.0023342	0.0381949	0.0300565	0.536316	0.0376992	0.01915	0.013828	0.00547796	0.00440929	0.0377387	0.0313116	0.00274408	
0.00904016	0.0107218	0.015646	0.0159197	0.00583164	0.00835733	0.0139387	0.0952447	0.0112284	0.217388	0.229901	0.0241567	0.000961627	0.0104079	0.00481788	0.00620556	0.00726401	0.148033	0.0089867	0.155949	
0.00758474	0.0172956	0.00792688	0.00792418	0.0223984	0.0100599	0.0197343	0.160614	0.0122752	0.159055	0.0982579	0.0142837	0.00190921	0.0124907	0.00355519	0.00358996	0.0157196	0.278227	0.00983142	0.137267	
0.0100434	0.000528229	0.0280221	0.0276993	0.0347563	0.00157703	0.0101087	0.0174292	0.00548876	0.00188242	0.0184545	0.0191463	0.0261817	0.0147666	0.000749768	0.0052044	0.0371012	0.0286332	0.62053	0.0916968	
0.0649979	0.0505857	0.0235233	0.0254121	0.00645596	0.0442273	0.00719334	0.225424	0.00830001	0.423185	0.0090875	0.020728	0.000502851	0.00605013	0.00325536	0.00280189	0.00680132	0.0343913	0.0049648	0.0321118	
0.0205397	0.0173301	0.0274701	0.0209868	0.0682605	0.0334787	0.0347741	0.215798	0.0111144	0.0396959	0.00919296	0.0347201	0.00423115	0.0416802	0.00613011	0.0253657	0.160862	0.154014	0.0297654	0.0445895	
0.0497988	0.011824	0.108285	0.0344361	0.0612896	0.086153	0.0341875	0.0141611	0.290861	0.0337688	0.0622139	0.0179151	0.025913	0.011956	0.00426462	0.0631682	0.00831167	0.0292998	0.0231594	0.0290337	
0.117198	0.00622868	0.0145575	0.00433225	0.0715709	0.0109086	0.0284058	0.0139771	0.338879	0.0419707	0.0160063	0.0790314	0.0358388	0.0177643	0.0872951	0.0217522	0.0273829	0.0353526	0.0104355	0.0211118	
0.104061	0.00147655	0.0620676	0.0398908	0.0103059	0.231901	0.020055	0.00440412	0.0257138	0.0168616	0.00684652	0.194311	0.0242279	0.0676928	0.0326855	0.0738242	0.0464278	0.0223183	0.00436093	0.0105676	
0.125551	0.00100328	0.058726	0.0400977	0.0117479	0.23261	0.0180931	0.00297572	0.0286035	0.017678	0.00312864	0.162734	0.033116	0.0721747	0.0388411	0.0689916	0.0458001	0.0247809	0.00359604	0.00975119	
0.126111	0.000879563	0.0505636	0.0413803	0.0116251	0.237588	0.0178708	0.00247734	0.0283129	0.0189437	0.00229638	0.164961	0.0315274	0.0715746	0.0412283	0.0661459	0.0477034	0.0266095	0.00230502	0.00989572	
0.0178373	0.000620293	0.0014594	0.0155244	0.0178604	0.0399987	0.00267154	0.0507225	0.0104391	0.0440014	0.0580615	0.00216828	0.0124064	0.015085	0.00908525	0.00260728	0.0221729	0.055483	0.133773	0.488022	
0.0153272	0.0176743	0.0398309	0.0809484	0.00577041	0.0166776	0.00386653	0.0112407	0.0131436	0.00102307	0.0397177	0.0699083	0.581055	0.00775342	0.00362225	0.0220673	0.0109735	0.0132002	0.0395756	0.00662429	
0.0382071	0.0142904	0.0184409	0.00707013	0.0798536	0.0207757	0.0279821	0.0511265	0.0690367	0.100701	0.0156637	0.088229	0.00440426	0.029308	0.0139087	0.0247217	0.145986	0.184473	0.020757	0.0450642	
0.202473	0.0261319	0.00442418	0.00869244	0.00957906	0.0442669	0.0131453	0.220474	0.0166614	0.281445	0.00568161	0.0678933	0.00122554	0.0162274	0.00705507	0.00304422	0.0068294	0.0355712	0.00801189	0.0211669	
0.10251	0.00263951	0.0195924	0.00274466	0.0549157	0.00873073	0.0321986	0.00856773	0.183465	0.0163671	0.0129903	0.0195591	0.158087	0.0952456	0.024741	0.128854	0.0610988	0.0226358	0.0191141	0.0259433	
0.0689373	0.00441218	0.0185505	0.00603115	0.039454	0.321056	0.0212603	0.0784445	0.0549516	0.0737913	0.0317666	0.0977607	0.0160115	0.0240349	0.0467195	0.033084	0.0165327	0.0160573	0.0101817	0.0209625	
0.00918501	0.00313408	0.025542	0.044945	0.0068567	0.128038	0.0485342	0.00745454	0.0121805	0.00378825	0.00772885	0.0184436	0.00111063	0.0768381	0.0100498	0.351261	0.199644	0.0227891	0.0161599	0.0063156	
0.0177707	0.000503743	0.00154338	0.0150733	0.020068	0.036958	0.00276278	0.0513685	0.0110174	0.0421066	0.0546261	0.0025305	0.0112624	0.016376	0.00867738	0.00265228	0.0228325	0.0566791	0.130605	0.494586	
0.0642038	0.00957784	0.0126052	0.0547297	0.0675436	0.0255406	0.0664655	0.0641912	0.0135588	0.0392985	0.00539535	0.284192	0.0538957	0.036389	0.0128162	0.0381445	0.0624765	0.0622873	0.0169116	0.00977654	
0.0317153	0.0448628	0.00224089	0.0423934	0.0522252	0.053178	0.00589863	0.00412332	0.00204607	0.0405661	0.03503	0.537605	0.0371319	0.0184722	0.0150708	0.0052113	0.00379997	0.0348516	0.0311457	0.00243131	
0.0121499	0.0183147	0.13356	0.0490886	0.0637853	0.0475677	0.0116426	0.00305492	0.00652612	0.044495	0.01292	0.0909782	0.00213086	0.0462786	0.0109196	0.0149187	0.349319	0.0197458	0.0534492	0.00915569	
0.0812879	0.00210067	0.0280785	0.0143363	0.0217193	0.285059	0.0176024	0.00744267	0.0482574	0.0204324	0.0157264	0.135364	0.0311893	0.0952748	0.0152265	0.12017	0.0266228	0.0156966	0.0109239	0.00748887	
0.125929	0.00087373	0.0505304	0.0410746	0.0116758	0.238626	0.0177301	0.00244708	0.028332	0.0191393	0.00231912	0.164402	0.0306195	0.072119	0.041303	0.0662785	0.0478457	0.0265232	0.00227928	0.00995363	
0.0286152	0.0164749	0.0267283	0.302953	0.0522883	0.0343596	0.0203872	0.0236841	0.0844919	0.0452938	0.0393489	0.0369588	0.0211456	0.119751	0.0068167	0.0528896	0.0225798	0.0150143	0.0233216	0.0268977	
0.0225966	0.0224856	0.117923	0.14998	0.0210141	0.00192885	0.00377063	0.012348	0.019063	0.00136598	0.0297044	0.00499724	0.410601	0.0604972	0.0107378	0.0251678	0.047137	0.005402	0.0254749	0.00780428	
0.00472493	0.00600731	0.00268968	0.00612774	0.00327647	0.004138	0.0118308	0.154316	0.00278662	0.160521	0.254329	0.00321114	0.000456243	0.00440607	0.00110752	0.00212257	0.00661451	0.143386	0.0114453	0.216503	
0.0326291	0.0549113	0.0443288	0.0342438	0.00590283	0.0629076	0.00564205	0.0252846	0.0180379	0.510455	0.0738724	0.0448369	0.000516832	0.00715177	0.00718054	0.00510319	0.0172648	0.0105926	0.00629556	0.0328423	
0.00355171	0.00214797	0.00616195	0.00408937	0.0577815	0.0116768	0.0117542	0.1894	0.0119915	0.0119395	0.00973982	0.0052277	0.0277538	0.0296266	0.00180206	0.00678046	0.00652541	0.236159	0.0967234	0.269167	
0.0311536	0.00292187	0.0387934	0.0393534	0.41217	0.0742384	0.0184114	0.122031	0.00957292	0.0863021	0.0832204	0.0121232	0.000616242	0.00792064	0.00317543	0.0026066	0.00550261	0.0110613	0.0157006	0.0231242	
0.0106716	0.000390649	0.029204	0.0276351	0.035836	0.00166706	0.00938603	0.0171055	0.00511685	0.00173877	0.0178811	0.0191687	0.0278224	0.0137913	0.000717296	0.00502737	0.0372815	0.0274663	0.621829	0.0902636	
0.0103632	0.000939791	0.00301389	0.00171237	0.0722953	0.659055	0.0140837	0.0185215	0.00591187	0.0453237	0.0365778	0.037839	0.0124222	0.0149658	0.00106511	0.00381088	0.0153369	0.00189142	0.00266046	0.0422103	
0.00373995	0.0151773	0.00624927	0.00443063	0.0236126	0.016086	0.0239131	0.225211	0.0192557	0.0124282	0.0141974	0.00447328	0.0284566	0.0377935	0.00340947	0.0105532	0.00797658	0.327118	0.0712562	0.144662	
0.107962	0.0251136	0.0146391	0.025044	0.0416098	0.0303939	0.509559	0.0301826	0.0334319	0.0046789	0.0275433	0.00228419	0.00105138	0.00301659	0.0121017	0.0528692	0.0222481	0.0359296	0.0195246	0.000817198	
0.10523	0.0251907	0.0143665	0.0253327	0.0458691	0.0283742	0.510871	0.0278555	0.033291	0.00498686	0.0325077	0.00224303	0.00082449	0.00305358	0.0120839	0.0515818	0.0203227	0.035361	0.0200541	0.000600759	
0.015344	0.0176354	0.039945	0.0826251	0.00572197	0.0182642	0.00272713	0.0120187	0.012415	0.00104981	0.0391279	0.0664493	0.583036	0.00958258	0.00359829	0.0217302	0.0117584	0.0125074	0.038798	0.00566569	
