564	20
0.0242557	0.0128008	0.0227005	0.0225137	0.0419909	0.0225123	0.0183906	0.00236127	0.034925	0.00424182	0.41806	0.134306	0.00718415	0.0251079	0.0029141	0.00889382	0.0206695	0.0293559	0.0605281	0.0862877	
0.0355047	0.00293795	0.13785	0.0704185	0.0085124	0.00126151	0.00549541	0.0592529	0.0299892	0.0781097	0.361286	0.0027895	0.000482098	0.0208573	0.00153094	0.00354709	0.0326943	0.0276064	0.0310747	0.0887986	
0.182672	0.00739215	0.0403366	0.0649741	0.00738489	0.00579145	0.018996	0.0288741	0.242217	0.00667541	0.0065571	0.0352931	0.0371053	0.0871303	0.0260284	0.0956643	0.0453232	0.0264271	0.0181219	0.0170347	
0.0583064	0.0178358	0.00438214	0.00141325	0.228886	0.00511871	0.0113883	0.19311	0.0111219	0.196942	0.0484206	0.00870788	0.000556498	0.0101301	0.00705713	0.00833398	0.052096	0.106114	0.00745378	0.0226255	
0.0732334	0.0226348	0.00817657	0.00485938	0.113253	0.00671423	0.019236	0.262491	0.0149808	0.190475	0.0537459	0.00571432	0.000983653	0.00991772	0.00472005	0.00895822	0.054893	0.103137	0.00994026	0.0319357	
0.0944538	0.0432462	0.00180724	0.000739196	0.132178	0.0052993	0.0206629	0.173049	0.00422754	0.203512	0.079404	0.00155662	0.000376749	0.00431738	0.00200042	0.0137526	0.0556255	0.109383	0.00678221	0.0476268	
0.100717	0.0404353	0.00145408	0.000528822	0.135337	0.005037	0.0139165	0.177368	0.00111608	0.217287	0.0938803	0.00109476	0.000346263	0.00219021	0.00176339	0.0149528	0.0551833	0.0971272	0.00481438	0.0354499	
0.104014	0.041011	0.00165897	0.000572091	0.132034	0.00511667	0.0141466	0.174406	0.00179459	0.216153	0.0920118	0.00099558	0.000314613	0.00201836	0.00178125	0.0154313	0.0555131	0.0971043	0.00476331	0.0391587	
0.100167	0.0511415	0.00169975	0.000671755	0.131306	0.00568245	0.0158083	0.165368	0.00145436	0.207803	0.088965	0.00131723	0.000342495	0.00265332	0.00187252	0.0146444	0.0562796	0.10091	0.00638131	0.0455312	
0.102543	0.0414623	0.00144958	0.000500662	0.133632	0.00510247	0.0141454	0.175615	0.00100391	0.216575	0.0930944	0.000994768	0.00027817	0.00196298	0.00175274	0.0151234	0.055778	0.0978121	0.00471934	0.0364542	
0.0843208	0.0288923	0.0015012	0.000659865	0.17922	0.0041437	0.0124377	0.177606	0.00233515	0.217513	0.0776642	0.00207318	0.000292178	0.00381255	0.00255779	0.0134811	0.054673	0.10121	0.00621117	0.0293956	
0.125742	0.079792	0.00199308	0.000887578	0.0952671	0.0221165	0.0322164	0.138506	0.00124651	0.161246	0.080414	0.00273001	0.00525045	0.00342747	0.00363647	0.0324971	0.0685867	0.0893314	0.0267586	0.0283549	
0.250527	0.125395	0.00371744	0.0128889	0.00811114	0.0954769	0.0305564	0.0428157	0.0137765	0.0529842	0.0174786	0.0117451	0.0358823	0.0291446	0.00317499	0.0844977	0.060099	0.043825	0.0753967	0.00250679	
0.10735	0.00503237	0.0190359	0.0490557	0.0114838	0.0534803	0.0207067	0.0562591	0.00726016	0.00846333	0.00420386	0.0635805	0.00182481	0.0372959	0.00487059	0.153408	0.11094	0.238189	0.0345201	0.0130394	
0.0495979	0.00182211	0.106324	0.0516328	0.0190033	0.159981	0.0213039	0.0114848	0.0830762	0.0184715	0.0114678	0.137906	0.00718188	0.0871736	0.0337368	0.0589394	0.0497885	0.0295695	0.0143386	0.0472008	
0.324664	0.0265155	0.00272662	0.00161146	0.00203186	0.230248	0.0195641	0.00205885	0.00380958	0.00403045	0.00666419	0.0286457	0.00156144	0.0671712	0.000842158	0.179558	0.0521479	0.0184485	0.0237238	0.00397581	
0.040733	0.0209026	0.466775	0.00327399	0.0461499	0.00195095	0.00323681	0.0256964	0.0183455	0.00351355	0.0300034	0.00886439	0.229164	0.0170949	0.0191268	0.00446305	0.00296449	0.0012112	0.0533586	0.00317089	
0.00550877	0.00852007	0.0151793	0.0410922	0.0229552	0.00320021	0.0953754	0.0198155	0.192663	0.00728679	0.0105627	0.00942091	0.00458297	0.11726	0.115859	0.0103088	0.134097	0.111667	0.0151341	0.0595113	
0.0203084	0.0910147	0.0274342	0.0276502	0.0275441	0.0313379	0.0204536	0.501856	0.00410114	0.110085	0.0124044	0.00402138	0.00119196	0.0146827	0.00295814	0.00260174	0.00113415	0.0282829	0.0472896	0.0236486	
0.014821	0.752952	0.022762	0.0188719	0.00215013	0.00108217	0.00393663	0.0487899	0.00226963	0.0430964	0.0399605	0.00769398	0.00661764	0.00504274	0.000650716	0.000377117	0.00759269	0.020156	0.000698421	0.000478835	
0.00165614	0.219134	0.00615185	0.00268734	0.00203667	0.00156969	0.0142934	0.422136	0.00135338	0.198585	0.03206	0.0014567	0.000302269	0.00295153	0.00157644	0.000727341	0.000347453	0.0749572	0.00474864	0.0112688	
0.0026047	0.000540232	0.000397556	0.000569833	0.110746	0.681424	0.00587419	0.0189175	0.00166429	0.0272536	0.0342882	0.0438974	0.00378623	0.0115907	0.000109237	0.000789941	0.00958394	0.000390942	0.00148485	0.0440875	
0.0900972	0.00129069	0.00281321	0.0251759	0.0308266	0.0605709	0.222386	0.0312123	0.0199581	0.0111946	0.0457904	0.00182103	0.00173382	0.00335606	0.00436108	0.00680129	0.0329862	0.0546603	0.0596921	0.293272	
0.0634128	0.012405	0.011425	0.0383525	0.0176741	0.0389252	0.515438	0.0108808	0.00496798	0.0729587	0.018051	0.00580577	0.000845646	0.0749009	0.00271931	0.0148777	0.0442318	0.0172789	0.0329527	0.00189675	
0.49698	0.0242079	0.0046315	0.00301407	0.0138413	0.0141785	0.0298297	0.0191703	0.00721826	0.00478849	0.0630454	0.00468428	0.000843928	0.0214283	0.00411792	0.259491	0.00285295	0.0011309	0.019025	0.00552059	
0.00162732	0.0175645	0.00792164	0.00777758	0.0152262	0.00647247	0.00524611	0.00243807	0.00364743	0.00453924	0.00462461	0.27873	0.0127371	0.0345626	0.0134761	0.00327608	0.162544	0.360415	0.0511777	0.00599497	
0.105737	0.0109735	0.00297275	0.128104	0.01749	0.0085184	0.00514781	0.0167017	0.00304944	0.000936327	0.0239631	0.511172	0.0648877	0.0158248	0.00491979	0.011586	0.00246735	0.0123417	0.0492161	0.00399058	
0.00238432	0.00246879	0.0067547	0.125683	0.000808919	0.00713384	0.0102531	0.00326237	0.00705746	0.000418354	0.0240353	0.529235	0.000173654	0.0302219	0.11609	0.087539	0.00761169	0.018526	0.0162634	0.00407922	
0.0033313	0.00527893	0.00644358	0.00242254	0.0363918	0.413838	0.0790557	0.00208061	0.00262428	0.00514528	0.00976893	0.0458069	0.000555941	0.0250599	0.00303669	0.0373525	0.22671	0.0104158	0.0344429	0.0502387	
0.00421109	0.0397159	0.136517	0.240237	0.0577308	0.00204135	0.102117	0.0012567	0.00977006	0.0138583	0.00788078	0.00119723	0.00140779	0.00492955	0.00212334	0.00921394	0.306695	0.00292242	0.0538877	0.0022866	
0.00219764	0.00160109	0.0114302	0.00265978	0.00843445	0.0114896	0.00409324	0.0503147	0.080134	0.0216501	0.195146	0.00243368	0.000628181	0.152628	0.00697055	0.0112237	0.110615	0.0321848	0.0248391	0.269326	
0.00200226	0.0230886	0.00491023	0.00615491	0.00399051	0.00190332	0.0351527	0.0293507	0.0124711	0.00167123	0.00292794	0.037337	0.0162052	0.0294177	0.0129398	0.0112987	0.0481014	0.613682	0.0492374	0.0581569	
0.0160643	0.0211915	0.469845	0.00223437	0.0504458	0.00303226	0.0061453	0.00525626	0.161897	0.0276145	0.0160975	0.065529	0.0175354	0.0264884	0.017206	0.00520247	0.00536064	0.00806419	0.0708905	0.00389918	
0.00266723	0.0370148	0.0367199	0.0624567	0.0417501	0.0395862	0.0546637	0.000986585	0.00256109	0.0147172	0.00550034	0.00908188	0.0010355	0.0299767	0.00392778	0.00515791	0.50996	0.056791	0.0576762	0.0277692	
0.00410022	0.196928	0.00669744	0.00333892	0.00619706	0.00195683	0.0210427	0.391051	0.00237898	0.219987	0.0351318	0.00289573	0.000273309	0.00404749	0.00191155	0.000954548	0.000941164	0.0813495	0.00575645	0.0130601	
0.00410682	0.0126313	0.0280605	0.072615	0.00827376	0.0256102	0.0285167	0.0711678	0.00468299	0.182517	0.164953	0.0374498	0.00119895	0.0197279	0.00328901	0.017195	0.237227	0.0148183	0.0151322	0.0508265	
0.00307553	0.0950379	0.245279	0.378478	0.0478458	0.00315543	0.00195197	0.00386704	0.000370855	0.0357558	0.0459609	0.0349023	0.0292284	0.00735216	0.00635576	0.00167887	0.00711227	0.00146952	0.0498351	0.00128751	
0.0194363	0.00237123	0.182608	0.0977783	0.0168082	0.0109196	0.0181755	0.00821557	0.125612	0.0065128	0.00706489	0.144848	0.0127448	0.0610091	0.055264	0.110446	0.085875	0.00524635	0.0220516	0.00701212	
0.0220653	0.00932265	0.0381639	0.00750831	0.0330049	0.16155	0.0287779	0.00637588	0.0164241	0.0110423	0.0241664	0.438167	0.00209028	0.129064	0.0126955	0.00435978	0.0180314	0.0185336	0.0153871	0.00326905	
0.00288442	0.0286957	0.00711518	0.0433264	0.00429129	0.00210792	0.0429088	0.119684	0.00255586	0.00703693	0.00633242	0.00782735	0.021613	0.0220207	0.00577737	0.0151128	0.00842987	0.564301	0.0361845	0.0517946	
0.011069	0.0186452	0.00952121	0.347517	0.0304369	0.00296789	0.00776635	0.00125115	0.00149559	0.00186122	0.0117025	0.00803791	0.300799	0.0392985	0.00427998	0.0122041	0.115438	0.00549048	0.0470902	0.0231271	
0.00123741	0.0182131	0.00486681	0.00502974	0.00530479	0.00270515	0.0361856	0.00991945	0.0174129	0.00217698	0.00211113	0.0729513	0.0163376	0.0322505	0.020056	0.0183167	0.0847365	0.556533	0.0521974	0.0414584	
0.0139028	0.0201426	0.00837223	0.0179076	0.0117774	0.00972702	0.0532698	0.00172161	0.00422217	0.00857451	0.00652326	0.00737697	0.00170666	0.0393524	0.00885347	0.00796781	0.522488	0.166336	0.0533351	0.0364417	
0.0146979	0.00201856	0.0100452	0.073594	0.0123568	0.0153325	0.255221	0.00323418	0.00259069	0.00419151	0.0191317	0.13737	0.00130019	0.0414843	0.0132202	0.227563	0.107632	0.0337022	0.0238587	0.00145511	
0.370425	0.0164825	0.00267309	0.00481969	0.00169596	0.153497	0.0210517	0.00160501	0.00886529	0.00499636	0.0344398	0.0202626	0.000807297	0.0556566	0.0126356	0.200492	0.0468711	0.0162102	0.0234752	0.00303831	
0.00105267	0.0186942	0.00369073	0.00704589	0.00417041	0.00362397	0.0128229	0.035041	0.0998811	0.0063409	0.193194	0.00338593	0.00253048	0.187155	0.00768461	0.00621054	0.111282	0.149481	0.0318814	0.114831	
0.00281039	0.0962669	0.250798	0.376499	0.0484711	0.00323104	0.00164404	0.00377339	0.000333998	0.0355539	0.0464296	0.0323525	0.0288214	0.00761772	0.00573994	0.00135743	0.00655928	0.00129318	0.0492351	0.00121176	
0.00570286	0.0196757	0.0373222	0.0862366	0.00977912	0.0335956	0.0174829	0.117199	0.00549734	0.385503	0.0121566	0.0390853	0.000833775	0.0186406	0.0026708	0.00336045	0.138872	0.010561	0.0118746	0.0439504	
0.00313089	0.0132397	0.00319186	0.00380784	0.00137478	0.0046931	0.00831306	0.112836	0.00640375	0.277504	0.00334759	0.0101204	0.00042306	0.005325	0.0028888	0.00440933	0.00509783	0.451641	0.00931483	0.0729374	
0.00875401	0.019687	0.00363414	0.38024	0.0382003	0.00396115	0.145148	0.0340255	0.00201784	0.0216657	0.0362099	0.0503091	0.0116228	0.108494	0.00442132	0.0355321	0.0441338	0.00405184	0.0409339	0.00695839	
0.0154002	0.00235556	0.187152	0.0308126	0.0140113	0.0143056	0.0184855	0.00692302	0.0682457	0.00425751	0.00317931	0.180359	0.00499635	0.0194692	0.0340577	0.183413	0.170114	0.00296304	0.0318249	0.00767335	
0.0383304	0.0042814	0.028829	0.245033	0.00361597	0.00369727	0.00668225	0.019226	0.0596051	0.00402631	0.00439373	0.153985	0.00139048	0.207129	0.029533	0.0822417	0.0715596	0.00947221	0.023315	0.0036534	
0.0583638	0.00305174	0.00313403	0.0111736	0.0130667	0.0719681	0.351359	0.00385264	0.153097	0.00167414	0.0222212	0.0507708	0.0348003	0.0373738	0.0286567	0.100512	0.0208329	0.0130868	0.0174433	0.00356109	
0.00358743	0.00941454	0.00797557	0.188821	0.00963385	0.0119182	0.0783051	0.0795639	0.00262094	0.142504	0.0842101	0.172623	0.0010578	0.0149195	0.0026048	0.00464336	0.151085	0.00451737	0.0261047	0.00388921	
0.0409828	0.00241758	0.0839671	0.0191898	0.0331689	0.390164	0.0121498	0.00543325	0.0103199	0.00474913	0.0199677	0.0829156	0.255713	0.0103689	0.000595672	0.00933905	0.00680276	0.00172695	0.00592697	0.00410164	
0.0621562	0.00719473	0.016792	0.132043	0.0101733	0.00906121	0.0351711	0.00189838	0.194314	0.0148187	0.167115	0.0136762	0.006624	0.0191238	0.122088	0.0489919	0.0819552	0.00756094	0.0258162	0.0234263	
0.0252449	0.00150558	0.00790446	0.0310279	0.232142	0.0528849	0.00238754	0.11578	0.00503444	0.170268	0.0297778	0.00442666	0.00103615	0.007445	0.00173555	0.00357289	0.00280111	0.0127376	0.137847	0.154441	
0.0152247	0.751447	0.0221889	0.0178781	0.00233844	0.0012208	0.00456998	0.0488996	0.00206678	0.0439686	0.0393592	0.00819098	0.00647149	0.00558049	0.000619198	0.000434674	0.0072978	0.0211314	0.000636657	0.000475613	
0.111131	0.00319775	0.0827292	0.00303314	0.00294786	0.00907441	0.0076598	0.0117811	0.0903112	0.0302333	0.0852478	0.123372	0.142646	0.0503562	0.0674899	0.141912	0.0203218	0.00146275	0.0106653	0.00442714	
0.0348156	0.024432	0.027479	0.0247747	0.0417455	0.00774756	0.0225598	0.0944212	0.00620449	0.204102	0.216219	0.00913015	0.000593221	0.00880554	0.00229546	0.00765141	0.111322	0.0678925	0.00950969	0.0782995	
0.0469344	0.00290632	0.159735	0.0363277	0.00738693	0.018815	0.0139371	0.00891788	0.112253	0.0486908	0.0700708	0.140365	0.0621108	0.0822209	0.0454385	0.0912002	0.0212567	0.00686933	0.0160266	0.00853676	
0.0122473	0.00411328	0.00563784	0.0014732	0.0281571	0.353058	0.0140386	0.0111024	0.00578695	0.220955	0.023848	0.184232	0.00363931	0.0214627	0.00348411	0.0196364	0.0332784	0.00473253	0.0269762	0.0221409	
0.0285613	0.0056976	0.0069282	0.00370336	0.0224178	0.212261	0.0336632	0.117198	0.229428	0.0164444	0.0108978	0.0396242	0.010177	0.0152566	0.0633642	0.00783362	0.00471068	0.135941	0.0075943	0.0282976	
0.123864	0.00134016	0.00712221	0.0155585	0.0198507	0.0679997	0.209935	0.00201049	0.10685	0.0044649	0.0271278	0.0392116	0.0583482	0.0719892	0.0554932	0.163727	0.011711	0.000968187	0.00387229	0.00855485	
0.00616055	0.000889257	0.0712193	0.0419769	0.00547686	0.00558718	0.00991838	0.00709276	0.00913456	0.000893543	0.0203633	0.00909384	0.658313	0.00990522	0.0234659	0.0201314	0.0186878	0.0115048	0.0225723	0.0476135	
0.00491704	0.00271738	0.00958094	0.00554842	0.0219245	0.00829711	0.0717443	0.115454	0.0732332	0.326971	0.0029069	0.00719214	0.000569611	0.0197441	0.00233513	0.00260641	0.0417271	0.133462	0.0126874	0.136382	
0.00966461	0.00429631	0.243279	0.101638	0.01212	0.00501738	0.215625	0.0702791	0.0334187	0.0421023	0.0141703	0.00699038	0.00316324	0.0780954	0.0359044	0.0657611	0.00958842	0.0307683	0.013867	0.00425011	
0.0222434	0.0475121	0.0192616	0.0394275	0.0062779	0.0973212	0.00517536	0.0481247	0.0124028	0.616992	0.0136451	0.0203609	0.000564553	0.00527988	0.0020818	0.0016024	0.00472852	0.00669679	0.00598304	0.024318	
0.0144434	0.00369684	0.0549259	0.0157016	0.0347625	0.373805	0.0254093	0.0534787	0.0526181	0.0206161	0.116937	0.00580388	0.00924431	0.0794436	0.0788421	0.00340917	0.0122904	0.0068758	0.0179619	0.0197342	
0.0121018	0.00559379	0.355151	0.0401362	0.0355568	0.0358662	0.011824	0.00425147	0.0459953	0.0133076	0.0349098	0.0933503	0.00952674	0.13365	0.00632973	0.0494087	0.0690541	0.00618015	0.0311877	0.00661951	
0.0195072	0.678448	0.0290068	0.0217205	0.00356084	0.00193556	0.00485095	0.0516211	0.00798114	0.0474935	0.0560262	0.0154566	0.00796235	0.0112362	0.00241171	0.000633454	0.0120576	0.0262154	0.00129963	0.000575364	
0.00664777	0.00399605	0.146257	0.0104785	0.0514161	0.0493692	0.111876	0.00352352	0.0681493	0.0073483	0.00862891	0.0376927	0.0010302	0.0172403	0.0092451	0.27824	0.158628	0.00846442	0.0192507	0.00251721	
0.0132603	0.00240828	0.00708501	0.00866963	0.263038	0.00640815	0.00573664	0.214895	0.00691994	0.135478	0.0977225	0.00756419	0.03316	0.0129704	0.00310099	0.000868372	0.010851	0.0917053	0.0382512	0.0399069	
0.178486	0.016504	0.00594826	0.342438	0.0182225	0.00516587	0.0400043	0.168438	0.0019148	0.0648814	0.00957091	0.0286972	0.00136971	0.0200143	0.00547271	0.00558995	0.00553783	0.0193316	0.0282774	0.0341355	
0.0542071	0.0026034	0.0901176	0.0170907	0.0372193	0.411504	0.0109921	0.00643846	0.00863385	0.0161073	0.02386	0.0912667	0.190474	0.0130695	0.000573775	0.00894733	0.00427831	0.00168778	0.00688706	0.00404174	
0.0985982	0.00123678	0.00278539	0.0109604	0.0227761	0.0619427	0.068445	0.00141118	0.00814485	0.0413316	0.164187	0.0304948	0.00163802	0.0174332	0.000776227	0.00172926	0.0376911	0.0435525	0.327333	0.0575329	
0.165055	0.0450579	0.0068408	0.0216081	0.0206395	0.0654791	0.00794379	0.188144	0.0113542	0.148896	0.183137	0.00337221	0.000632379	0.0140672	0.00237063	0.00467246	0.00502999	0.0592641	0.0150833	0.031352	
0.0019178	0.0015127	0.00601084	0.00598984	0.00766476	0.00613917	0.0228473	0.0690441	0.0228394	0.303738	0.0134473	0.00334832	0.000581286	0.00863842	0.00203934	0.00223829	0.048479	0.18748	0.00986316	0.276181	
0.00388435	0.000734456	0.000718132	0.000549265	0.113282	0.672869	0.00606468	0.0198235	0.00172218	0.0261572	0.0357571	0.0422768	0.00428564	0.0125725	0.00016997	0.00188295	0.0096507	0.000442074	0.00198118	0.0451766	
0.00936682	0.00495082	0.133711	0.0147552	0.0153385	0.010976	0.00529671	0.00852485	0.00708381	0.00366425	0.027128	0.318577	0.149591	0.0441941	0.00440347	0.101176	0.0960934	0.0158034	0.0242524	0.00511403	
0.00506888	0.0211028	0.0738457	0.0265785	0.0255725	0.0297823	0.00210124	0.0349374	0.010607	0.0010423	0.0303371	0.0182791	0.600305	0.00170093	0.00980115	0.00554465	0.00323745	0.0313581	0.0502799	0.0185184	
0.120982	0.00531618	0.0054782	0.136634	0.00298348	0.105574	0.108586	0.00603469	0.0662694	0.0357024	0.143935	0.0137649	0.00181666	0.122715	0.0151155	0.05577	0.00500403	0.0230215	0.0223425	0.00295381	
0.0213128	0.682771	0.0222508	0.0213649	0.00306915	0.00210868	0.00327054	0.0504695	0.00478148	0.0568551	0.0616446	0.0110155	0.00821993	0.00946028	0.000924016	0.000836986	0.010067	0.0265837	0.00134283	0.00165111	
0.035137	0.0245968	0.587815	0.0407083	0.0434725	0.0012185	0.00815245	0.00443689	0.00343003	0.0289792	0.0392162	0.00382607	0.0108127	0.0351352	0.0217637	0.0182015	0.0449706	0.00215937	0.0432208	0.00274726	
0.0384557	0.0031753	0.163836	0.112726	0.00772509	0.0180755	0.147532	0.0628926	0.0109719	0.0966273	0.00597189	0.0258272	0.000661953	0.0744014	0.0282771	0.0754985	0.0554281	0.053859	0.0149408	0.00311661	
0.0360563	0.0044954	0.00834724	0.0633137	0.189684	0.0467808	0.209199	0.0108456	0.0113757	0.206202	0.00689081	0.149224	0.000983378	0.0127563	0.00428719	0.00187849	0.0185491	0.00374434	0.0110797	0.00430686	
0.0195769	0.00366012	0.0143113	0.0391486	0.22809	0.0378484	0.0235819	0.110913	0.0107446	0.250463	0.0389185	0.0749075	0.00121694	0.0714751	0.00273969	0.0104698	0.0226459	0.0169783	0.0159653	0.00634607	
0.0944743	0.000230926	0.0653161	0.0660911	0.0165859	0.275594	0.0021555	0.00278108	0.0494046	0.0178879	0.000498326	0.106123	0.0122552	0.082105	0.0266228	0.0633847	0.0654738	0.0248013	0.00131723	0.0268972	
0.0733055	0.00655242	0.237507	0.00261699	0.178006	0.106123	0.0116576	0.0760932	0.0279294	0.0047196	0.00361054	0.0587663	0.00487554	0.0242237	0.0110875	0.00290406	0.0216858	0.0494237	0.0190852	0.0798261	
0.0478594	0.00114903	0.160519	0.102214	0.00255271	0.000252755	0.00562737	0.00609459	0.0343395	0.00298042	0.00364596	0.0248312	0.345575	0.0624465	0.0375277	0.0517285	0.0333253	0.0171859	0.00443104	0.055714	
0.08821	0.00913564	0.00759152	0.354241	0.0130888	0.0358952	0.0189336	0.00426627	0.0191906	0.00467166	0.00955908	0.0743177	0.00546451	0.0356643	0.00587309	0.173087	0.0863475	0.00281488	0.0374439	0.0142046	
0.0255722	0.00165027	0.0407415	0.0289647	0.0483691	0.00172981	0.0211659	0.041472	0.00800857	0.00262488	0.0273572	0.0253941	0.0209725	0.0139527	0.000208656	0.00498925	0.0203105	0.0260254	0.601021	0.0394694	
0.0112589	0.00767239	0.429391	0.012369	0.00277518	0.00328196	0.0158238	0.0239068	0.0352061	0.00235426	0.035692	0.00298709	0.00080813	0.0525639	0.021916	0.274773	0.0135144	0.00945518	0.0389666	0.00528426	
0.00250055	0.000510739	0.00501406	0.0108522	0.00465407	0.00574796	0.00706423	0.0437154	0.027442	0.226519	0.0469282	0.0031576	0.000892152	0.0201432	0.00858564	0.00416578	0.0738874	0.150723	0.0116727	0.345825	
0.0186956	0.000879532	0.0059144	0.0203063	0.374018	0.226049	0.00447584	0.182231	0.00163993	0.0564041	0.00257192	0.00326515	0.000265507	0.0395325	0.000835496	0.00146848	0.000697049	0.000709492	0.0154635	0.044577	
0.00759813	0.0387424	0.0141495	0.00477695	0.00306151	0.00259594	0.0297983	0.336344	0.00257506	0.00254448	0.0302166	0.00264043	0.0286771	0.0239869	0.00299328	0.00307417	0.000436753	0.393124	0.0461925	0.0264723	
0.00406279	0.0233058	0.00183136	0.515405	0.0385178	0.00244427	0.0326151	0.0237221	0.000491798	0.0407515	0.0413453	0.0768186	0.0392575	0.0132197	0.0168107	0.0197716	0.0360266	0.00293875	0.043819	0.0268447	
0.005866	0.00576	0.201148	0.0059054	0.0495505	0.00380571	0.0195996	0.00248942	0.0820298	0.0132876	0.0104946	0.00427559	0.0226958	0.00456867	0.479414	0.0073546	0.0352313	0.0159135	0.0109154	0.0196942	
0.0322127	0.000419109	0.169164	0.102926	0.00224965	0.000176887	0.00605433	0.00581365	0.0164707	0.00314365	0.00168664	0.0267676	0.406396	0.0475352	0.0295672	0.0457953	0.0252092	0.0162174	0.00313539	0.0590596	
0.0183101	0.00204955	0.0630541	0.122572	0.0052745	0.0261244	0.013777	0.0100492	0.0522897	0.00388678	0.00639054	0.252131	0.00363196	0.0452323	0.025571	0.173098	0.117229	0.0111399	0.0373098	0.0108788	
0.331868	0.00947205	0.00751423	0.00403004	0.0119299	0.242562	0.0156372	0.0282587	0.0231588	0.00133131	0.0380209	0.0468146	0.139728	0.00929553	0.00324145	0.0590802	0.00112461	0.00122372	0.0167268	0.0089823	
0.0597335	0.00273287	0.0640736	0.0830468	0.0832683	0.00144643	0.00242619	0.033267	0.0050052	0.000708972	0.0374722	0.0691286	0.302387	0.0507532	0.0286118	0.000769487	0.0277413	0.0984179	0.0249908	0.0240192	
0.0108528	0.003572	0.175787	0.10246	0.0123658	0.00350969	0.135573	0.0574028	0.00496184	0.0112952	0.0246203	0.215308	0.00356257	0.00718535	0.00138952	0.102433	0.0105384	0.0355967	0.0640143	0.0175723	
0.119704	0.00480381	0.0610388	0.016241	0.0291195	0.337302	0.0132105	0.00807842	0.0320945	0.0166486	0.0226233	0.120724	0.101464	0.0259475	0.00484972	0.0461696	0.0149437	0.00685779	0.00837521	0.00980344	
0.064243	0.0239051	0.0219191	0.0126032	0.0824617	0.00485092	0.019303	0.133458	0.00439357	0.203588	0.175852	0.00213853	0.000386401	0.0051197	0.00158874	0.0104032	0.0816977	0.0813023	0.00668463	0.0641019	
0.0150479	0.748864	0.0228327	0.0196453	0.00243604	0.00102977	0.00457583	0.0493362	0.00202828	0.0423703	0.0395134	0.00846392	0.00625631	0.0051502	0.000696115	0.000392943	0.00806823	0.0221373	0.000668632	0.000486745	
0.0195153	0.000215719	0.00265619	0.015025	0.077296	0.0738429	0.000866781	0.0153421	0.0205051	0.00718913	0.102212	0.00362224	0.00634929	0.0302303	0.013198	0.00234086	0.022556	0.0174739	0.0563977	0.513166	
0.00533142	0.0248321	0.079205	0.0272478	0.0252474	0.0280104	0.00247164	0.03522	0.0111882	0.00127789	0.0325488	0.0201214	0.588356	0.00168835	0.00897913	0.00508365	0.00305652	0.0310708	0.0497779	0.0192852	
0.00739109	0.00105561	0.00184085	0.000877978	0.230574	0.498705	0.00318025	0.0290689	0.00474928	0.00941532	0.0343111	0.00476847	0.00379467	0.0151673	0.000776001	0.00175993	0.0183709	0.00156386	0.00375891	0.128871	
0.0660781	0.000585924	0.21388	0.137885	0.0026153	0.0014324	0.0128311	0.00878415	0.0363578	0.00619598	0.00490461	0.0469982	0.207623	0.0525792	0.0197495	0.0639193	0.0381777	0.0242802	0.0186084	0.0365134	
0.00619366	0.00273885	0.00984221	0.00574191	0.404183	0.0119377	0.0113251	0.0525673	0.0138402	0.137394	0.00195071	0.0163578	0.00284631	0.027762	0.0112442	0.00246554	0.0792077	0.186325	0.0101544	0.00592171	
0.0553279	0.00321019	0.0737801	0.0900155	0.0741786	0.00119384	0.00265315	0.0320356	0.00577784	0.000861285	0.0329683	0.0731035	0.327268	0.0366284	0.0243506	0.00257226	0.0262281	0.0937638	0.0232778	0.0208058	
0.00659709	0.0331106	0.324165	0.0606644	0.0559202	0.00228541	0.00497738	0.00572896	0.00171473	0.034473	0.0968592	0.247554	0.0178944	0.0373449	0.0185373	0.00587626	0.00572773	0.00582179	0.0315522	0.00319546	
0.0261739	0.00211185	0.0123451	0.132151	0.0262188	0.0395726	0.00332881	0.00568011	0.00519911	0.174843	0.0297136	0.0722496	0.00258831	0.0168485	0.00267781	0.00525413	0.0286414	0.0311799	0.0413728	0.34185	
0.0674681	0.00651086	0.0088697	0.425309	0.0456795	0.0557501	0.0135574	0.0257043	0.00265159	0.0153767	0.0388916	0.0881718	0.00775705	0.140704	0.0011895	0.00869441	0.00247441	0.0017081	0.024372	0.0191604	
0.136038	0.0293591	0.0210543	0.365085	0.0194247	0.0225038	0.0272888	0.00812792	0.0104224	0.00676108	0.0194901	0.0164586	0.0048205	0.0424819	0.00247497	0.211966	0.0198075	0.0018958	0.0260538	0.00848727	
0.0699847	0.0494556	0.0420036	0.0385562	0.00438552	0.0643793	0.00352547	0.0201702	0.0156564	0.586172	0.00665701	0.0406555	0.000428277	0.00525907	0.00202468	0.00207452	0.0117951	0.00341757	0.00693994	0.0264592	
0.0310953	0.00373331	0.0551798	0.00115263	0.0680717	0.00938652	0.0597913	0.00173153	0.106382	0.00570427	0.00390088	0.00151404	0.0118228	0.00179354	0.583134	0.00435487	0.0046099	0.0107887	0.00453718	0.0313163	
0.121192	0.0406554	0.014152	0.0771933	0.155436	0.00448915	0.147415	0.0108362	0.00213993	0.0197526	0.0127304	0.00351429	0.000685455	0.0668388	0.00153456	0.260446	0.0291104	0.00314956	0.0262314	0.0024965	
0.0128274	0.00764112	0.010019	0.00890881	0.0711143	0.0132935	0.0489618	0.170589	0.105351	0.284525	0.0248495	0.00852447	0.001317	0.0523717	0.00357079	0.00431182	0.0153193	0.0851894	0.0244544	0.0468605	
0.0081229	0.00159628	0.00566837	0.00720093	0.412168	0.00539258	0.00450934	0.125997	0.00922631	0.175032	0.0221979	0.00836063	0.0046571	0.0106935	0.00981759	0.00178577	0.0288414	0.127823	0.0146784	0.0162314	
0.395768	0.00706021	0.00700846	0.00213467	0.00868267	0.031498	0.0225413	0.0044374	0.00435266	0.017564	0.149982	0.00278146	0.00436753	0.00713534	0.00988228	0.231264	0.0280013	0.00326765	0.0491052	0.0131662	
0.0254685	0.0112795	0.00864498	0.0675008	0.00709018	0.18193	0.0524228	0.00665182	0.00307526	0.0103977	0.0238634	0.104598	0.00407784	0.0259652	0.0218177	0.351115	0.0479609	0.0083481	0.0198328	0.0179594	
0.123058	0.00672686	0.0077385	0.0206285	0.00860645	0.055632	0.015634	0.0795121	0.00841645	0.00235182	0.00404784	0.0715261	0.0138177	0.0381282	0.00310919	0.181442	0.0698635	0.238392	0.0352326	0.0161362	
0.0944743	0.000230926	0.0653161	0.0660911	0.0165859	0.275594	0.0021555	0.00278108	0.0494046	0.0178879	0.000498326	0.106123	0.0122552	0.082105	0.0266228	0.0633847	0.0654738	0.0248013	0.00131723	0.0268972	
0.010776	0.0046012	0.049348	0.0444321	0.0123676	0.163541	0.113178	0.00322688	0.0374687	0.0201023	0.0154358	0.0441549	0.00103905	0.0118472	0.0296441	0.320265	0.0884076	0.00676957	0.018777	0.00461797	
0.00234385	0.000317299	0.00258267	0.00199562	0.44307	0.00362015	0.00778874	0.121292	0.0203469	0.0398262	0.035558	0.000954083	0.0028571	0.00278198	0.00107388	0.0063213	0.00175159	0.0781768	0.0686084	0.158733	
0.0180959	0.00946785	0.141675	0.39362	0.0133873	0.00311253	0.00538911	0.00430975	0.0654091	0.00977492	0.00984904	0.026496	0.00572656	0.0566744	0.00218085	0.175697	0.017492	0.00422486	0.031898	0.00552041	
0.0418747	0.00492982	0.0342448	0.00211094	0.0520308	0.0106646	0.142795	0.00288312	0.136578	0.00998163	0.00922088	0.00235579	0.0278143	0.00385246	0.448695	0.00662837	0.00471476	0.0158275	0.0107889	0.0320094	
0.0063271	0.00369755	0.0191039	0.0263303	0.400237	0.024415	0.036265	0.188179	0.00686209	0.0164855	0.00577986	0.0104591	0.00796163	0.044429	0.0105929	0.00349876	0.074558	0.0699576	0.037195	0.00766613	
0.0137983	0.00721873	0.0116104	0.315837	0.0304785	0.00256942	0.0166065	0.0115192	0.0301683	0.0847391	0.0177085	0.0143314	0.0103722	0.138857	0.0692792	0.147278	0.0186499	0.0076705	0.0231285	0.0281792	
0.0444134	0.00932344	0.0112066	0.0146269	0.247305	0.0587391	0.011013	0.150485	0.00263754	0.136801	0.163789	0.00461029	0.00204777	0.0277931	0.00184418	0.00480009	0.0271291	0.035971	0.0269426	0.018521	
0.0181503	0.00166277	0.00699804	0.00659468	0.402963	0.274352	0.00939417	0.147938	0.00553862	0.0310639	0.0140487	0.00336547	0.000601837	0.0227583	0.00193611	0.00142424	0.00216474	0.00845837	0.010528	0.0300588	
0.0944084	0.0224828	0.0336894	0.0539078	0.129784	0.0271708	0.00302746	0.0274106	0.0104759	0.000856561	0.0529672	0.0556922	0.315911	0.0283112	0.0146243	0.00102985	0.031518	0.0432005	0.032742	0.0207903	
0.108832	0.0052761	0.13875	0.0876669	0.0153692	0.00337491	0.00685627	0.00780643	0.180116	0.00122659	0.00718239	0.0448587	0.0816184	0.06255	0.0428214	0.0704299	0.0758295	0.0231088	0.0164216	0.0199055	
0.0320732	0.000338002	0.169987	0.10246	0.00223589	0.000146344	0.0060541	0.00562795	0.016542	0.00315854	0.00131924	0.0267794	0.406016	0.0478334	0.0295365	0.0456426	0.0253831	0.0162862	0.00317062	0.0594112	
0.00825273	0.00607053	0.0609759	0.00409499	0.233858	0.0962977	0.049715	0.0159824	0.0451211	0.00691057	0.0151466	0.0396756	0.00427388	0.0199035	0.0130826	0.237517	0.105079	0.00948322	0.0204939	0.00806545	
0.0063959	0.0014303	0.108038	0.0641395	0.00283255	0.0218142	0.0224338	0.0163187	0.0828414	0.00794692	0.00642448	0.174878	0.00432314	0.0606665	0.0498254	0.138896	0.140843	0.00638006	0.0742241	0.00934871	
0.0255743	0.00202646	0.026643	0.0138778	0.00497328	0.0376648	0.00907348	0.0393685	0.0265978	0.00480209	0.0410047	0.0884833	0.00250741	0.0358768	0.000712953	0.0532476	0.0266653	0.0377825	0.431363	0.0917553	
0.0814384	0.00340653	0.0139457	0.0321632	0.00521827	0.231994	0.00447495	0.0389465	0.00476481	0.00273688	0.00936445	0.085088	0.142696	0.0173616	0.0212261	0.0989677	0.152054	0.00244298	0.0178884	0.0338212	
0.0213035	0.00495814	0.0612154	0.0243611	0.0270286	0.206313	0.0143476	0.00233609	0.0278909	0.0114909	0.0184711	0.335555	0.0076092	0.111383	0.0079425	0.0138051	0.0516364	0.0337443	0.0105145	0.00809275	
0.0163789	0.012137	0.112513	0.0454698	0.00852176	0.00295135	0.22713	0.0493902	0.00286222	0.0046256	0.00820753	0.0515183	0.000933115	0.00728454	0.00299282	0.0530907	0.00976681	0.342742	0.0381937	0.00329005	
0.0573338	0.00492949	0.0408987	0.0676412	0.00717697	0.00266218	0.04174	0.00197851	0.0666087	0.07477	0.0108798	0.00765447	0.0015879	0.0206472	0.1151	0.082967	0.172858	0.0638621	0.0276125	0.131091	
0.0938867	0.000235085	0.0647157	0.0653093	0.0175132	0.272346	0.00218387	0.00294074	0.048944	0.0188682	0.000598621	0.105499	0.0120777	0.0838488	0.0263748	0.0631527	0.0661475	0.0262288	0.00164911	0.0274806	
0.0340948	0.00467701	0.248553	0.0195766	0.018121	0.00523911	0.0050293	0.00350293	0.0482674	0.00443842	0.00585315	0.180519	0.00665149	0.0138742	0.0249528	0.194376	0.152859	0.0022	0.0221311	0.00508391	
0.00286382	0.000509569	0.000610231	0.000539267	0.110588	0.678308	0.0069004	0.019817	0.00176257	0.0254644	0.0348197	0.043308	0.00441427	0.0113349	0.000120309	0.000931032	0.00902769	0.000426689	0.00158333	0.0466704	
0.0814674	0.00695319	0.00482684	0.00402672	0.0179186	0.124845	0.0416401	0.00473882	0.0964136	0.00476942	0.00615992	0.0122958	0.00221019	0.0408195	0.0192074	0.0429238	0.191158	0.253505	0.0204977	0.023623	
0.00505638	0.00782084	0.058351	0.0326492	0.0098089	0.00619786	0.0331556	0.00286166	0.0161328	0.00805544	0.0064274	0.00521426	0.00107935	0.0634366	0.00561728	0.380166	0.29305	0.022604	0.0305639	0.0117516	
0.142783	0.0014172	0.00529451	0.0146051	0.0178051	0.0744959	0.207331	0.00175828	0.107672	0.00397113	0.0242513	0.0363256	0.0485786	0.0644695	0.0522238	0.169567	0.0118882	0.000983129	0.00409031	0.0104885	
0.488003	0.0233762	0.00351248	0.00246689	0.0128157	0.013139	0.0324978	0.0238668	0.00991102	0.00614913	0.0606042	0.0129334	0.00107696	0.0256789	0.00677913	0.248731	0.00170226	0.000773507	0.0190691	0.00691383	
0.01413	0.750521	0.0218276	0.0179695	0.0021727	0.00115319	0.0039528	0.0490003	0.0025154	0.0436814	0.03983	0.00820689	0.00699859	0.00543387	0.000639176	0.00036058	0.00805047	0.0223756	0.000702991	0.000477759	
0.11122	0.00319782	0.0825743	0.00303565	0.00295217	0.00908273	0.00769073	0.011785	0.0902736	0.0302402	0.0852833	0.123273	0.142707	0.0503638	0.067488	0.141935	0.0203258	0.00146348	0.010681	0.00442724	
0.0063776	0.0013309	0.153052	0.00979889	0.0610092	0.00198122	0.121343	0.00436791	0.00661901	0.0038443	0.0117224	0.00357239	0.00174154	0.0200555	0.288983	0.0270642	0.00801054	0.0892674	0.0196071	0.160252	
0.0944743	0.000230926	0.0653161	0.0660911	0.0165859	0.275594	0.0021555	0.00278108	0.0494046	0.0178879	0.000498326	0.106123	0.0122552	0.082105	0.0266228	0.0633847	0.0654738	0.0248013	0.00131723	0.0268972	
0.0739734	0.00294515	0.00457911	0.00339966	0.0114671	0.428159	0.00768693	0.0351693	0.00657707	0.00585782	0.0207094	0.0533339	0.135636	0.0169373	0.0133445	0.0861694	0.0537454	0.00489125	0.0111036	0.0243143	
0.0944743	0.000230926	0.0653161	0.0660911	0.0165859	0.275594	0.0021555	0.00278108	0.0494046	0.0178879	0.000498326	0.106123	0.0122552	0.082105	0.0266228	0.0633847	0.0654738	0.0248013	0.00131723	0.0268972	
0.0460923	0.00336804	0.0991388	0.0193623	0.00450299	0.0102858	0.00975119	0.00882272	0.0473721	0.0124996	0.0465015	0.202474	0.139012	0.0844449	0.0204248	0.168666	0.0314562	0.0130827	0.0243087	0.00843406	
0.0350564	0.029663	0.0948354	0.0169603	0.00794716	0.0844812	0.0428499	0.00901726	0.0256638	0.00684198	0.0249737	0.00762055	0.00167119	0.0619344	0.00502666	0.431144	0.0689502	0.0118521	0.0220526	0.011458	
0.0193918	0.000418215	0.0849276	0.0449073	0.568708	0.042119	0.0178984	0.00091219	0.0129532	0.000641143	0.0249501	0.0443618	0.0150118	0.0270352	0.0210394	0.000493123	0.0174447	0.00111975	0.0544041	0.00126355	
0.0196317	0.000259023	0.0015741	0.0137186	0.311086	0.173505	0.00120933	0.00799988	0.0143535	0.000996321	0.0558332	0.00551943	0.0106318	0.0183345	0.0204055	0.00140963	0.0168444	0.00652438	0.0277285	0.292435	
0.237783	0.00401525	0.00817728	0.0053885	0.0152316	0.00151157	0.00816357	0.00902229	0.0465405	0.0211217	0.0342366	0.0631685	0.00517779	0.00851596	0.301586	0.143882	0.056595	0.0043839	0.00657785	0.0189206	
0.00334874	0.00138491	0.00757342	0.226216	0.00296338	0.00175377	0.0183079	0.00203493	0.000955282	0.00224066	0.00834111	0.393753	0.00215552	0.00600735	0.211815	0.0781214	0.014885	0.00504106	0.0107148	0.00238602	
0.00796531	0.325485	0.00584266	0.00325962	0.00264395	0.0179054	0.00435875	0.0391072	0.00212209	0.203912	0.328361	0.00304365	0.000177025	0.00336041	0.000775805	0.00598343	0.000923009	0.0358797	0.0049783	0.00391575	
0.00727982	0.0131449	0.0030965	0.00935278	0.00942044	0.0122814	0.0246551	0.0671728	0.122444	0.0698717	0.00622686	0.320307	0.00115451	0.00581753	0.0916913	0.00225718	0.0020876	0.19831	0.0101898	0.0232389	
0.0262837	0.00148976	0.0381355	0.0287936	0.0509368	0.00145363	0.0217818	0.0432587	0.00752076	0.00262174	0.027699	0.0248752	0.023706	0.0166912	0.000226241	0.00494953	0.0199325	0.0279103	0.594825	0.0369092	
0.0347611	0.0310729	0.0271179	0.045585	0.166617	0.0412785	0.0228541	0.0745952	0.0109592	0.401353	0.0125007	0.0482394	0.000711126	0.0127161	0.0022317	0.00289313	0.00841731	0.00748188	0.0167264	0.0318878	
0.00544539	0.011496	0.019552	0.0122962	0.059468	0.0124739	0.0482857	0.125762	0.00787388	0.0723027	0.00551485	0.021723	0.0032156	0.0245854	0.00618109	0.00886396	0.266516	0.210623	0.0261382	0.0516835	
0.0926266	0.00703074	0.0117431	0.02211	0.0146378	0.07311	0.24245	0.00524331	0.169486	0.00222978	0.0157069	0.0254801	0.0206688	0.0795001	0.0328456	0.140205	0.0122528	0.013727	0.0137225	0.00522457	
0.127458	0.0036966	0.0274629	0.0650494	0.00253882	0.010006	0.0170024	0.018395	0.306761	0.0231466	0.0132915	0.107495	0.000701359	0.111587	0.0416422	0.0638105	0.0141566	0.0244356	0.0167744	0.00458819	
0.0944515	0.000230924	0.0653335	0.0660677	0.0165556	0.275585	0.00215541	0.00277791	0.0493921	0.0178677	0.000571391	0.106239	0.0122355	0.0819779	0.0266082	0.0634944	0.065483	0.0247764	0.00134226	0.0268548	
0.0729241	0.00152489	0.173247	0.0483461	0.0286491	0.146633	0.0030076	0.00502219	0.0327811	0.00863742	0.0283576	0.132562	0.0422744	0.0805566	0.0179795	0.0731993	0.0529872	0.0198874	0.0110452	0.0203795	
0.0944743	0.000230926	0.0653161	0.0660911	0.0165859	0.275594	0.0021555	0.00278108	0.0494046	0.0178879	0.000498326	0.106123	0.0122552	0.082105	0.0266228	0.0633847	0.0654738	0.0248013	0.00131723	0.0268972	
0.0236941	0.000273087	0.00151276	0.0160869	0.182395	0.140474	0.00186985	0.00460351	0.0113318	0.0026679	0.079902	0.0162132	0.00940998	0.0184017	0.0240464	0.00120047	0.0175498	0.00576674	0.033344	0.409258	
0.0095206	0.00114861	0.134537	0.0361893	0.00382851	0.00438797	0.00736927	0.0178686	0.0118109	0.00103244	0.0194192	0.0102855	0.591724	0.0102498	0.0204083	0.0199844	0.0112296	0.0120332	0.0279565	0.0490166	
0.0278991	0.00698011	0.00693512	0.00648983	0.192297	0.0559758	0.00797618	0.0378281	0.0301951	0.077833	0.0125568	0.0593462	0.00555331	0.104246	0.00458345	0.018277	0.109032	0.195526	0.0200972	0.0203728	
0.0837624	0.0159793	0.00592825	0.0254509	0.0317682	0.0229334	0.0129929	0.139776	0.0181487	0.122545	0.106439	0.0781638	0.0600183	0.1372	0.00232777	0.00601453	0.034698	0.0621656	0.0210801	0.0126075	
0.00520365	0.000802354	0.114652	0.0775459	0.002582	0.0158616	0.0202609	0.0156395	0.0961745	0.00587299	0.00311577	0.195413	0.00478359	0.0568498	0.0530992	0.140032	0.130022	0.00521016	0.0455332	0.0113466	
0.108982	0.00428651	0.00247734	0.00128524	0.00612208	0.228059	0.0396148	0.0632187	0.100182	0.0582971	0.0198676	0.141073	0.00167139	0.0304772	0.0481732	0.00163384	0.00177784	0.127475	0.00639474	0.00893103	
0.0473612	0.00377448	0.09804	0.0123563	0.00390773	0.0717894	0.0782503	0.00157199	0.00813578	0.00287757	0.00640817	0.0109869	0.000578442	0.129625	0.00306971	0.226265	0.220153	0.0455825	0.0212617	0.00800615	
0.00540867	0.00034299	0.00392809	0.00589718	0.073351	0.0723759	0.000779813	0.011919	0.0341235	0.00324182	0.192548	0.00508079	0.00280054	0.0394513	0.00221021	0.0020002	0.0332755	0.0107733	0.0448217	0.455671	
0.0219732	0.00509537	0.00673171	0.011213	0.0113661	0.00318195	0.0313677	0.0458636	0.034622	0.00234339	0.00805459	0.296858	0.159909	0.0563299	0.0896974	0.0203388	0.0782873	0.0919731	0.0200257	0.00476737	
0.0363358	0.0176667	0.00442273	0.157929	0.0394643	0.0114658	0.0050934	0.00610946	0.00466225	0.0222713	0.033311	0.514171	0.0252856	0.0325487	0.0114957	0.00530253	0.00365217	0.0133084	0.0530871	0.00241725	
0.00334738	0.0208571	0.0340896	0.0220889	0.0262965	0.0186807	0.00660649	0.00185266	0.00384435	0.00795075	0.0124868	0.305646	0.0527224	0.0339444	0.00934747	0.0050879	0.28502	0.0975503	0.0456721	0.0069085	
0.0754944	0.000328842	0.0924518	0.072437	0.0196682	0.23408	0.0137423	0.00280326	0.058427	0.016049	0.00146331	0.0995003	0.0100899	0.0787768	0.0323984	0.0738009	0.0698536	0.0201417	0.00547181	0.0230219	
0.0941414	0.000230926	0.0657275	0.066161	0.0165187	0.27512	0.00231733	0.0027964	0.0493694	0.0178887	0.000509456	0.106044	0.0121769	0.081985	0.0266791	0.063621	0.065669	0.024761	0.00146241	0.0268201	
0.0346122	0.00159744	0.0797038	0.136056	0.127814	0.070308	0.00405882	0.00401392	0.113605	0.00294526	0.0173031	0.0174365	0.00337809	0.104175	0.128288	0.0363211	0.0098261	0.0237811	0.0181135	0.0666632	
0.0321737	0.000338169	0.170262	0.102428	0.00223105	0.000146344	0.00605496	0.00562541	0.0166832	0.00315451	0.00131476	0.0268132	0.405747	0.0476978	0.0294392	0.0456273	0.0254559	0.0163015	0.00316586	0.0593397	
0.061495	0.00735948	0.00552717	0.00438142	0.00201184	0.0163994	0.219413	0.066162	0.101076	0.071804	0.1562	0.0122519	0.00176729	0.00932121	0.064526	0.00416164	0.00119868	0.16463	0.0133549	0.0169586	
0.0404201	0.0543283	0.0235661	0.0370008	0.00537388	0.0709126	0.00271302	0.0489262	0.00877657	0.641545	0.00749442	0.0173392	0.000300715	0.00446969	0.00130069	0.00110804	0.00472921	0.00381596	0.00466348	0.0212166	
0.00110399	0.000264499	0.0022848	0.00101765	0.468022	0.00304422	0.00996094	0.103206	0.0256451	0.0167644	0.0264577	0.000853023	0.00146896	0.00259511	0.000484098	0.00831105	0.000686512	0.0767073	0.0547619	0.196361	
0.0268453	0.00623862	0.010152	0.00360885	0.194091	0.0029009	0.00491636	0.242022	0.00380111	0.158759	0.131036	0.00318537	0.00929574	0.00757225	0.00156077	0.00250989	0.0120755	0.0909648	0.0359193	0.0525447	
0.0248915	0.0016427	0.0374406	0.0311122	0.0461429	0.00163793	0.0225429	0.0443613	0.00788317	0.0025427	0.0287723	0.0235282	0.0206562	0.0154104	0.000215398	0.00472047	0.0210324	0.0263391	0.602442	0.0366857	
0.00310682	0.000618988	0.000649485	0.000607906	0.111814	0.681521	0.00581453	0.0199323	0.00176148	0.0254886	0.03427	0.0411142	0.00363471	0.012145	0.00011917	0.000934831	0.00947428	0.000448923	0.00174053	0.0448027	
0.0060046	0.041267	0.0145139	0.00540171	0.00284537	0.00296182	0.0303401	0.345407	0.00289396	0.00340118	0.0231193	0.00262417	0.0299593	0.023077	0.00379789	0.00294624	0.000487297	0.389978	0.0441199	0.0248539	
0.0679971	0.0125256	0.00663085	0.0364402	0.0328504	0.036818	0.503866	0.0297094	0.0162404	0.0326334	0.0367066	0.0143935	0.00122861	0.00517085	0.00207842	0.0218519	0.0482648	0.0375885	0.0556353	0.00136988	
