564	20
0.0464099	0.125577	0.0638566	0.0346687	0.0123397	0.00731378	0.0272138	0.017759	0.0489312	0.00324723	0.444913	0.00887733	0.0161393	0.0120289	0.00518108	0.00963018	0.033148	0.0436832	0.0237974	0.0152853	
0.0534542	0.12137	0.0962342	0.0535838	0.00909992	0.00266096	0.0237421	0.0352438	0.0527218	0.00395377	0.394819	0.00530931	0.0171124	0.00845262	0.00337002	0.00625028	0.0285917	0.0473109	0.0260402	0.0106794	
0.200059	0.0196959	0.0208295	0.0883972	0.0295211	0.00672158	0.03671	0.0550881	0.158684	0.00919937	0.0506785	0.0112973	0.0134966	0.0238041	0.0484613	0.107872	0.0333473	0.0409482	0.0220108	0.0231783	
0.0653904	0.00687522	0.0108287	0.00467813	0.131638	0.00508315	0.0166496	0.275675	0.0173828	0.154178	0.0697202	0.031403	0.000670016	0.0248077	0.0171678	0.00601254	0.0171323	0.100044	0.0128529	0.0318097	
0.0890505	0.0166965	0.0134444	0.0164185	0.0570464	0.0122088	0.00731786	0.248184	0.00710625	0.21411	0.121605	0.0104573	0.000621368	0.00890318	0.00332169	0.00960671	0.0570339	0.0673633	0.00920848	0.0302953	
0.0404207	0.00145817	0.00166718	0.00247268	0.349431	0.00253099	0.0423869	0.120315	0.00325325	0.0576691	0.0302864	0.0036212	0.00039963	0.00416637	0.00217976	0.00772284	0.023362	0.125851	0.0436161	0.137189	
0.0987086	0.0209107	0.00889938	0.0145094	0.0764591	0.00503964	0.00193881	0.175065	0.00162719	0.242052	0.189384	0.00482186	0.000197353	0.00221402	0.00184828	0.0151294	0.0627876	0.0504961	0.00501621	0.0228954	
0.111622	0.02398	0.00259549	0.00463295	0.0747838	0.00744771	0.00249047	0.175868	0.00194263	0.23771	0.185236	0.00321077	0.000256676	0.00244769	0.00153847	0.0131865	0.0651711	0.0552454	0.00505218	0.0255814	
0.110705	0.0245002	0.00245053	0.00444155	0.0738385	0.00753013	0.00190602	0.176385	0.00208369	0.238435	0.187355	0.00333792	0.000258624	0.0023266	0.00156778	0.0130997	0.0644613	0.0548154	0.00499375	0.0255086	
0.108627	0.0232616	0.00253518	0.00385849	0.076379	0.0068278	0.00315796	0.178177	0.00187064	0.233689	0.182725	0.00378936	0.000254842	0.00241422	0.00165199	0.0136434	0.066169	0.0598362	0.00502583	0.0261065	
0.0416669	0.00166787	0.0038989	0.00372344	0.366233	0.00258736	0.0371251	0.126583	0.0031849	0.0615473	0.0294748	0.00158089	0.000507262	0.00572618	0.0016042	0.00990527	0.0242606	0.125382	0.0334724	0.119868	
0.108858	0.0232304	0.00873196	0.00750145	0.0662242	0.013955	0.00799594	0.152554	0.00191485	0.189205	0.16047	0.00734596	0.000217507	0.010385	0.00254026	0.0332731	0.0966777	0.0742583	0.00841135	0.0262503	
0.222085	0.150647	0.00381576	0.0135978	0.013097	0.0846945	0.0364481	0.0565003	0.0172703	0.0327755	0.0303836	0.0049872	0.00350538	0.0349343	0.00209905	0.0976599	0.0855063	0.0984916	0.00807393	0.00342744	
0.1062	0.0534258	0.00804196	0.00866729	0.00929188	0.0927469	0.0555457	0.0414189	0.0164659	0.00519243	0.0103987	0.00881957	0.00101425	0.038838	0.00337954	0.153555	0.12879	0.226654	0.0166818	0.0148726	
0.0310373	0.0098311	0.0784566	0.00470343	0.0318932	0.0287957	0.00698258	0.0551049	0.164853	0.0111354	0.0142699	0.132643	0.00551374	0.148786	0.0610959	0.0122183	0.018136	0.0276374	0.0170915	0.139816	
0.415945	0.0033477	0.00232933	0.00164743	0.00467881	0.267678	0.0311903	0.00576493	0.0107067	0.00383209	0.0327545	0.00527722	0.000826969	0.0657565	0.000897144	0.130531	0.000740297	0.003934	0.0060435	0.00611915	
0.00361829	0.0947857	0.559451	0.00247494	0.0399924	0.00131826	0.00391525	0.0244875	0.0201885	0.0500696	0.0364263	0.00374041	0.044479	0.0149374	0.0384146	0.00989744	0.0235909	0.00331564	0.0234827	0.00141481	
0.0228175	0.00745576	0.0292272	0.0587097	0.113359	0.0108009	0.0791249	0.00476481	0.183901	0.00982649	0.0156125	0.014682	0.0173911	0.143394	0.161128	0.0181083	0.0629536	0.0146348	0.0134251	0.0186841	
0.0301488	0.0149534	0.0339411	0.0351907	0.00796483	0.0341009	0.0239371	0.618377	0.00659887	0.0797817	0.00696727	0.00538747	0.00323529	0.0180004	0.00562087	0.00254874	0.00164267	0.0255034	0.0174366	0.0286629	
0.0158412	0.721252	0.0472491	0.0157847	0.00290691	0.000670031	0.0120323	0.00586406	0.00380349	0.031271	0.092363	0.0174937	0.00135808	0.00533721	0.000483782	0.000511877	0.0138576	0.00956075	0.00227124	8.78508e-05	
0.0115835	0.0116959	0.00764995	0.00765437	0.0259428	0.0045777	0.0362408	0.600826	0.00789445	0.0328768	0.0027297	0.00317577	0.0154245	0.0182488	0.00770792	0.00228785	0.000986289	0.151938	0.0290166	0.0215421	
0.00677201	0.000547081	0.00106341	0.00108522	0.099103	0.696481	0.0125881	0.0205613	0.00344179	0.0351861	0.0441027	0.0142151	0.0135563	0.00625813	0.000198823	0.000967929	0.00439693	0.00074349	0.0021511	0.0365807	
0.0285483	0.000253188	0.00132223	0.0319252	0.023588	0.0511861	0.000900059	0.0354309	0.0123136	0.0383696	0.0513571	0.00186597	0.00752563	0.0121701	0.0113144	0.00211525	0.0129207	0.0464066	0.102736	0.527751	
0.0659703	0.0235094	0.0175728	0.0406205	0.0210838	0.0502785	0.344362	0.0144057	0.0139845	0.131488	0.0188816	0.00737248	0.000968552	0.142277	0.00214671	0.0115245	0.0383323	0.0249304	0.0284787	0.00181148	
0.379264	0.00981415	0.00531441	0.00770141	0.00685223	0.0443238	0.0395991	0.00654115	0.0201122	0.00679963	0.017883	0.00519747	0.00433345	0.0416391	0.00586365	0.355742	0.0164286	0.00582474	0.0146407	0.00612431	
0.00545866	0.014388	0.00823684	0.0844141	0.0351766	0.034183	0.0249162	0.00239804	0.00308574	0.0295389	0.0193523	0.458544	0.00166999	0.0271897	0.0154619	0.00878871	0.162811	0.0276794	0.0322349	0.00447209	
0.0683904	0.0308583	0.00386616	0.0227592	0.0425568	0.0608285	0.00480762	0.00208371	0.00175341	0.0189837	0.0380803	0.574676	0.025692	0.0211942	0.0126227	0.00417939	0.00591668	0.0149963	0.0442903	0.00146382	
0.0162284	0.010158	0.039583	0.0706283	0.00296421	0.0400179	0.0639907	0.0210539	0.0344004	0.00223858	0.0298877	0.0886504	0.00047534	0.0543164	0.0186601	0.431277	0.0173283	0.0375116	0.01644	0.00419033	
0.00304633	0.0912849	0.0425192	0.0452478	0.00840637	0.0168108	0.0469267	0.00121472	0.00460216	0.00127858	0.00540321	0.00845129	0.00040894	0.0282793	0.00430167	0.0766921	0.520565	0.0626016	0.0229326	0.00902707	
0.0105707	0.0241637	0.288948	0.316089	0.0269128	0.00294133	0.0133657	0.0058322	0.0135714	0.025957	0.0109494	0.0154869	0.021048	0.020269	0.00424425	0.0299266	0.125165	0.00638687	0.034246	0.00392638	
0.0129532	0.0118594	0.0345441	0.00695026	0.041224	0.0374486	0.0173442	0.00307529	0.171722	0.0159251	0.019414	0.00768176	0.00208091	0.216611	0.0324055	0.0302343	0.227675	0.0568502	0.0213894	0.0326123	
0.00342312	0.0165626	0.00431187	0.00560761	0.00434331	0.00241978	0.0390349	0.0620122	0.0179964	0.00264627	0.00687333	0.013528	0.0144332	0.0246738	0.0213241	0.0190604	0.0234121	0.624844	0.0431622	0.0503305	
0.011962	0.0822982	0.588318	0.00696903	0.0378402	0.00484889	0.00248754	0.00662025	0.0067194	0.0430015	0.039672	0.0528203	0.0267451	0.014016	0.0135803	0.00267024	0.00862523	0.00383087	0.0458319	0.00114346	
0.00238049	0.0960688	0.0378758	0.0507061	0.0263284	0.0252075	0.0424373	0.000813569	0.00228793	0.0190544	0.0045725	0.0193027	0.000776642	0.0277232	0.00409357	0.017208	0.496645	0.0658138	0.0403936	0.0203108	
0.00842407	0.0115663	0.00770384	0.00730826	0.00735811	0.00467862	0.0065855	0.480864	0.00329357	0.231484	0.0151256	0.0068885	0.000376477	0.00571622	0.00719324	0.00216947	0.00336497	0.145364	0.0109612	0.0335747	
0.0668469	0.015516	0.0307949	0.0430061	0.0499837	0.0122526	0.00400495	0.15155	0.0018354	0.237984	0.215437	0.0116372	0.000273327	0.0045727	0.00320148	0.0161092	0.0682767	0.0349305	0.00698391	0.0248032	
0.00604473	0.0352565	0.00610346	0.504552	0.0483404	0.00301438	0.0405873	0.0230616	0.00118131	0.0370734	0.0407971	0.0514617	0.0104702	0.00804505	0.0219608	0.0171223	0.0277582	0.00331972	0.045698	0.0681523	
0.173254	0.00293273	0.0324992	0.0137666	0.0103694	0.00858671	0.0178808	0.00776284	0.169199	0.0101167	0.00788135	0.0954226	0.0789247	0.0923283	0.0615547	0.158231	0.0304647	0.00852735	0.013117	0.00718089	
0.0269924	0.010487	0.0292071	0.0038225	0.0382288	0.0878848	0.00493554	0.00333128	0.0064295	0.0227344	0.0532167	0.580404	0.0420932	0.0324304	0.0016052	0.0045842	0.00719185	0.010077	0.0321006	0.00224364	
0.00264412	0.0280833	0.00566396	0.0067122	0.00409062	0.00304376	0.0410595	0.00578014	0.032097	0.00390128	0.00355628	0.0357338	0.0191706	0.0288595	0.0376722	0.0281184	0.0788352	0.567883	0.0383777	0.0287175	
0.0283949	0.00754377	0.0485099	0.0372879	0.0160939	0.0347128	0.00469817	0.00124488	0.00891401	0.00140413	0.00938125	0.00693952	0.474883	0.0438954	0.0268214	0.0208305	0.179812	0.0136955	0.0204354	0.0145023	
0.0022606	0.0306649	0.00578266	0.00539952	0.00453841	0.00283034	0.0421757	0.00804536	0.0295238	0.00287825	0.00261825	0.0358153	0.0182213	0.0282991	0.0371599	0.0298521	0.0807567	0.567883	0.0388898	0.0264055	
0.00262088	0.102511	0.0396804	0.0476194	0.0229719	0.0227324	0.0417762	0.00098936	0.00302263	0.0184747	0.00458577	0.00570335	0.000500663	0.0271678	0.00572678	0.016014	0.507423	0.064893	0.0421729	0.0234147	
0.0735785	0.00315421	0.0357149	0.0751053	0.0260328	0.00789629	0.286279	0.0130189	0.0118596	0.0147261	0.0229851	0.00335677	0.000502944	0.0488871	0.0191739	0.279931	0.0358782	0.0238829	0.017364	0.000673038	
0.242371	0.0102954	0.00827601	0.0140294	0.0025608	0.0335206	0.0436007	0.00264074	0.00738901	0.00190163	0.01035	0.00732818	0.000239185	0.0429549	0.00612515	0.456242	0.0804427	0.0129502	0.0139428	0.00284009	
0.00580767	0.0158862	0.00680685	0.00922234	0.00888741	0.00736973	0.0204998	0.0830319	0.0928363	0.0106851	0.229528	0.00569968	0.00393572	0.16122	0.00419697	0.00937944	0.00319665	0.260132	0.0320705	0.0296072	
0.00373436	0.0207465	0.434458	0.265812	0.0384464	0.00127813	0.00239824	0.00667859	0.00320756	0.0282932	0.0259917	0.0366946	0.0420394	0.0162546	0.00874491	0.00452123	0.0174644	0.00207046	0.0398201	0.00134537	
0.0317505	0.0111931	0.0371322	0.0459717	0.00601194	0.0601504	0.00529582	0.110905	0.00734206	0.600093	0.0183893	0.0098941	0.00046106	0.00463344	0.00219948	0.00300465	0.00347525	0.0100436	0.00695347	0.0250995	
0.00318024	0.00604974	0.00471998	0.0100844	0.00207167	0.0033028	0.0137331	0.0976786	0.0077844	0.35833	0.0134329	0.0291627	0.000475141	0.00563954	0.00944302	0.00226164	0.0100734	0.288489	0.0433603	0.0907284	
0.0103513	0.0267985	0.0202012	0.432492	0.0373959	0.00445815	0.177927	0.0240426	0.00271751	0.0244555	0.0295906	0.0643812	0.00426681	0.0192022	0.00923565	0.0283112	0.0453757	0.00587342	0.0248742	0.00804885	
0.0152662	0.00805477	0.310284	0.0136125	0.0173945	0.0158233	0.0199538	0.00330557	0.0798666	0.0148496	0.0133474	0.15976	0.0017655	0.00918142	0.00812054	0.0815693	0.187552	0.0145176	0.0205739	0.00520065	
0.0261788	0.00204828	0.0126935	0.257144	0.00340823	0.00998922	0.0198496	0.00146156	0.026732	0.0035142	0.00472201	0.185931	0.00764919	0.238017	0.0142135	0.12701	0.0387206	0.00644408	0.00953961	0.00473269	
0.0683046	0.0247633	0.00787426	0.00945437	0.03218	0.064222	0.408035	0.0262178	0.191503	0.00639538	0.0186773	0.0144652	0.00111418	0.0136085	0.00997915	0.0228676	0.0100164	0.0433015	0.0262522	0.000768385	
0.00358159	0.014478	0.0196824	0.245457	0.0370685	0.00752789	0.107391	0.00213987	0.00213727	0.0305376	0.0145092	0.311498	0.000989692	0.00705578	0.00666305	0.00383457	0.14317	0.00967382	0.0271425	0.00546178	
0.0285718	0.00409408	0.0139016	0.0161103	0.040619	0.342519	0.0116864	0.0109539	0.00351312	0.0121313	0.0244522	0.193128	0.23569	0.0147855	0.00117607	0.0056632	0.0128643	0.00306952	0.0112161	0.0138546	
0.0948716	0.00739944	0.0192686	0.00564352	0.00644018	0.0100572	0.0306018	0.00297423	0.140716	0.0102885	0.226122	0.00607112	0.00202996	0.0282298	0.119805	0.0646127	0.175819	0.0182821	0.0168478	0.0139189	
0.0242319	0.00104571	0.00692137	0.151142	0.193399	0.0216613	0.00727017	0.00858695	0.0134473	0.110263	0.0747126	0.0115487	0.000399988	0.00755752	0.00419153	0.001768	0.0201107	0.00944732	0.0412107	0.291085	
0.0150856	0.720815	0.0454328	0.0168418	0.00285154	0.000668413	0.0123475	0.00704985	0.00329495	0.0318826	0.0909497	0.0176155	0.00236504	0.00543666	0.000419207	0.000508887	0.0141394	0.0101373	0.00203899	0.000119659	
0.228846	0.00205734	0.0684047	0.0100736	0.00115919	0.00463089	0.0193164	0.00643863	0.133346	0.0191526	0.0105745	0.0744783	0.0946394	0.0666837	0.0649568	0.172578	0.0127537	0.00374082	0.00441529	0.00175402	
0.0175268	0.0104975	0.0214092	0.0604912	0.0147226	0.0119744	0.017447	0.101095	0.00875532	0.308858	0.0241053	0.0175776	0.00060546	0.0192135	0.0117374	0.00431416	0.154831	0.0912151	0.0209174	0.0827055	
0.0316346	0.00461625	0.188657	0.0155953	0.0140806	0.0361753	0.0164076	0.0102813	0.055503	0.13007	0.109962	0.139551	0.0301958	0.0171664	0.0441664	0.0879793	0.0329123	0.0109686	0.015611	0.00846572	
0.0172411	0.00443713	0.00929666	0.00128253	0.0216079	0.313045	0.0134354	0.0180914	0.00647111	0.276472	0.0685118	0.115498	0.00147285	0.0178731	0.00524408	0.0290275	0.0285485	0.0073507	0.0361333	0.00895896	
0.012412	0.00804652	0.0117259	0.00665861	0.0114994	0.189322	0.0586851	0.151576	0.25895	0.00650243	0.0116493	0.0265484	0.00997889	0.0188997	0.00427195	0.00446264	0.00321134	0.152612	0.0305733	0.022414	
0.271911	0.00254065	0.0388554	0.011175	0.00199738	0.00164211	0.0352662	0.00367873	0.137822	0.00985925	0.00614885	0.0434578	0.134303	0.0654625	0.0482915	0.164649	0.0127287	0.00196495	0.00667495	0.0015707	
0.00625884	0.0050357	0.0859218	0.0317165	0.0284378	0.0447328	0.00148976	0.0209676	0.0109649	0.00118102	0.0193281	0.0470089	0.59505	0.00300299	0.0171065	0.00709042	0.00436261	0.0224106	0.0312159	0.0167174	
0.0041661	0.00651673	0.00534653	0.00988594	0.00291904	0.00435138	0.0123353	0.148742	0.0065124	0.377218	0.00698035	0.026266	0.000486964	0.00565945	0.00914993	0.00169329	0.0129557	0.258194	0.0202734	0.080348	
0.0132608	0.00429543	0.124982	0.149356	0.0171975	0.0046636	0.269297	0.103406	0.0090049	0.00885534	0.0139333	0.00963302	0.00143034	0.0590494	0.00528537	0.116562	0.00440425	0.0509064	0.0321802	0.00229747	
0.0270667	0.0348193	0.0558151	0.038662	0.00297704	0.060373	0.00432442	0.0217363	0.0116466	0.622233	0.0377534	0.0291338	0.000347933	0.0036444	0.00221773	0.00220581	0.0116483	0.00531216	0.0061501	0.0219327	
0.0351363	0.00422145	0.0906638	0.00213969	0.0488854	0.379859	0.0227819	0.0118192	0.0608702	0.0237987	0.109084	0.00634343	0.0130194	0.00729569	0.0800756	0.00830776	0.0690166	0.00637272	0.00969802	0.0106111	
0.0109864	0.00609505	0.510491	0.0456269	0.0144967	0.0299738	0.0157141	0.00425161	0.0572306	0.0144634	0.0136958	0.0801347	0.00329336	0.00794586	0.00286107	0.0487734	0.102763	0.00460405	0.0247094	0.00189011	
0.0156465	0.728315	0.0461104	0.0150885	0.00279042	0.000640887	0.0109368	0.00594857	0.00328239	0.0312984	0.0919821	0.016623	0.0018335	0.00511951	0.000410219	0.000531504	0.0129297	0.00834864	0.00206173	0.000102776	
0.0124432	0.00507034	0.0194562	0.0124826	0.00879073	0.0139663	0.0232451	0.00470469	0.063674	0.00798379	0.0122745	0.0328132	0.00216998	0.0471322	0.00539269	0.371891	0.27551	0.0507286	0.0231274	0.00714295	
0.0113101	0.00063456	0.00461199	0.00512038	0.45666	0.00327959	0.0286267	0.148579	0.0041537	0.0116925	0.0293068	0.00225689	0.00204181	0.0139173	0.00267598	0.00200009	0.0221845	0.120267	0.040637	0.0900439	
0.15557	0.0243995	0.00687199	0.395939	0.0559997	0.00603299	0.0476469	0.0176342	0.00308447	0.0487699	0.0356737	0.0339693	0.00297939	0.0218207	0.027753	0.00793898	0.00952598	0.00202934	0.0434562	0.0529042	
0.148252	0.00271825	0.00335499	0.00869385	0.0389487	0.458256	0.0205826	0.0170142	0.00854073	0.039885	0.0601958	0.0872109	0.0273195	0.0340659	0.000659661	0.0142104	0.00258235	0.0033051	0.0074896	0.0167141	
0.0124924	0.000824901	0.0190271	0.0116174	0.0253832	0.00352308	0.0188507	0.0120724	0.0108794	0.0450723	0.00541645	0.0234419	0.000691696	0.00779835	0.00064147	0.00314253	0.0271784	0.0937894	0.607756	0.0704009	
0.00912185	0.011235	0.00860131	0.00870028	0.00401902	0.0057087	0.00494083	0.566487	0.00465978	0.194197	0.0127248	0.00459061	0.000262089	0.00788482	0.00828693	0.00150276	0.00141208	0.108507	0.0109157	0.0262427	
0.00566383	0.00181814	0.00700711	0.0139319	0.0138264	0.00654133	0.00983336	0.0172918	0.0136593	0.223559	0.0143371	0.0187731	0.000465511	0.0106441	0.00499833	0.00385455	0.0347775	0.150153	0.203249	0.245616	
0.00886015	0.000809891	0.00182486	0.000970926	0.0975512	0.687246	0.0134786	0.0209671	0.0036225	0.0377551	0.0448469	0.0163646	0.0130963	0.00751699	0.000180916	0.00267837	0.00461004	0.0009376	0.00188348	0.034798	
0.0707227	0.0320103	0.00306608	0.0219221	0.0416444	0.062203	0.00470273	0.00224796	0.00160238	0.0191071	0.0401597	0.568916	0.0264919	0.022747	0.0118992	0.00409247	0.00510013	0.0171682	0.0422165	0.00198031	
0.00586395	0.00412351	0.0855883	0.0307852	0.0285179	0.0420715	0.00149048	0.0213651	0.0097838	0.00128839	0.0202914	0.0446294	0.601671	0.00306183	0.0176883	0.00676433	0.0042532	0.0250902	0.0305174	0.0151544	
0.105268	0.00314653	0.00707771	0.249793	0.00754505	0.0168713	0.0507342	0.00290486	0.050568	0.0279263	0.0978632	0.012395	0.00279891	0.130612	0.0394406	0.169132	0.00735627	0.00411627	0.0101722	0.00427893	
0.0156369	0.726188	0.0463473	0.0157524	0.00269638	0.000613075	0.0111484	0.0055789	0.00377633	0.0309091	0.0915019	0.0172158	0.00173305	0.0053455	0.00043637	0.000542212	0.0130102	0.00946189	0.00196864	0.000137956	
0.0649149	0.0263913	0.438923	0.116568	0.0379399	0.0024159	0.012994	0.00643179	0.00898483	0.0296053	0.039409	0.00432094	0.0220419	0.0346384	0.0257854	0.0135689	0.0694501	0.00685666	0.03474	0.00401974	
0.0175138	0.00343721	0.121689	0.202475	0.0145937	0.00590635	0.00865368	0.089577	0.00472421	0.141558	0.143707	0.0524837	0.000580818	0.00792834	0.0247643	0.0933315	0.0480965	0.0063443	0.00506428	0.00757153	
0.0319019	0.00464527	0.0121749	0.108355	0.124382	0.0353908	0.124507	0.00689466	0.00953219	0.194716	0.0105228	0.24484	0.000575969	0.0122617	0.00436602	0.00164182	0.0367574	0.0129824	0.0171295	0.00642176	
0.0822266	0.0150847	0.0200664	0.0332927	0.0929575	0.0154376	0.00375831	0.168725	0.00490291	0.258532	0.15302	0.0066265	0.000207995	0.00425872	0.00229356	0.0165241	0.0576017	0.0410282	0.00548051	0.0179754	
0.106821	0.000203515	0.0689578	0.0694277	0.0138426	0.245116	0.00201189	0.000505828	0.0510147	0.0204426	0.000835687	0.133435	0.0265119	0.0245426	0.0356803	0.0783339	0.0713406	0.0144024	0.00143841	0.0351351	
0.0648399	0.0157227	0.39287	0.00442945	0.0137173	0.0904422	0.0195923	0.126498	0.0416872	0.00752883	0.00284915	0.0437119	0.00223431	0.018604	0.0181248	0.00872518	0.0150775	0.0806959	0.0192553	0.0133933	
0.0347416	0.00351801	0.0586346	0.0442963	0.00603211	0.00670974	0.00628653	0.00277369	0.023023	0.00125139	0.0144293	0.00840513	0.412984	0.141496	0.0718054	0.0345263	0.0999447	0.0122919	0.00928487	0.00756544	
0.0875341	0.00487712	0.0312119	0.374259	0.0143183	0.0541938	0.0439166	0.0068641	0.0147469	0.00665879	0.0278529	0.0260093	0.00107955	0.0836239	0.0113035	0.165413	0.0132849	0.00645216	0.0166876	0.00971287	
0.0249252	0.000210298	0.0297971	0.0191604	0.031964	0.00325215	0.0166396	0.0168978	0.00601886	0.00744254	0.0213555	0.0238339	0.0105629	0.0093364	0.000346567	0.00347251	0.0140523	0.0303264	0.665571	0.064835	
0.0140072	0.00920286	0.0393537	0.0717986	0.00240447	0.0437679	0.0648403	0.0199391	0.0357907	0.00274978	0.0276407	0.0825681	0.000400342	0.0525505	0.0208258	0.433872	0.0180259	0.0389581	0.018248	0.00305596	
0.0295201	0.000361901	0.00153336	0.0309914	0.0254126	0.0493969	0.000943	0.0349836	0.012056	0.0361653	0.0528766	0.00210187	0.00822263	0.0121329	0.0112052	0.00255339	0.0139636	0.0447621	0.100267	0.53055	
0.0253919	0.0146345	0.0306032	0.0320493	0.00453876	0.0268841	0.021722	0.620075	0.00562835	0.108576	0.00628079	0.00598488	0.00114879	0.0132037	0.00579609	0.00189454	0.0023822	0.0322041	0.0101495	0.0308522	
0.0164698	0.0119498	0.00710604	0.00599941	0.0293184	0.00356546	0.0292365	0.152735	0.0126502	0.00539729	0.0765568	0.00566877	0.00974771	0.0366174	0.00495129	0.00436957	0.00106436	0.477397	0.0434422	0.0657567	
0.00574275	0.0353874	0.00524655	0.505331	0.0463558	0.00303832	0.0420104	0.0208782	0.00118874	0.0379686	0.0390778	0.0517935	0.0101054	0.00832141	0.0243796	0.0170777	0.0299485	0.00392386	0.0469442	0.0652806	
0.0118949	0.0088843	0.259409	0.00797627	0.0535854	0.00524839	0.0304739	0.00283983	0.124176	0.0200145	0.0141766	0.00498719	0.047232	0.0163744	0.281638	0.0103792	0.0486499	0.0259045	0.0129318	0.013224	
0.0238085	0.00150731	0.125362	0.107664	0.00163285	0.00134033	0.00324638	0.0197707	0.00559498	0.00215945	0.00641867	0.0658261	0.491529	0.00902264	0.00782292	0.0383197	0.00959125	0.0282092	0.0204281	0.0307457	
0.0473466	0.00146662	0.0469888	0.0729024	0.00747035	0.102364	0.00995236	0.00144482	0.0256184	0.010495	0.0143888	0.292582	0.00931443	0.0744725	0.016308	0.160289	0.0689069	0.00935389	0.0131913	0.0151432	
0.366395	0.00644158	0.0197053	0.011915	0.00633909	0.0263002	0.0206124	0.0163369	0.067898	0.00413014	0.0225694	0.0653033	0.188339	0.0284112	0.0289135	0.0874797	0.00535256	0.00237263	0.0167916	0.00839377	
0.0633565	0.0196623	0.0758338	0.0640352	0.00434129	0.00151567	0.00306495	0.0171244	0.0313441	0.00118088	0.0141909	0.016473	0.446879	0.0566426	0.0407199	0.0152321	0.0483928	0.0519567	0.0105579	0.0174965	
0.01373	0.0068575	0.0277272	0.244991	0.0364814	0.00914271	0.132572	0.00460971	0.00308257	0.0353065	0.022232	0.332946	0.00278932	0.00565663	0.00423086	0.00432893	0.0592955	0.0136245	0.0269118	0.0134839	
0.0280522	0.00503729	0.0631686	0.00373289	0.0260508	0.417512	0.050499	0.0270368	0.0665961	0.0367591	0.0370564	0.00770611	0.0114438	0.0329493	0.00456433	0.112598	0.0288653	0.00700909	0.00885329	0.0245094	
0.0771192	0.0161364	0.0216133	0.0285874	0.0605796	0.00759211	0.00339736	0.160336	0.00145435	0.241895	0.215258	0.00933542	0.000249191	0.00334447	0.00227535	0.0143457	0.0634848	0.0405575	0.00646075	0.0259786	
0.0161198	0.725792	0.0470356	0.0157549	0.00288545	0.00055471	0.0110834	0.00577254	0.00342103	0.0308451	0.0932053	0.0172061	0.00161143	0.00566943	0.000374247	0.000514695	0.0119417	0.00811428	0.00200095	9.70735e-05	
0.020229	0.000163906	0.00109147	0.046205	0.15	0.0551695	0.00150316	0.0147075	0.0196174	0.011652	0.0386473	0.00211443	0.00491264	0.0124825	0.00987418	0.00466651	0.00839208	0.011256	0.0893939	0.497922	
0.00611487	0.00512924	0.0814893	0.0311256	0.0292997	0.0477607	0.00164774	0.022783	0.0113206	0.00147747	0.0204515	0.0472583	0.592019	0.00263027	0.0161874	0.00635286	0.00441198	0.0245057	0.0318418	0.0161932	
0.00741065	0.000741762	0.00165651	0.000930104	0.095959	0.69663	0.0119225	0.0214031	0.00343429	0.037052	0.043471	0.0144717	0.0114698	0.00670753	0.000250752	0.00175437	0.0052926	0.000870226	0.00206964	0.0365026	
0.030553	0.00228759	0.175216	0.156739	0.00286974	0.00155191	0.0663627	0.00884768	0.00730866	0.00660021	0.00492091	0.113415	0.0927737	0.00807515	0.00582648	0.105854	0.081928	0.0786255	0.0229057	0.0273387	
0.00860547	0.00406711	0.0250426	0.0145847	0.351626	0.0113924	0.0305602	0.0109627	0.0384717	0.16275	0.00565537	0.062695	0.00120201	0.0223056	0.0120609	0.00218367	0.0371946	0.158434	0.0190347	0.0211698	
0.0329692	0.0122497	0.190991	0.26123	0.0124992	0.0036238	0.00602645	0.0324475	0.0184313	0.0283993	0.0281397	0.157283	0.125389	0.0113366	0.00777624	0.0154846	0.00551246	0.0123372	0.0284913	0.00938254	
0.0130707	0.0187251	0.232476	0.203416	0.0347899	0.0174111	0.00595897	0.0126173	0.00506027	0.031046	0.0317164	0.239002	0.0592024	0.0209636	0.0206015	0.00511548	0.0100514	0.00738558	0.0278974	0.00349311	
0.034782	0.00187518	0.00660025	0.0950297	0.0252156	0.0144184	0.00789199	0.0203991	0.0124763	0.215892	0.0263229	0.095287	0.000790739	0.0107339	0.00883033	0.00273952	0.0389957	0.0538158	0.0526003	0.275303	
0.0123949	0.00437929	0.00429265	0.457834	0.0640253	0.0696019	0.0454846	0.0381007	0.00249948	0.0590063	0.0472264	0.03817	0.00906106	0.014669	0.00269865	0.00420195	0.0288039	0.00425403	0.0315813	0.0617145	
0.0130338	0.0132966	0.0120806	0.480375	0.0495568	0.0267245	0.0398494	0.0272214	0.00993058	0.0493268	0.0413923	0.0451351	0.00992503	0.0255161	0.00932644	0.0268434	0.0248047	0.00513575	0.0379865	0.0525396	
0.0266145	0.029047	0.0597355	0.0399346	0.00556787	0.0633495	0.00726806	0.0232517	0.011856	0.615484	0.0337234	0.0292781	0.000246638	0.00413447	0.00257027	0.00197125	0.0124527	0.00499961	0.00613415	0.0223808	
0.036691	0.00682801	0.0726011	0.00138747	0.0462621	0.0070271	0.033173	0.00227184	0.154771	0.00739128	0.00471266	0.00212816	0.0833333	0.00280938	0.447181	0.00369422	0.00457981	0.0460964	0.00405587	0.033005	
0.109571	0.00516574	0.0277952	0.137415	0.10553	0.016317	0.328306	0.00781759	0.00736461	0.0357286	0.0168212	0.0114021	0.00108221	0.0187775	0.0109907	0.132214	0.00465976	0.00457371	0.0164025	0.00206627	
0.0224082	0.00498147	0.0171904	0.0188199	0.0999835	0.0196899	0.0716165	0.00920223	0.0826079	0.273673	0.0265937	0.0395014	0.000687152	0.0910407	0.00681643	0.00529232	0.026301	0.118486	0.0424125	0.0226961	
0.00757809	0.000643051	0.00967152	0.0150281	0.442547	0.167624	0.00862405	0.103651	0.00321215	0.0735444	0.0937532	0.00379125	0.000153883	0.00363779	0.00195326	0.000910311	0.00267958	0.0290966	0.00896082	0.0229396	
0.162818	0.00859785	0.00806074	0.00229553	0.0049837	0.046368	0.0401262	0.00386119	0.0103713	0.00540444	0.00992589	0.00446772	0.000882893	0.048903	0.00170054	0.489369	0.117986	0.0149831	0.0115192	0.0073758	
0.0390084	0.00879472	0.0421566	0.00508774	0.00724574	0.167892	0.0416139	0.00761347	0.0175454	0.00671515	0.0178485	0.0570105	0.00202211	0.0471884	0.0229557	0.387856	0.0731857	0.014766	0.0193313	0.0141626	
0.17872	0.0346468	0.0370498	0.00321124	0.0302926	0.076488	0.0342932	0.141184	0.0206257	0.0110821	0.00652829	0.0158272	0.00274698	0.032687	0.00522987	0.026474	0.032256	0.264299	0.0214321	0.0249257	
0.105672	0.000281426	0.0755985	0.0680619	0.0131763	0.233878	0.0021957	0.00311471	0.0515313	0.0232219	0.00194563	0.134211	0.0253596	0.0235683	0.0375353	0.0804618	0.0700719	0.0148418	0.0016052	0.0336672	
0.0568509	0.00274001	0.0429718	0.168039	0.0135646	0.0105549	0.174227	0.00549104	0.0343001	0.0287765	0.0306506	0.0241738	0.000753582	0.0618324	0.0417053	0.254655	0.0234363	0.0101535	0.0126592	0.00246484	
0.0104849	0.000148367	0.00109502	0.00289394	0.491129	0.00161444	0.0192762	0.0883024	0.00536345	0.0146148	0.0234764	0.00177676	0.0034194	0.00677292	0.00162738	0.00237091	0.00782754	0.100434	0.040135	0.177237	
0.0475715	0.00496079	0.0164449	0.366914	0.0194409	0.00579114	0.0196439	0.0034333	0.0615558	0.0153552	0.0345812	0.0131026	0.00464249	0.133646	0.0142908	0.189953	0.011684	0.00564804	0.0119961	0.0193445	
0.0376528	0.00754043	0.0693301	0.00181818	0.0441304	0.00662873	0.0295261	0.00230545	0.147057	0.00718653	0.00533732	0.00210215	0.0918404	0.00316862	0.456902	0.00308766	0.00436177	0.0432363	0.00414856	0.0326396	
0.00586126	0.00288039	0.0119673	0.0126983	0.377368	0.00827356	0.0415162	0.16069	0.00626861	0.0064403	0.0100449	0.0110843	0.0020833	0.0270186	0.00560623	0.00276013	0.110291	0.131918	0.0400297	0.025199	
0.0380784	0.00655143	0.00480986	0.35139	0.021129	0.00620733	0.0264801	0.0100469	0.0387108	0.0637423	0.032256	0.01807	0.00503013	0.15643	0.0618669	0.0816554	0.0133556	0.00667945	0.0320224	0.0254876	
0.0963006	0.00993864	0.00689242	0.0184747	0.0737163	0.0487375	0.0059565	0.200589	0.00793129	0.170288	0.201209	0.00442192	0.00074073	0.00655173	0.00236783	0.00587946	0.0197456	0.0295375	0.0371264	0.0535946	
0.00935125	0.000861716	0.00953955	0.0171428	0.410806	0.251749	0.00637057	0.0923932	0.00415335	0.0562699	0.097808	0.00246906	0.000179295	0.00388157	0.00169135	0.000627438	0.00116522	0.0123612	0.00957769	0.0116016	
0.0172628	0.00616701	0.0938665	0.040368	0.0161808	0.022547	0.00249429	0.00411531	0.0133772	0.00142927	0.0197075	0.0174503	0.558971	0.028674	0.0278621	0.0137687	0.071055	0.01402	0.0160473	0.0146355	
0.259794	0.00173186	0.0469168	0.0083872	0.000971033	0.000553193	0.0221695	0.00179517	0.142738	0.0110984	0.00349047	0.0547828	0.12026	0.0792391	0.0553764	0.17468	0.0104671	0.00105816	0.00312585	0.00136578	
0.0208048	0.00105731	0.142599	0.0679395	0.00215923	0.000897785	0.00233186	0.0104107	0.00383013	0.00159313	0.0139817	0.0443441	0.536571	0.0138191	0.014809	0.0309381	0.0187262	0.0222065	0.0178961	0.0330846	
0.0176402	0.00344526	0.114405	0.0233846	0.00528007	0.0604144	0.0719885	0.00275881	0.060563	0.00809222	0.0122754	0.0520773	0.00164847	0.037086	0.0239862	0.3352	0.143265	0.0066079	0.0160113	0.00387015	
0.00636926	0.00373994	0.0229298	0.0466492	0.00220737	0.0602474	0.0352076	0.028679	0.140451	0.0035156	0.00888917	0.0472994	0.0016272	0.12821	0.0657576	0.128657	0.0912135	0.0321338	0.140309	0.00590687	
0.0390483	0.000581403	0.0414926	0.00581229	0.0396933	0.0263041	0.0256597	0.0218148	0.0131084	0.00557135	0.0306325	0.0451408	0.0126152	0.0167351	0.000542299	0.00752265	0.0250911	0.02311	0.557718	0.0618058	
0.122817	0.0051229	0.02808	0.0304017	0.00963382	0.182215	0.00822208	0.001683	0.0265847	0.00666622	0.0146595	0.0459294	0.179969	0.0320592	0.085065	0.054875	0.132958	0.00741834	0.00812429	0.0175157	
0.0241444	0.00896568	0.0893321	0.0121235	0.0206044	0.133559	0.0112147	0.00476034	0.0314365	0.0160887	0.0480347	0.356789	0.0104141	0.108607	0.00568061	0.0196624	0.0203313	0.0522429	0.016034	0.00997529	
0.0345032	0.0179266	0.171064	0.0718756	0.021648	0.00344153	0.256152	0.0160179	0.00416999	0.00615978	0.0170338	0.0508592	0.00346112	0.00846665	0.00309947	0.0345832	0.0273049	0.203504	0.0438598	0.00486869	
0.0237864	0.00568482	0.133451	0.183715	0.00560931	0.00636653	0.0623802	0.00425652	0.0102824	0.0235565	0.00284236	0.0590109	0.000502927	0.0170194	0.00786798	0.122741	0.145744	0.103067	0.0256036	0.0565132	
0.104762	0.000290126	0.0702905	0.067519	0.0156567	0.236056	0.00250742	0.000641977	0.0496089	0.0250462	0.00156383	0.132144	0.0253666	0.0244695	0.0361992	0.0789111	0.0741014	0.0137381	0.0027491	0.0383791	
0.0840973	0.0045716	0.197047	0.0213573	0.00586843	0.0133769	0.0534608	0.00287714	0.04173	0.00840131	0.0205051	0.0367517	0.00176922	0.0290725	0.0475978	0.264988	0.139851	0.00801674	0.0140958	0.00456394	
0.00709761	0.000606483	0.00119592	0.00102118	0.095375	0.700143	0.0110027	0.0207909	0.00332544	0.0394904	0.0438212	0.014631	0.0128644	0.00564962	0.000176934	0.0011711	0.00414791	0.000746514	0.00207942	0.0346631	
0.0539757	0.0161886	0.00427593	0.00633728	0.0163534	0.0923195	0.0435984	0.00272214	0.0257897	0.00610553	0.00421216	0.0274655	0.00390661	0.0464236	0.0104594	0.0120962	0.224684	0.325316	0.0478303	0.0299398	
0.0081796	0.00546164	0.0297284	0.0325828	0.0076868	0.00878616	0.0408063	0.00367088	0.0201589	0.00484529	0.00432166	0.0102448	0.00107411	0.0552519	0.00487058	0.365368	0.305534	0.0602062	0.0215717	0.00965008	
0.262252	0.00172792	0.0450548	0.00851981	0.000739343	0.000519589	0.0224649	0.00166546	0.142244	0.0112696	0.00349627	0.0540909	0.121135	0.0794522	0.0552854	0.175187	0.0101344	0.00107422	0.00269151	0.000995653	
0.43624	0.00733739	0.00400037	0.0043631	0.0057592	0.082916	0.0390603	0.0111528	0.0243833	0.00925971	0.0279205	0.0332055	0.00589783	0.050488	0.0134132	0.217539	0.00201015	0.00306024	0.0148738	0.00711922	
0.0155256	0.723845	0.0475066	0.0162554	0.00262716	0.000546102	0.0105066	0.00598018	0.0033602	0.0326561	0.0923028	0.0169616	0.0020227	0.00537035	0.00041302	0.000539453	0.0129185	0.00839094	0.00217766	9.44573e-05	
0.262425	0.00172132	0.0449255	0.00849094	0.000732297	0.000527978	0.0224599	0.0016537	0.14197	0.0113085	0.00351068	0.0540228	0.121583	0.0794629	0.0552149	0.175037	0.0100897	0.00106515	0.00274343	0.0010552	
0.00905742	0.00212919	0.168906	0.0132281	0.0918307	0.00838918	0.139341	0.0093211	0.0381268	0.00327008	0.0204088	0.00238553	0.00225134	0.0142072	0.0152349	0.0765242	0.0170583	0.13197	0.0289066	0.207454	
0.106821	0.000203515	0.0689578	0.0694277	0.0138426	0.245116	0.00201189	0.000505828	0.0510147	0.0204426	0.000835687	0.133435	0.0265119	0.0245426	0.0356803	0.0783339	0.0713406	0.0144024	0.00143841	0.0351351	
0.0562324	0.00371296	0.0103814	0.00180081	0.0250718	0.399909	0.0412816	0.0807173	0.0158534	0.075106	0.0476797	0.00537428	0.00532772	0.0343754	0.0087178	0.123179	0.022696	0.0069953	0.0117445	0.0238441	
0.106894	0.000203397	0.0684545	0.0693438	0.0146962	0.245276	0.00197042	0.000527189	0.0509818	0.0209725	0.000954721	0.132708	0.0263402	0.0244237	0.0359026	0.0779168	0.0711559	0.0143157	0.00150314	0.0354591	
0.21428	0.0022358	0.0454726	0.0150696	0.002513	0.00109661	0.0186492	0.00273688	0.12459	0.00988067	0.0114273	0.0664737	0.135565	0.0950955	0.0474679	0.1772	0.0137676	0.00461984	0.0064523	0.00540617	
0.0599551	0.0243078	0.0262289	0.0431534	0.00442879	0.0199297	0.0477455	0.0101349	0.028271	0.00319948	0.0151368	0.0100592	0.000789262	0.0570236	0.00781723	0.516823	0.0666428	0.0342979	0.0183839	0.0056713	
0.0259526	0.00068912	0.0616687	0.0441008	0.552916	0.0554259	0.0273976	0.00152038	0.021401	0.000454145	0.0202198	0.0521322	0.0215973	0.0237207	0.0281116	0.000706826	0.0151858	0.00180834	0.0429559	0.00203519	
0.0192183	0.000206513	0.00151646	0.0340945	0.244186	0.0477003	0.00251565	0.0103441	0.0301752	0.00456736	0.0232104	0.00253275	0.0059322	0.015079	0.0135377	0.00609173	0.00734355	0.00813238	0.0607071	0.462908	
0.0478775	0.00696468	0.073981	0.00515777	0.052364	0.00283662	0.0233793	0.0034257	0.0961981	0.00963226	0.00624958	0.0115338	0.0804806	0.00354268	0.486126	0.00282081	0.00676156	0.0395574	0.00513575	0.0359746	
0.0277659	0.00241191	0.00309949	0.0861654	0.00707619	0.00515421	0.0299486	0.00252928	0.00452258	0.00656115	0.0332403	0.428933	0.00287804	0.094548	0.00322358	0.197925	0.0262353	0.0156978	0.0184166	0.00366754	
0.0151857	0.0646018	0.0160292	0.0155212	0.00965052	0.0226218	0.0130437	0.0600353	0.00701292	0.256205	0.336534	0.022205	0.00062688	0.00911519	0.00344169	0.00419926	0.00531287	0.0987196	0.00812054	0.0318179	
0.00531546	0.00765372	0.00676148	0.0115679	0.00906185	0.00384477	0.0260725	0.111379	0.00690356	0.153605	0.0238571	0.130766	0.000940008	0.0168151	0.0677414	0.00397857	0.00694921	0.351835	0.0139741	0.0409783	
0.0256621	0.000287886	0.0306918	0.0184394	0.0337215	0.00310824	0.0166655	0.0169225	0.00515228	0.00748511	0.0206001	0.0239324	0.0111833	0.00846192	0.000309464	0.00354903	0.0140687	0.0300106	0.666673	0.063075	
0.0457159	0.00593104	0.0403135	0.0583802	0.17855	0.0586655	0.0232306	0.110514	0.0118645	0.305945	0.0389258	0.0453486	0.000607227	0.00806684	0.00352365	0.00660248	0.0145119	0.0131255	0.0137947	0.0163819	
0.00356611	0.00947743	0.0178605	0.012249	0.126902	0.00667838	0.0454865	0.154154	0.00584237	0.00811575	0.00330623	0.0139779	0.00159432	0.0325647	0.00579157	0.0202836	0.224148	0.251558	0.0358323	0.0206111	
0.147336	0.0167961	0.0113099	0.0312182	0.0216224	0.111196	0.135773	0.0322589	0.226435	0.034337	0.0278666	0.00647943	0.00381476	0.0728235	0.00388004	0.0323759	0.0104189	0.0489993	0.0225686	0.00248981	
0.132278	0.00656209	0.0195674	0.0132462	0.0293433	0.00426926	0.0119837	0.0138094	0.275886	0.0153215	0.00698722	0.0474242	0.0354254	0.164612	0.0912312	0.0591947	0.021558	0.0228591	0.00913685	0.0193044	
0.101155	0.000379206	0.0706151	0.0691522	0.012866	0.235147	0.00224477	0.00123999	0.0538263	0.0191992	0.00111147	0.13899	0.0250177	0.0258671	0.0342205	0.0845896	0.0713031	0.014467	0.00593189	0.0326775	
0.106012	0.000474699	0.0796502	0.0660028	0.0143752	0.23866	0.00253681	0.00111734	0.0473679	0.0187811	0.00523015	0.140326	0.0307517	0.0250514	0.032538	0.0770386	0.0663012	0.013483	0.00206297	0.0322388	
0.106821	0.000203515	0.0689578	0.0694277	0.0138426	0.245116	0.00201189	0.000505828	0.0510147	0.0204426	0.000835687	0.133435	0.0265119	0.0245426	0.0356803	0.0783339	0.0713406	0.0144024	0.00143841	0.0351351	
0.0273852	0.000256456	0.00118325	0.0330563	0.0252867	0.0490279	0.000825746	0.0354509	0.0107935	0.0367248	0.0511823	0.00186891	0.00822278	0.0117129	0.0108106	0.00237514	0.013404	0.0459736	0.106336	0.528124	
0.0136389	0.00170272	0.157558	0.0596677	0.00259765	0.00240553	0.0014131	0.0111108	0.00553617	0.00127976	0.0142917	0.0351506	0.58017	0.0104808	0.0136519	0.0218796	0.0131667	0.014652	0.0216311	0.0180149	
0.00421418	0.00696429	0.00750105	0.00882109	0.252335	0.00665518	0.0340411	0.0534398	0.0520114	0.0400406	0.00730365	0.0764477	0.00206885	0.0204101	0.00567119	0.00447039	0.121583	0.240744	0.0405881	0.0146904	
0.110185	0.0107338	0.00936724	0.0206503	0.0164736	0.0271235	0.0202569	0.231932	0.0295809	0.0914231	0.0220724	0.12102	0.00111499	0.130416	0.00803204	0.00384338	0.00453533	0.0974678	0.0216455	0.0221256	
0.154206	0.00164256	0.0727183	0.0447598	0.00964459	0.00985203	0.041988	0.0042827	0.165095	0.0101834	0.00578379	0.0405346	0.0764514	0.0649301	0.0725497	0.170587	0.0374757	0.00520193	0.00919381	0.00291944	
0.169702	0.00596324	0.0238205	0.00185218	0.0406437	0.298005	0.110429	0.0459187	0.0477189	0.0249473	0.0171649	0.0687419	0.00762918	0.00644027	0.0738375	0.00496246	0.0124679	0.00799256	0.00761477	0.0241474	
0.0322744	0.0034273	0.127866	0.0334705	0.0029707	0.111728	0.101024	0.00277817	0.0296551	0.00303688	0.00996222	0.0242044	0.000608684	0.0824652	0.0108147	0.207031	0.166848	0.0181046	0.0207947	0.0109351	
0.02163	0.000137813	0.00102681	0.0430876	0.149569	0.0584991	0.00192556	0.0114029	0.0204746	0.00867415	0.0368876	0.00206258	0.00496805	0.0121147	0.0119118	0.00487882	0.00769745	0.00783017	0.08653	0.508691	
0.0408426	0.0110849	0.00608831	0.0417641	0.0278802	0.0163947	0.064538	0.0644152	0.00614798	0.0330634	0.0141053	0.281034	0.00474781	0.029263	0.0209253	0.00572768	0.153026	0.129883	0.0357037	0.0133645	
0.0691397	0.0344595	0.00395169	0.022296	0.0421549	0.0557627	0.00451601	0.00224153	0.00170556	0.01956	0.0400881	0.572097	0.0271873	0.0230541	0.012273	0.0035468	0.00423493	0.0158937	0.0443226	0.00151466	
0.00692827	0.0231301	0.0514259	0.0929321	0.0405366	0.0166027	0.0358515	0.0021761	0.00501206	0.0315265	0.0131832	0.277731	0.00148106	0.0278173	0.0152373	0.00346652	0.291143	0.0245847	0.0324428	0.00679208	
0.0711858	0.00144246	0.0481454	0.0937803	0.0117322	0.188971	0.00571614	0.0053946	0.0799405	0.0153852	0.00160826	0.109105	0.0175441	0.0544867	0.0333163	0.101783	0.0903928	0.0204437	0.0235245	0.0261024	
0.10671	0.00020247	0.0689868	0.0694065	0.0138291	0.24516	0.00201247	0.000566892	0.0510257	0.020432	0.000861615	0.133351	0.0264853	0.0245316	0.0356692	0.0784571	0.071305	0.0144688	0.00143973	0.0350978	
0.0404982	0.00726458	0.00741959	0.131065	0.0810407	0.0836067	0.0354447	0.00360857	0.0940182	0.0123924	0.0440541	0.00577831	0.0232418	0.177545	0.16798	0.0308054	0.013368	0.00611963	0.0158506	0.0188997	
0.0117901	0.00138501	0.201233	0.0842813	0.00551632	0.00430353	0.00214443	0.00640857	0.00671016	0.00115289	0.013038	0.0374905	0.477551	0.0291617	0.0179195	0.0248038	0.0263076	0.0109063	0.0239236	0.0139727	
0.00438397	0.00871116	0.0043667	0.0104852	0.00185037	0.0051537	0.0116359	0.135211	0.0184393	0.0665176	0.331047	0.00800638	0.000440221	0.043776	0.00639877	0.00481418	0.00126827	0.259866	0.0248921	0.0527361	
0.0290567	0.0255059	0.0439817	0.0401034	0.00291273	0.0601566	0.00375272	0.0637963	0.00718204	0.63511	0.0324587	0.00998202	0.000308607	0.00321768	0.00184257	0.00168684	0.0031729	0.0071576	0.00480997	0.0238055	
0.00988572	0.000430894	0.00141571	0.00306064	0.480813	0.00179123	0.0186335	0.0914237	0.00450531	0.01294	0.0290571	0.00190132	0.00437297	0.00830084	0.00112582	0.00220251	0.00644558	0.113101	0.0374088	0.171185	
0.0381557	0.00651487	0.00724215	0.0132402	0.250657	0.0743833	0.00285134	0.16314	0.00192662	0.160279	0.181073	0.00373177	0.000201641	0.00206964	0.00164476	0.00430022	0.0213406	0.0337581	0.0133664	0.0201241	
0.0261108	0.000267496	0.0294683	0.0186728	0.033813	0.00323293	0.0183342	0.017637	0.00531065	0.00704118	0.019925	0.0228974	0.0109693	0.00896323	0.000336096	0.00342268	0.0143017	0.0313277	0.666683	0.0612851	
0.00628867	0.000597219	0.00126276	0.000940974	0.0986331	0.700149	0.0113915	0.0205367	0.00324588	0.0380726	0.0446394	0.0136301	0.011686	0.00544517	0.000245984	0.00103583	0.00444378	0.00077429	0.00131459	0.0356663	
0.0112397	0.0123538	0.00582539	0.00646215	0.0285096	0.00535321	0.0373833	0.451018	0.00902629	0.0147596	0.00700565	0.0044338	0.0209032	0.0218669	0.0054095	0.00282068	0.0012528	0.293346	0.0331882	0.0278415	
0.0509456	0.0304317	0.0104819	0.0438754	0.0374789	0.0517141	0.506019	0.0332811	0.0463484	0.00467116	0.0250295	0.017886	0.000956276	0.00272704	0.00549847	0.0208828	0.0239702	0.0508758	0.0362934	0.000632941	
