alpha_omega = 1.09161
beta_omega =     10
kappa = 2.99653
phi0A = 0.351758
phi0C = 0.148194
phi0G = 0.266372
phi1A = 0.348395
phi1C = 0.170924
phi1G = 0.216269
phi2A = 0.373717
phi2C = 0.181956
phi2G = 0.21324