beta = 1.13518
kappa = 3.06089
omega = 0.106267
phiA = 0.367498
phiC = 0.17876
phiG = 0.226088