beta = 1.38888
kappa = 3.16542
omega = 0.0988105
phiA = 0.361257
phiC = 0.174993
phiG =  0.237