beta = 1.57548
kappa = 3.41357
omega = 0.221423
phiA = 0.380645
phiC = 0.173678
phiG = 0.229899