beta = 0.033022
kappa = 3.12834
omega = 0.100077
phiA = 0.355772
phiC = 0.173418
phiG = 0.2233