beta = 1.3177
kappa = 3.07019
omega = 0.100444
phiA = 0.375559
phiC = 0.17398
phiG = 0.231194