kappa = 2.72735
omega = 0.0862918
phi0A = 0.329696
phi0C = 0.162523
phi0G = 0.263685
phi1A = 0.385068
phi1C = 0.155323
phi1G = 0.203672
phi2A = 0.3681
phi2C = 0.188055
phi2G = 0.210756