beta = 0.0195471
kappa = 3.03391
omega = 0.103971
phiA = 0.355015
phiC = 0.17348
phiG = 0.222499