beta = 1.5131
kappa = 3.39002
omega = 0.220371
phiA = 0.374777
phiC = 0.176095
phiG = 0.231815