beta = 0.0189322
kappa = 3.09396
omega = 0.100582
phiA = 0.359982
phiC = 0.16899
phiG = 0.227111