beta = 1.16831
kappa = 3.10803
omega = 0.102807
phiA = 0.373689
phiC = 0.167421
phiG = 0.240357