beta = 0.0517651
kappa = 3.18648
omega = 0.0989458
phiA = 0.345505
phiC = 0.169709
phiG = 0.232832