beta = 1.24354
kappa = 3.12874
omega = 0.099872
phiA = 0.369774
phiC = 0.17877
phiG = 0.22707