beta = 1.29332
kappa = 3.08218
omega = 0.105215
phiA = 0.373502
phiC = 0.170943
phiG = 0.236362