beta = 1.56872
kappa = 3.56464
omega = 0.220431
phiA = 0.377172
phiC = 0.17237
phiG = 0.232762