kappa = 2.78951
omega = 0.0890416
phi0A = 0.323098
phi0C = 0.167095
phi0G = 0.255961
phi1A = 0.350649
phi1C = 0.161029
phi1G = 0.209308
phi2A = 0.372713
phi2C = 0.182022
phi2G = 0.222976