beta = 1.52961
kappa = 3.41744
omega = 0.215624
phiA = 0.396195
phiC = 0.17086
phiG = 0.226299