alpha_omega = 1.10953
beta_omega =     10
kappa = 2.89161
phi0A = 0.32896
phi0C = 0.157611
phi0G = 0.25612
phi1A = 0.352624
phi1C = 0.162624
phi1G = 0.217268
phi2A = 0.37672
phi2C = 0.17444
phi2G = 0.220575