beta = 1.43616
kappa = 3.00681
omega = 0.105674
phiA = 0.36876
phiC = 0.17065
phiG = 0.23698