alpha_omega = 2.75222
beta = 1.57478
beta_omega =     10
kappa = 3.57492
phiA = 0.398202
phiC = 0.16296
phiG = 0.239146