kappa = 3.08096
omega = 0.0956243
phi0A = 0.354379
phi0C = 0.149274
phi0G = 0.258689
phi1A = 0.331728
phi1C = 0.168348
phi1G = 0.215728
phi2A = 0.372415
phi2C = 0.185784
phi2G = 0.222287