alpha_omega = 1.02665
beta = 1.51383
beta_omega =     10
kappa = 3.14805
phiA = 0.372739
phiC = 0.1794
phiG = 0.227373