beta = 1.1e-05
kappa = 3.31369
omega = 0.108045
phiA = 0.353299
phiC = 0.166801
phiG = 0.232263