beta = 1.52781
kappa = 3.66406
omega = 0.226328
phiA = 0.387023
phiC = 0.168671
phiG = 0.233284