beta = 1.53683
kappa = 3.40392
omega = 0.222264
phiA = 0.394219
phiC = 0.167302
phiG = 0.233246