alpha_omega = 2.77151
beta = 1.5529
beta_omega =     10
kappa = 3.4861
phiA = 0.394779
phiC = 0.167235
phiG = 0.233139