alpha_omega = 1.05657
beta = 1.35814
beta_omega =     10
kappa = 3.20878
phiA = 0.376422
phiC = 0.167621
phiG = 0.240957