alpha_omega = 1.04976
beta = 0.0505933
beta_omega =     10
kappa = 3.16263
phiA = 0.355008
phiC = 0.173738
phiG = 0.22283