beta = 1.54898
kappa = 3.4937
omega = 0.216586
phiA = 0.390553
phiC = 0.176801
phiG = 0.220746