alpha_omega = 1.05416
beta = 0.0445236
beta_omega =     10
kappa = 3.21745
phiA = 0.347892
phiC = 0.170794
phiG = 0.230611