beta = 0.0341874
kappa = 3.12192
omega = 0.107496
phiA = 0.34496
phiC = 0.172462
phiG = 0.23163