alpha_omega = 1.1295
beta = 1.41726
beta_omega =     10
kappa = 3.21052
phiA = 0.360901
phiC = 0.178218
phiG = 0.235993