alpha_omega = 1.00771
beta = 0.0807691
beta_omega =     10
kappa = 3.21182
phiA = 0.360026
phiC = 0.169445
phiG = 0.227782