alpha_omega = 1.04305
beta = 0.0611427
beta_omega =     10
kappa = 3.29037
phiA = 0.355778
phiC = 0.173646
phiG = 0.223598