beta = 1.53495
kappa = 3.37082
omega = 0.223582
phiA = 0.388945
phiC = 0.177169
phiG =   0.22