beta = 1.1e-05
kappa = 3.09901
omega = 0.103326
phiA = 0.35978
phiC = 0.163142
phiG = 0.236688