beta = 1.47104
kappa = 3.07578
omega = 0.10171
phiA = 0.364853
phiC = 0.176293
phiG = 0.235101