beta = 0.0140125
kappa = 3.02416
omega = 0.10624
phiA = 0.351734
phiC = 0.165586
phiG = 0.232212