alpha_omega = 1.0136
beta_omega =     10
kappa = 2.97923
phi0A = 0.357779
phi0C = 0.149129
phi0G = 0.267563
phi1A = 0.345666
phi1C = 0.165686
phi1G = 0.220418
phi2A = 0.374321
phi2C = 0.17828
phi2G = 0.222076