beta = 1.16602
kappa = 3.27784
omega = 0.106902
phiA = 0.366565
phiC = 0.171654
phiG = 0.236136