beta = 1.56937
kappa = 3.50651
omega = 0.222047
phiA = 0.39801
phiC = 0.162989
phiG = 0.239172