alpha_omega = 1.00924
beta = 1.41514
beta_omega =     10
kappa = 3.19449
phiA = 0.376966
phiC = 0.174086
phiG = 0.231513