alpha_omega = 1.08074
beta = 1.4674
beta_omega =     10
kappa = 3.40905
phiA = 0.37081
phiC = 0.172045
phiG = 0.237149