beta = 0.0152023
kappa = 3.12339
omega = 0.104115
phiA = 0.347904
phiC = 0.170559
phiG = 0.230285