beta = 1.1e-05
kappa = 3.13273
omega = 0.106227
phiA = 0.358149
phiC = 0.166116
phiG = 0.232184