alpha_omega = 1.15413
beta = 1.48989
beta_omega =     10
kappa = 3.14422
phiA = 0.369541
phiC = 0.170693
phiG = 0.237165