beta = 1.24247
kappa = 3.1105
omega = 0.107999
phiA = 0.358534
phiC = 0.177913
phiG = 0.235394