beta = 1.52731
kappa = 3.32984
omega = 0.217164
phiA = 0.38477
phiC = 0.167269
phiG = 0.23294