alpha_omega = 1.04579
beta = 0.0763756
beta_omega =     10
kappa = 3.23641
phiA = 0.358182
phiC = 0.166657
phiG = 0.233043