alpha_omega = 0.445772
beta = 0.0675596
beta_omega = 5.9827
kappa = 3.7311
phiA = 0.34364
phiC = 0.182852
phiG = 0.232052