alpha_omega = 0.609724
beta = 1.1114
beta_omega = 6.0424
kappa = 3.53652
phiA = 0.35988
phiC = 0.181375
phiG = 0.23474