beta = 1.05166
kappa = 3.30841
omega = 0.0867298
phiA = 0.359302
phiC = 0.188164
phiG = 0.234837