alpha_omega = 0.578962
beta = 1.49347
beta_omega = 5.19529
kappa = 3.58877
phiA = 0.358001
phiC = 0.181125
phiG = 0.237227