alpha_omega = 0.609556
beta = 0.113872
beta_omega = 6.00574
kappa = 3.60258
phiA = 0.34724
phiC = 0.176474
phiG = 0.232757