beta = 1.21312
kappa = 3.25134
omega = 0.124806
phiA = 0.369557
phiC = 0.180442
phiG = 0.233938