beta = 0.964476
kappa = 3.25179
omega = 0.0779286
phiA = 0.353716
phiC = 0.179922
phiG = 0.235314