beta = 1.1e-05
kappa = 3.54527
omega = 0.0705517
phiA = 0.344818
phiC = 0.184479
phiG = 0.228375