beta = 1.1e-05
kappa = 3.5563
omega = 0.0694201
phiA = 0.344542
phiC = 0.184657
phiG = 0.228526