beta = 2.00247
kappa = 3.74391
omega = 0.248298
phiA = 0.381793
phiC = 0.174274
phiG = 0.227678