alpha_omega = 0.795402
beta = 1.7766
beta_omega = 6.27348
kappa = 4.00445
phiA = 0.367679
phiC = 0.188057
phiG = 0.230644