alpha_omega = 0.586612
beta = 0.134204
beta_omega = 5.2921
kappa = 3.73628
phiA = 0.349625
phiC = 0.172168
phiG = 0.233018