beta = 1.07907
kappa = 3.57988
omega = 0.0993206
phiA = 0.361115
phiC = 0.190526
phiG = 0.231117