alpha_omega = 0.445528
beta_omega = 7.08437
kappa = 3.38951
phi0A = 0.339893
phi0C = 0.152562
phi0G = 0.274883
phi1A = 0.356756
phi1C = 0.17913
phi1G = 0.214591
phi2A = 0.333333
phi2C = 0.219685
phi2G = 0.204453