beta = 0.754736
kappa = 3.68948
omega = 0.110685
phiA = 0.356243
phiC = 0.175072
phiG = 0.233411