beta = 1.8192
kappa = 3.56203
omega = 0.120339
phiA = 0.36843
phiC = 0.188086
phiG = 0.230311