alpha_omega = 1.43943
beta = 1.29096
beta_omega = 9.26664
kappa = 3.58362
phiA = 0.375299
phiC = 0.175711
phiG = 0.233424