beta = 0.0572278
kappa = 3.29207
omega = 0.0776841
phiA = 0.347125
phiC = 0.17607
phiG = 0.232185