alpha_omega = 0.800768
beta = 1.65356
beta_omega = 6.55644
kappa = 3.99316
phiA = 0.356564
phiC = 0.187816
phiG = 0.234171