alpha_omega = 0.585634
beta = 0.104881
beta_omega = 5.39067
kappa = 3.67389
phiA = 0.35026
phiC = 0.172623
phiG = 0.232268