alpha_omega = 0.366566
beta = 0.0284146
beta_omega = 4.55566
kappa = 4.00506
phiA = 0.344498
phiC = 0.184852
phiG = 0.228793