alpha_omega = 0.803048
beta = 1.13043
beta_omega = 6.48671
kappa = 3.67537
phiA = 0.356968
phiC = 0.175214
phiG = 0.235927