beta = 0.774559
kappa = 3.24784
omega = 0.0616697
phiA = 0.348527
phiC = 0.186436
phiG = 0.234285