alpha_omega = 0.651287
beta_omega = 7.85191
kappa = 3.23101
phi0A = 0.334354
phi0C = 0.141902
phi0G = 0.280892
phi1A = 0.36735
phi1C = 0.179126
phi1G = 0.207667
phi2A = 0.340815
phi2C = 0.205955
phi2G = 0.206026