beta = 1.07696
kappa = 3.60418
omega = 0.0966243
phiA = 0.360723
phiC = 0.190736
phiG = 0.231299