beta = 0.771343
kappa = 3.56578
omega = 0.0688811
phiA = 0.349145
phiC = 0.188687
phiG = 0.231323