beta = 0.951723
kappa = 3.55681
omega = 0.0691743
phiA = 0.34687
phiC = 0.188391
phiG = 0.232705