beta = 2.08136
kappa = 3.87852
omega = 0.162231
phiA = 0.362915
phiC = 0.191136
phiG = 0.228294