beta = 0.0452334
kappa = 3.33374
omega = 0.0842286
phiA = 0.350421
phiC = 0.172574
phiG = 0.231862