beta = 0.738833
kappa = 3.24375
omega = 0.0789245
phiA = 0.3546
phiC = 0.180017
phiG = 0.2339