alpha_omega = 1.47185
beta = 1.69942
beta_omega = 9.43658
kappa = 3.72966
phiA = 0.370934
phiC = 0.179643
phiG = 0.231561