beta = 0.594607
kappa = 3.25422
omega = 0.0611685
phiA = 0.349281
phiC = 0.18649
phiG = 0.233114