beta = 0.0514717
kappa = 3.31982
omega = 0.0850917
phiA = 0.350338
phiC = 0.172418
phiG = 0.231813