alpha_omega = 0.445519
beta = 0.0205432
beta_omega = 6.19951
kappa = 3.76973
phiA = 0.343787
phiC = 0.182718
phiG = 0.231692