beta = 0.0418977
kappa = 3.69839
omega = 0.112357
phiA = 0.351014
phiC = 0.172074
phiG = 0.230862