alpha_omega = 1.45117
beta = 1.71746
beta_omega = 8.82163
kappa = 3.6815
phiA = 0.375585
phiC = 0.175065
phiG = 0.231066