alpha_omega = 0.509335
beta_omega = 3.92461
kappa = 3.48632
phi0A = 0.321813
phi0C = 0.13847
phi0G = 0.282835
phi1A = 0.380643
phi1C = 0.183945
phi1G = 0.195526
phi2A = 0.355126
phi2C = 0.191765
phi2G = 0.209614