beta = 0.0317362
kappa = 3.24409
omega = 0.0764615
phiA = 0.34797
phiC = 0.176284
phiG = 0.231752