beta = 1.0517
kappa = 3.32529
omega = 0.0861198
phiA = 0.359072
phiC = 0.188313
phiG = 0.234956