beta = 0.776096
kappa = 3.54276
omega = 0.0699531
phiA = 0.349467
phiC = 0.188515
phiG = 0.231192