beta = 1.21952
kappa = 3.37617
omega = 0.0878904
phiA = 0.353539
phiC = 0.175011
phiG = 0.237199