beta = 0.554922
kappa = 3.65373
omega = 0.112535
phiA = 0.356601
phiC = 0.175068
phiG = 0.232224