beta = 0.026715
kappa = 3.67878
omega = 0.113325
phiA = 0.351082
phiC = 0.172122
phiG = 0.230791