beta = 1.01491
kappa = 3.33042
omega = 0.0834219
phiA = 0.357584
phiC = 0.176145
phiG = 0.235236