beta = 1.32884
kappa = 3.30829
omega = 0.149389
phiA = 0.376559
phiC = 0.175626
phiG = 0.233161