beta = 0.976691
kappa = 3.26783
omega = 0.0606218
phiA = 0.34609
phiC = 0.186354
phiG = 0.235871