kappa = 3.13644
omega = 0.0612252
phi0A = 0.344883
phi0C = 0.149206
phi0G = 0.270103
phi1A = 0.360386
phi1C = 0.176095
phi1G = 0.213281
phi2A = 0.327454
phi2C = 0.231932
phi2G = 0.201445