beta = 0.0134319
kappa = 3.26953
omega = 0.0610567
phiA = 0.343609
phiC = 0.182737
phiG = 0.231707