alpha_omega = 0.705469
beta = 2.07345
beta_omega = 4.10448
kappa = 4.32596
phiA = 0.373544
phiC = 0.190933
phiG = 0.224123