alpha_omega = 0.583522
beta_omega = 6.00174
kappa = 3.24059
phi0A = 0.330896
phi0C = 0.136667
phi0G = 0.284552
phi1A = 0.37283
phi1C = 0.179718
phi1G = 0.20397
phi2A = 0.346905
phi2C = 0.198991
phi2G = 0.204358