beta = 0.942867
kappa = 3.53238
omega = 0.0704304
phiA = 0.347139
phiC = 0.18817
phiG = 0.232518