beta = 1.34056
kappa = 3.37721
omega = 0.157858
phiA = 0.375835
phiC = 0.174765
phiG = 0.233545