beta = 2.06499
kappa = 3.82348
omega = 0.155855
phiA = 0.373426
phiC = 0.190922
phiG = 0.224195