alpha_omega = 0.426815
beta = 0.0547326
beta_omega = 5.94593
kappa = 3.80423
phiA = 0.343563
phiC = 0.183007
phiG = 0.232095