alpha_omega = 0.606861
beta = 1.79498
beta_omega = 5.90169
kappa = 3.52687
phiA = 0.353569
phiC = 0.181072
phiG = 0.239133