alpha_omega = 0.584094
beta = 0.0964923
beta_omega = 5.32584
kappa = 3.68453
phiA = 0.350469
phiC = 0.17296
phiG = 0.23241