kappa = 2.94417
omega = 0.0536994
phi0A = 0.339893
phi0C = 0.152562
phi0G = 0.274883
phi1A = 0.356756
phi1C = 0.17913
phi1G = 0.214591
phi2A = 0.333333
phi2C = 0.219685
phi2G = 0.204453