beta = 0.0554039
kappa = 3.23014
omega = 0.076164
phiA = 0.347875
phiC = 0.17625
phiG = 0.231886