alpha_omega = 0.360639
beta = 1.44197
beta_omega = 4.34688
kappa = 3.98229
phiA = 0.348507
phiC = 0.189636
phiG = 0.234573