beta = 1.22838
kappa = 3.72355
omega = 0.154591
phiA = 0.359147
phiC = 0.174949
phiG = 0.234726