beta = 1.4483
kappa = 3.3799
omega = 0.119648
phiA = 0.357933
phiC = 0.179623
phiG = 0.235284