beta = 0.02529
kappa = 3.54075
omega = 0.0706735
phiA = 0.34474
phiC = 0.184609
phiG = 0.228592