beta = 0.770211
kappa = 3.36879
omega = 0.0876608
phiA = 0.357514
phiC = 0.175469
phiG = 0.234166