alpha_omega = 0.45498
beta_omega = 7.1687
kappa = 3.36838
phi0A = 0.339848
phi0C = 0.152542
phi0G = 0.274746
phi1A = 0.356951
phi1C = 0.178905
phi1G = 0.214604
phi2A = 0.333816
phi2C = 0.219505
phi2G = 0.204232