beta = 1.77077
kappa = 3.49659
omega = 0.144984
phiA = 0.37231
phiC = 0.178637
phiG = 0.231545