alpha_omega = 0.575352
beta = 1.33921
beta_omega = 5.09641
kappa = 3.70079
phiA = 0.359395
phiC = 0.17606
phiG = 0.236853