beta = 0.00844031
kappa = 3.53497
omega = 0.0707065
phiA = 0.344804
phiC = 0.184537
phiG = 0.228454