beta = 0.0298725
kappa = 3.2679
omega = 0.0776701
phiA = 0.347226
phiC = 0.176079
phiG = 0.232015