beta = 1.1e-05
kappa = 3.25043
omega = 0.0618737
phiA = 0.343827
phiC = 0.182521
phiG = 0.231471