alpha_omega = 0.991537
beta = 1.11084
beta_omega = 7.5965
kappa = 3.60508
phiA = 0.366288
phiC = 0.180519
phiG = 0.234559