beta = 1.76758
kappa = 3.36268
omega = 0.144878
phiA = 0.373259
phiC = 0.179777
phiG = 0.2307