alpha_omega = 0.627986
beta_omega = 7.24193
kappa = 3.14127
phi0A = 0.335024
phi0C = 0.143724
phi0G = 0.280222
phi1A = 0.368134
phi1C = 0.178639
phi1G = 0.207014
phi2A = 0.341607
phi2C = 0.207621
phi2G = 0.205262