alpha_omega = 0.428203
beta = 1.59118
beta_omega = 5.70693
kappa = 3.74125
phiA = 0.348033
phiC = 0.187895
phiG = 0.238283