alpha_omega = 0.365081
beta = 0.0510547
beta_omega = 4.5616
kappa = 4.00914
phiA = 0.344392
phiC = 0.184918
phiG = 0.228962