beta = 0.00853201
kappa = 3.24765
omega = 0.061534
phiA = 0.343813
phiC = 0.182578
phiG = 0.231553