alpha_omega = 0.383075
beta_omega = 5.14305
kappa = 3.5028
phi0A = 0.344818
phi0C = 0.149178
phi0G = 0.26991
phi1A = 0.36066
phi1C = 0.175779
phi1G = 0.2133
phi2A = 0.328137
phi2C = 0.231676
phi2G = 0.201134