beta = 0.78042
kappa = 3.27324
omega = 0.0604741
phiA = 0.348362
phiC = 0.186595
phiG = 0.234411