beta = 1.43361
kappa = 3.34694
omega = 0.115011
phiA = 0.358601
phiC = 0.179795
phiG = 0.235027