beta = 0.0653708
kappa =  3.289
omega = 0.0784308
phiA = 0.34722
phiC = 0.176203
phiG = 0.232312