alpha_omega = 0.421447
beta = 1.31396
beta_omega = 5.68007
kappa = 3.7771
phiA = 0.352495
phiC = 0.188164
phiG = 0.236189