beta = 0.0818696
kappa = 3.39435
omega = 0.0885133
phiA = 0.349569
phiC = 0.171902
phiG = 0.23254