alpha_omega = 0.587873
beta = 0.110068
beta_omega = 5.37525
kappa = 3.71624
phiA = 0.349389
phiC = 0.171891
phiG = 0.232704