alpha_omega = 1.4551
beta = 1.68961
beta_omega = 9.39494
kappa = 3.70507
phiA = 0.371715
phiC = 0.179834
phiG = 0.231307