beta = 1.73467
kappa = 3.55858
omega = 0.118801
phiA = 0.357467
phiC = 0.188084
phiG = 0.233942