alpha_omega = 0.364385
beta = 0.895609
beta_omega = 4.43045
kappa = 3.99322
phiA = 0.353485
phiC = 0.189971
phiG = 0.230877