kappa = 2.91278
omega = 0.0730701
phi0A = 0.332183
phi0C = 0.138587
phi0G = 0.283368
phi1A = 0.374716
phi1C = 0.178463
phi1G = 0.202569
phi2A = 0.346173
phi2C = 0.200694
phi2G = 0.205873