beta = 1.78173
kappa = 3.39605
omega = 0.149993
phiA = 0.372527
phiC = 0.179583
phiG = 0.230926