beta = 1.74989
kappa = 3.36874
omega = 0.156741
phiA = 0.37625
phiC = 0.175015
phiG = 0.230813