beta = 1.00043
kappa = 3.36699
omega = 0.087785
phiA = 0.356594
phiC = 0.175334
phiG = 0.2356