alpha_omega = 0.978986
beta = 1.27963
beta_omega = 7.86592
kappa = 3.60584
phiA = 0.356224
phiC = 0.179666
phiG = 0.235581