alpha_omega = 0.357776
beta = 0.90377
beta_omega = 4.44181
kappa = 4.02258
phiA = 0.353286
phiC = 0.190199
phiG = 0.231045