alpha_omega = 0.491243
beta = 1.1096
beta_omega = 4.24841
kappa = 4.11926
phiA = 0.362031
phiC = 0.190579
phiG = 0.230917