alpha_omega = 0.365784
beta = 1.1e-05
beta_omega = 4.5603
kappa = 4.00996
phiA = 0.344542
phiC = 0.184657
phiG = 0.228526