beta = 1.78106
kappa = 3.4508
omega = 0.16727
phiA = 0.375709
phiC = 0.174115
phiG = 0.23103