beta = 1.22866
kappa = 3.4338
omega = 0.119164
phiA = 0.357427
phiC = 0.174503
phiG = 0.236106