beta = 1.1e-05
kappa = 3.27765
omega = 0.0610194
phiA = 0.343631
phiC = 0.182647
phiG = 0.231579