beta = 0.600943
kappa = 3.57291
omega = 0.0688119
phiA = 0.34999
phiC = 0.188787
phiG = 0.230184