beta = 0.589269
kappa = 3.26562
omega = 0.0608888
phiA = 0.349023
phiC = 0.186596
phiG = 0.233203