alpha_omega = 0.572761
beta = 1.04991
beta_omega =   6.02
kappa = 3.86698
phiA = 0.359251
phiC = 0.188161
phiG = 0.234846