beta = 0.0260225
kappa = 3.24281
omega = 0.0612315
phiA = 0.343748
phiC = 0.18265
phiG = 0.231697