alpha_omega = 0.82088
beta = 2.07304
beta_omega = 4.40866
kappa = 4.27367
phiA = 0.363217
phiC = 0.190883
phiG = 0.228129