beta = 0.964606
kappa = 3.24606
omega = 0.0758135
phiA = 0.354486
phiC = 0.180106
phiG = 0.235021