alpha_omega = 0.571295
beta = 1.02308
beta_omega = 5.13997
kappa = 3.66135
phiA = 0.361489
phiC = 0.176996
phiG = 0.23454