beta = 0.734874
kappa = 3.23467
omega = 0.0758689
phiA = 0.355316
phiC = 0.180189
phiG = 0.233594