kappa = 2.88912
omega = 0.0684228
phi0A = 0.334419
phi0C = 0.142853
phi0G = 0.28082
phi1A = 0.366527
phi1C = 0.179505
phi1G = 0.208119
phi2A = 0.341598
phi2C = 0.207047
phi2G = 0.204391