beta = 0.59048
kappa = 3.54051
omega = 0.0702742
phiA = 0.350169
phiC = 0.188541
phiG = 0.230007