beta = 2.08699
kappa = 3.8193
omega = 0.166178
phiA = 0.36337
phiC = 0.190903
phiG = 0.22806