beta = 0.0150455
kappa = 3.55565
omega = 0.0694209
phiA = 0.344517
phiC = 0.184761
phiG = 0.228668