beta = 2.06655
kappa = 3.82676
omega = 0.152994
phiA = 0.373056
phiC = 0.191168
phiG = 0.224382