beta = 1.24668
kappa =  3.307
omega = 0.0850009
phiA = 0.354516
phiC = 0.175835
phiG = 0.236901