beta = 1.21872
kappa = 3.2376
omega = 0.130445
phiA = 0.368816
phiC = 0.180254
phiG = 0.234227