alpha_omega = 0.619755
beta = 0.114357
beta_omega = 6.29927
kappa = 3.5478
phiA = 0.347778
phiC = 0.176495
phiG = 0.232384