beta = 0.0308737
kappa = 3.55682
omega = 0.0694096
phiA = 0.344447
phiC = 0.184816
phiG = 0.228791