beta = 1.22006
kappa = 3.37091
omega = 0.114131
phiA = 0.358276
phiC = 0.175291
phiG = 0.235711