alpha_omega = 0.584935
beta = 0.13842
beta_omega = 5.36613
kappa = 3.68504
phiA = 0.350498
phiC = 0.172943
phiG = 0.232661