beta = 0.0623781
kappa = 3.35175
omega = 0.0909213
phiA = 0.349453
phiC = 0.171711
phiG = 0.232299