alpha_omega = 0.607439
beta = 1.46812
beta_omega = 5.98095
kappa = 3.53076
phiA = 0.358567
phiC = 0.181261
phiG = 0.236836