beta = 0.0681727
kappa = 3.3578
omega = 0.0769482
phiA = 0.34719
phiC = 0.175446
phiG = 0.232763