beta = 1.13579
kappa = 3.26924
omega = 0.0791303
phiA = 0.351406
phiC = 0.179678
phiG = 0.236436