alpha_omega = 0.43081
beta = 0.0496475
beta_omega = 5.92797
kappa = 3.78162
phiA = 0.343763
phiC = 0.182848
phiG = 0.23194