beta = 1.8212
kappa = 3.55479
omega = 0.121678
phiA = 0.368203
phiC = 0.188253
phiG = 0.23043