beta = 1.18685
kappa = 3.25102
omega = 0.077927
phiA = 0.350792
phiC = 0.179626
phiG = 0.236943