beta = 0.975366
kappa = 3.65124
omega = 0.112998
phiA = 0.35427
phiC = 0.174883
phiG = 0.234891