beta = 0.973892
kappa = 3.25554
omega = 0.0613292
phiA = 0.34629
phiC = 0.186209
phiG = 0.235753