alpha_omega = 1.01572
beta = 1.1219
beta_omega = 7.75254
kappa = 3.6447
phiA = 0.365746
phiC = 0.180329
phiG = 0.234814