alpha_omega = 0.360895
beta = 1.17611
beta_omega = 4.37666
kappa = 3.99905
phiA = 0.352329
phiC = 0.189919
phiG = 0.232606