beta = 0.0479861
kappa = 3.39745
omega = 0.0889387
phiA = 0.349557
phiC = 0.171845
phiG = 0.232285