alpha_omega = 0.611503
beta = 0.0696682
beta_omega = 6.34406
kappa = 3.5864
phiA = 0.347968
phiC = 0.176597
phiG = 0.232158