alpha_omega = 1.51796
beta = 1.31846
beta_omega = 9.08469
kappa = 3.63514
phiA = 0.375111
phiC = 0.174817
phiG = 0.233698