beta = 0.0513554
kappa = 3.69659
omega = 0.111879
phiA = 0.351084
phiC = 0.172185
phiG = 0.230991