alpha_omega = 0.372837
beta = 0.0450785
beta_omega = 4.54145
kappa = 3.9743
phiA = 0.344685
phiC = 0.184709
phiG = 0.22876