beta = 0.781553
kappa = 3.3293
omega = 0.0840644
phiA = 0.358516
phiC = 0.176286
phiG = 0.233782