beta = 1.73024
kappa = 3.53816
omega = 0.119703
phiA = 0.357661
phiC = 0.187918
phiG = 0.233828