beta = 0.028958
kappa = 3.23762
omega = 0.0618279
phiA = 0.343544
phiC = 0.182791
phiG = 0.23183