alpha_omega = 0.564056
beta = 1.35738
beta_omega = 5.01054
kappa = 3.66269
phiA = 0.360429
phiC = 0.176869
phiG = 0.236492