alpha_omega = 0.427031
beta = 1.0014
beta_omega = 5.89124
kappa = 3.77711
phiA = 0.353826
phiC = 0.188225
phiG = 0.234277