beta = 0.968008
kappa = 3.34528
omega = 0.0752439
phiA = 0.353744
phiC = 0.179113
phiG = 0.235764