beta = 0.0602252
kappa = 3.23264
omega = 0.0768273
phiA = 0.347967
phiC = 0.176362
phiG = 0.23198