beta = 0.0727883
kappa = 3.31667
omega = 0.0851479
phiA = 0.35043
phiC = 0.172606
phiG = 0.232062