alpha_omega = 0.561617
beta = 1.66595
beta_omega = 4.96536
kappa = 3.65749
phiA = 0.355993
phiC = 0.176632
phiG = 0.238627