beta = 2.14712
kappa = 4.10707
omega = 0.171826
phiA = 0.364925
phiC = 0.193358
phiG = 0.225893