beta = 1.1e-05
kappa = 3.2942
omega = 0.075577
phiA = 0.347621
phiC = 0.174994
phiG = 0.23169