kappa = 3.29387
omega = 0.0632301
phi0A = 0.341816
phi0C = 0.15003
phi0G = 0.272592
phi1A = 0.361173
phi1C = 0.177636
phi1G = 0.212043
phi2A = 0.329179
phi2C = 0.233888
phi2G = 0.196732