alpha_omega = 0.646744
beta_omega = 7.72023
kappa = 3.1908
phi0A = 0.334802
phi0C = 0.141064
phi0G = 0.280636
phi1A = 0.368929
phi1C = 0.178428
phi1G = 0.207762
phi2A = 0.340031
phi2C = 0.207246
phi2G = 0.204897