beta = 1.08178
kappa = 3.38365
omega = 0.0625033
phiA = 0.346787
phiC = 0.18725
phiG = 0.235991