alpha_omega = 0.465801
beta_omega = 7.05819
kappa = 3.49238
phi0A = 0.339484
phi0C = 0.1522
phi0G = 0.2764
phi1A = 0.356551
phi1C = 0.179707
phi1G = 0.214653
phi2A = 0.333297
phi2C = 0.220795
phi2G = 0.202772