beta = 1.03385
kappa = 3.7426
omega = 0.070225
phiA = 0.347348
phiC = 0.190344
phiG = 0.231694