beta = 0.0197309
kappa = 3.36168
omega = 0.0628404
phiA = 0.34338
phiC = 0.183137
phiG = 0.231722