beta = 0.0194355
kappa = 3.36075
omega = 0.0628731
phiA = 0.343381
phiC = 0.183136
phiG = 0.23172