beta = 1.46297
kappa = 3.43286
omega = 0.118326
phiA = 0.359663
phiC = 0.178862
phiG = 0.234836