alpha_omega = 0.335256
beta = 1.64144
beta_omega = 3.95821
kappa = 4.23139
phiA = 0.349332
phiC = 0.192182
phiG = 0.233968