alpha_omega = 0.59701
beta = 1.89971
beta_omega = 7.49796
kappa = 3.77776
phiA = 0.352314
phiC = 0.183159
phiG = 0.23965