beta = 1.5079
kappa = 3.54887
omega = 0.104172
phiA = 0.357847
phiC = 0.18173
phiG = 0.235069