beta = 0.0183442
kappa = 3.74237
omega = 0.0704855
phiA = 0.344229
phiC = 0.186198
phiG = 0.227607