beta = 1.1e-05
kappa = 3.37725
omega = 0.0629247
phiA = 0.345586
phiC = 0.177381
phiG = 0.232059