beta = 1.15405
kappa = 3.35972
omega = 0.0632299
phiA = 0.34954
phiC = 0.181414
phiG = 0.236857