beta = 1.76841
kappa = 3.6813
omega = 0.124845
phiA = 0.359028
phiC = 0.188807
phiG = 0.233269