kappa = 3.02374
omega = 0.0556618
phi0A = 0.339671
phi0C = 0.143364
phi0G = 0.28061
phi1A = 0.362234
phi1C = 0.176839
phi1G = 0.214078
phi2A = 0.33426
phi2C = 0.215289
phi2G = 0.2004