beta = 1.76363
kappa = 3.69788
omega = 0.12334
phiA = 0.358957
phiC = 0.188801
phiG = 0.233291