beta = 1.09226
kappa = 3.30251
omega = 0.0768466
phiA = 0.351547
phiC = 0.178665
phiG = 0.236272