beta = 1.09461
kappa = 3.38609
omega = 0.0625353
phiA = 0.34683
phiC = 0.18729
phiG = 0.236041