beta = 1.3261
kappa = 3.47463
omega = 0.150143
phiA = 0.375639
phiC = 0.173004
phiG = 0.233647