beta = 1.1e-05
kappa = 3.35153
omega = 0.0750336
phiA = 0.347538
phiC = 0.174373
phiG = 0.231908