kappa = 2.9535
omega = 0.0656667
phi0A = 0.335407
phi0C = 0.141298
phi0G = 0.279961
phi1A = 0.366849
phi1C = 0.177666
phi1G = 0.207988
phi2A = 0.341119
phi2C = 0.206014
phi2G = 0.206082