beta = 1.54196
kappa = 3.47184
omega = 0.219225
phiA = 0.386529
phiC = 0.17187
phiG = 0.230319