alpha_omega = 0.492241
beta_omega = 4.29282
kappa = 3.28523
phi0A = 0.326007
phi0C = 0.136307
phi0G = 0.278377
phi1A = 0.382017
phi1C = 0.179763
phi1G = 0.194067
phi2A = 0.354364
phi2C = 0.190112
phi2G = 0.214605