beta = 1.1e-05
kappa = 3.51181
omega = 0.101911
phiA = 0.352738
phiC = 0.169296
phiG = 0.230126