beta = 1.19016
kappa = 3.38587
omega = 0.121047
phiA = 0.368186
phiC = 0.178877
phiG = 0.234898