beta = 0.601128
kappa = 3.4825
omega = 0.102572
phiA = 0.358826
phiC = 0.172634
phiG = 0.232095