beta = 0.778417
kappa = 3.45946
omega = 0.08352
phiA = 0.357922
phiC = 0.173737
phiG = 0.234105