beta = 1.1e-05
kappa = 3.46847
omega = 0.0841149
phiA = 0.349868
phiC = 0.169643
phiG = 0.231546