kappa = 3.01874
omega = 0.0744749
phi0A = 0.333187
phi0C = 0.134588
phi0G = 0.28231
phi1A = 0.373491
phi1C = 0.176866
phi1G = 0.203357
phi2A = 0.344662
phi2C = 0.198474
phi2G = 0.206732