beta = 0.740226
kappa = 3.31999
omega = 0.0751645
phiA = 0.354916
phiC = 0.178637
phiG = 0.234212